1.121197625000000000e+06
1.124823250000000000e+06
1.124601625000000000e+06
1.113154625000000000e+06
1.114258375000000000e+06
1.109847375000000000e+06
1.108575250000000000e+06
1.095767125000000000e+06
1.098124000000000000e+06
1.092052250000000000e+06
1.090943625000000000e+06
1.093497375000000000e+06
1.084914125000000000e+06
1.086024125000000000e+06
1.076710500000000000e+06
1.074720375000000000e+06
1.077181000000000000e+06
1.069001000000000000e+06
1.071912750000000000e+06
1.070888750000000000e+06
1.067496750000000000e+06
1.062567375000000000e+06
1.067561875000000000e+06
1.056890875000000000e+06
1.058844375000000000e+06
1.052858625000000000e+06
1.057849375000000000e+06
1.052195750000000000e+06
1.043352062500000000e+06
1.042304562500000000e+06
1.043164312500000000e+06
1.042465625000000000e+06
1.037492375000000000e+06
1.040280250000000000e+06
1.039125437500000000e+06
1.036881000000000000e+06
1.026674312500000000e+06
1.028917687500000000e+06
1.026647562500000000e+06
1.026161375000000000e+06
1.024749500000000000e+06
1.015594312500000000e+06
1.022167437500000000e+06
1.019327875000000000e+06
1.017146000000000000e+06
1.010862750000000000e+06
1.012484437500000000e+06
1.009427187500000000e+06
1.007265750000000000e+06
1.002382500000000000e+06
1.004773437500000000e+06
9.994183750000000000e+05
9.973420000000000000e+05
1.001697875000000000e+06
9.977715000000000000e+05
9.977840625000000000e+05
9.941883750000000000e+05
9.932416875000000000e+05
9.860650625000000000e+05
9.897753750000000000e+05
9.862447500000000000e+05
9.842714375000000000e+05
9.807275625000000000e+05
9.819150625000000000e+05
9.858021250000000000e+05
9.777243750000000000e+05
9.784873125000000000e+05
9.773536250000000000e+05
9.713811250000000000e+05
9.673237500000000000e+05
9.661958750000000000e+05
9.636753750000000000e+05
9.699225625000000000e+05
9.647002500000000000e+05
9.619436250000000000e+05
9.600126875000000000e+05
9.568429375000000000e+05
9.580751250000000000e+05
9.538938125000000000e+05
9.598503750000000000e+05
9.497485000000000000e+05
9.467828750000000000e+05
9.509855625000000000e+05
9.497516875000000000e+05
9.540304375000000000e+05
9.484183125000000000e+05
9.432852500000000000e+05
9.428138750000000000e+05
9.406502500000000000e+05
9.480181875000000000e+05
9.360929375000000000e+05
9.386045625000000000e+05
9.343577500000000000e+05
9.346203750000000000e+05
9.320509375000000000e+05
9.259509375000000000e+05
9.282565000000000000e+05
9.250075000000000000e+05
9.254428750000000000e+05
9.272813125000000000e+05
9.212775000000000000e+05
9.258347500000000000e+05
9.200651250000000000e+05
9.213979375000000000e+05
9.199663125000000000e+05
9.173460625000000000e+05
9.157395625000000000e+05
9.141503125000000000e+05
9.070617500000000000e+05
9.116906875000000000e+05
9.114557500000000000e+05
9.094285625000000000e+05
9.075090000000000000e+05
9.072500625000000000e+05
9.076445625000000000e+05
9.034486250000000000e+05
9.004488125000000000e+05
9.034557500000000000e+05
8.988240000000000000e+05
9.055993750000000000e+05
8.976983750000000000e+05
8.946119375000000000e+05
8.967673125000000000e+05
8.897000000000000000e+05
8.908144375000000000e+05
8.934638750000000000e+05
8.861162500000000000e+05
8.870425625000000000e+05
8.905091250000000000e+05
8.844626875000000000e+05
8.802258125000000000e+05
8.835363750000000000e+05
8.803541875000000000e+05
8.759979375000000000e+05
8.769450000000000000e+05
8.804493750000000000e+05
8.762103125000000000e+05
8.745380625000000000e+05
8.750234375000000000e+05
8.720970000000000000e+05
8.721882500000000000e+05
8.704401875000000000e+05
8.720682500000000000e+05
8.717478125000000000e+05
8.645316250000000000e+05
8.641006875000000000e+05
8.670600625000000000e+05
8.615638750000000000e+05
8.588136875000000000e+05
8.601248125000000000e+05
8.556010000000000000e+05
8.548141250000000000e+05
8.586660000000000000e+05
8.557670000000000000e+05
8.587487500000000000e+05
8.467314375000000000e+05
8.499079375000000000e+05
8.497756250000000000e+05
8.531319375000000000e+05
8.513422500000000000e+05
8.505885000000000000e+05
8.478996250000000000e+05
8.473706875000000000e+05
8.443421875000000000e+05
8.403785000000000000e+05
8.427405625000000000e+05
8.430386250000000000e+05
8.381201250000000000e+05
8.414148750000000000e+05
8.360425000000000000e+05
8.388706875000000000e+05
8.351162500000000000e+05
8.351510000000000000e+05
8.358126250000000000e+05
8.328254375000000000e+05
8.301699375000000000e+05
8.329018750000000000e+05
8.292213125000000000e+05
8.270786250000000000e+05
8.267276875000000000e+05
8.315888750000000000e+05
8.273674375000000000e+05
8.213558750000000000e+05
8.248950625000000000e+05
8.235793125000000000e+05
8.194351875000000000e+05
8.206590000000000000e+05
8.163915625000000000e+05
8.130483125000000000e+05
8.208420625000000000e+05
8.182783750000000000e+05
8.150825625000000000e+05
8.115011250000000000e+05
8.141802500000000000e+05
8.140819375000000000e+05
8.140324375000000000e+05
8.118998750000000000e+05
8.134421250000000000e+05
8.084386875000000000e+05
8.101398125000000000e+05
8.042653750000000000e+05
8.048596250000000000e+05
8.019971875000000000e+05
8.052699375000000000e+05
8.040173125000000000e+05
8.017585625000000000e+05
8.003560625000000000e+05
8.016401250000000000e+05
8.024473750000000000e+05
7.962293750000000000e+05
7.933846250000000000e+05
7.953247500000000000e+05
7.928835625000000000e+05
7.968201875000000000e+05
7.930532500000000000e+05
7.896755000000000000e+05
7.882130000000000000e+05
7.888586250000000000e+05
7.903748125000000000e+05
7.887655000000000000e+05
7.882118750000000000e+05
7.889569375000000000e+05
7.859806875000000000e+05
7.876475000000000000e+05
7.797965625000000000e+05
7.872485625000000000e+05
7.869253125000000000e+05
7.812136875000000000e+05
7.777536875000000000e+05
7.796818125000000000e+05
7.791305000000000000e+05
7.726980000000000000e+05
7.773653125000000000e+05
7.764428125000000000e+05
7.788835000000000000e+05
7.746936875000000000e+05
7.694972500000000000e+05
7.688946875000000000e+05
7.693784375000000000e+05
7.742509375000000000e+05
7.704841875000000000e+05
7.700459375000000000e+05
7.702531875000000000e+05
7.713510625000000000e+05
7.665845625000000000e+05
7.660703750000000000e+05
7.632869375000000000e+05
7.645520000000000000e+05
7.659259375000000000e+05
7.612706875000000000e+05
7.617499375000000000e+05
7.568108125000000000e+05
7.565650625000000000e+05
7.567121250000000000e+05
7.569424375000000000e+05
7.555950625000000000e+05
7.522713750000000000e+05
7.580488750000000000e+05
7.509746250000000000e+05
7.544375625000000000e+05
7.496371875000000000e+05
7.480397500000000000e+05
7.510763750000000000e+05
7.540291250000000000e+05
7.466322500000000000e+05
7.470218125000000000e+05
7.449650000000000000e+05
7.467912500000000000e+05
7.445240000000000000e+05
7.413562500000000000e+05
7.464911250000000000e+05
7.404283750000000000e+05
7.424860000000000000e+05
7.427118125000000000e+05
7.396020000000000000e+05
7.411891875000000000e+05
7.416233750000000000e+05
7.399316250000000000e+05
7.356304375000000000e+05
7.372078125000000000e+05
7.347935625000000000e+05
7.380095000000000000e+05
7.396094375000000000e+05
7.356711875000000000e+05
7.320715000000000000e+05
7.289014375000000000e+05
7.293736250000000000e+05
7.303017500000000000e+05
7.308160000000000000e+05
7.273743125000000000e+05
7.277049375000000000e+05
7.257241250000000000e+05
7.286689375000000000e+05
7.247686875000000000e+05
7.252106250000000000e+05
7.207923750000000000e+05
7.208171250000000000e+05
7.197771875000000000e+05
7.211840000000000000e+05
7.210548125000000000e+05
7.145100000000000000e+05
7.143791875000000000e+05
7.132708750000000000e+05
7.157279375000000000e+05
7.164501250000000000e+05
7.144002500000000000e+05
7.154284375000000000e+05
7.172888750000000000e+05
7.106814375000000000e+05
7.091541875000000000e+05
7.146040625000000000e+05
7.114746250000000000e+05
7.103281250000000000e+05
7.121684375000000000e+05
7.092195625000000000e+05
7.107440000000000000e+05
7.055597500000000000e+05
7.090895000000000000e+05
7.050415000000000000e+05
7.037475000000000000e+05
7.015884375000000000e+05
7.037115000000000000e+05
7.004197500000000000e+05
7.044687500000000000e+05
7.025863125000000000e+05
7.023297500000000000e+05
6.970269375000000000e+05
6.988563750000000000e+05
6.945925625000000000e+05
6.958940625000000000e+05
6.960843750000000000e+05
6.951915625000000000e+05
6.992310000000000000e+05
6.962428125000000000e+05
6.921511250000000000e+05
6.906251250000000000e+05
6.944315000000000000e+05
6.898056250000000000e+05
6.916922500000000000e+05
6.902193750000000000e+05
6.891907500000000000e+05
6.912146250000000000e+05
6.891559375000000000e+05
6.887247500000000000e+05
6.850321250000000000e+05
6.859765625000000000e+05
6.846636250000000000e+05
6.799913125000000000e+05
6.833146875000000000e+05
6.826564375000000000e+05
6.822039375000000000e+05
6.820134375000000000e+05
6.801103750000000000e+05
6.809756875000000000e+05
6.828657500000000000e+05
6.815780000000000000e+05
6.771060000000000000e+05
6.788596250000000000e+05
6.772836875000000000e+05
6.747409375000000000e+05
6.748582500000000000e+05
6.763596875000000000e+05
6.745905625000000000e+05
6.715419375000000000e+05
6.712430625000000000e+05
6.732905625000000000e+05
6.694593750000000000e+05
6.709786250000000000e+05
6.730463125000000000e+05
6.659712500000000000e+05
6.702413750000000000e+05
6.679936250000000000e+05
6.620839375000000000e+05
6.700283750000000000e+05
6.685863750000000000e+05
6.652092500000000000e+05
6.636534375000000000e+05
6.618569375000000000e+05
6.598008125000000000e+05
6.612261250000000000e+05
6.603720625000000000e+05
6.575975000000000000e+05
6.585656250000000000e+05
6.607012500000000000e+05
6.605317500000000000e+05
6.556915000000000000e+05
6.572785625000000000e+05
6.579455625000000000e+05
6.562494375000000000e+05
6.576188750000000000e+05
6.529698750000000000e+05
6.563586250000000000e+05
6.536486875000000000e+05
6.553795625000000000e+05
6.541855625000000000e+05
6.545300625000000000e+05
6.485530625000000000e+05
6.511378125000000000e+05
6.510740000000000000e+05
6.470197500000000000e+05
6.517962500000000000e+05
6.491518125000000000e+05
6.452846875000000000e+05
6.465061250000000000e+05
6.434146875000000000e+05
6.475623125000000000e+05
6.430275000000000000e+05
6.452822500000000000e+05
6.468281875000000000e+05
6.427617500000000000e+05
6.394543750000000000e+05
6.451639375000000000e+05
6.418247500000000000e+05
6.419431875000000000e+05
6.388464375000000000e+05
6.413065000000000000e+05
6.388946250000000000e+05
6.368516250000000000e+05
6.333298125000000000e+05
6.358651250000000000e+05
6.331224375000000000e+05
6.335895625000000000e+05
6.366958750000000000e+05
6.315448125000000000e+05
6.315858125000000000e+05
6.366533125000000000e+05
6.304020625000000000e+05
6.312151250000000000e+05
6.319266875000000000e+05
6.295795625000000000e+05
6.304083125000000000e+05
6.287574375000000000e+05
6.303050625000000000e+05
6.258045000000000000e+05
6.254914375000000000e+05
6.274786875000000000e+05
6.278552500000000000e+05
6.284018125000000000e+05
6.269437500000000000e+05
6.246884375000000000e+05
6.250886875000000000e+05
6.208407500000000000e+05
6.228723750000000000e+05
6.183156875000000000e+05
6.181497500000000000e+05
6.196801875000000000e+05
6.198603125000000000e+05
6.182231250000000000e+05
6.182551250000000000e+05
6.202218750000000000e+05
6.194482500000000000e+05
6.162203125000000000e+05
6.144449375000000000e+05
6.195009375000000000e+05
6.144953750000000000e+05
6.126393125000000000e+05
6.117317500000000000e+05
6.162755625000000000e+05
6.144225000000000000e+05
6.111504375000000000e+05
6.107728125000000000e+05
6.082108750000000000e+05
6.131190000000000000e+05
6.085455000000000000e+05
6.082033750000000000e+05
6.043908125000000000e+05
6.058301875000000000e+05
6.062767500000000000e+05
6.064712500000000000e+05
6.102590000000000000e+05
6.058706875000000000e+05
6.004188750000000000e+05
6.048353125000000000e+05
6.044008750000000000e+05
6.038318750000000000e+05
6.034600000000000000e+05
6.011601875000000000e+05
5.970799375000000000e+05
5.987430625000000000e+05
5.995990625000000000e+05
5.958170000000000000e+05
6.001540000000000000e+05
5.992280000000000000e+05
5.981663750000000000e+05
5.959881250000000000e+05
5.972556250000000000e+05
5.988681875000000000e+05
5.976007500000000000e+05
5.977325000000000000e+05
5.923328750000000000e+05
5.919304375000000000e+05
5.957236250000000000e+05
5.908739375000000000e+05
5.939647500000000000e+05
5.894168125000000000e+05
5.888214375000000000e+05
5.917436250000000000e+05
5.893181250000000000e+05
5.895027500000000000e+05
5.890134375000000000e+05
5.880290625000000000e+05
5.899892500000000000e+05
5.851901250000000000e+05
5.853830625000000000e+05
5.826366250000000000e+05
5.863878750000000000e+05
5.848628125000000000e+05
5.852395000000000000e+05
5.818733750000000000e+05
5.804801250000000000e+05
5.829932500000000000e+05
5.858259375000000000e+05
5.778313750000000000e+05
5.818334375000000000e+05
5.794751250000000000e+05
5.822116875000000000e+05
5.789184375000000000e+05
5.748701875000000000e+05
5.792601875000000000e+05
5.785737500000000000e+05
5.755234375000000000e+05
5.775301250000000000e+05
5.752790000000000000e+05
5.732972500000000000e+05
5.734357500000000000e+05
5.697630000000000000e+05
5.727111875000000000e+05
5.714484375000000000e+05
5.696633750000000000e+05
5.737987500000000000e+05
5.719973750000000000e+05
5.704799375000000000e+05
5.705597500000000000e+05
5.722404375000000000e+05
5.706907500000000000e+05
5.653042500000000000e+05
5.671560625000000000e+05
5.680729375000000000e+05
5.659137500000000000e+05
5.648213125000000000e+05
5.678723125000000000e+05
5.629073750000000000e+05
5.635867500000000000e+05
5.659555625000000000e+05
5.599903750000000000e+05
5.649450000000000000e+05
5.584958125000000000e+05
5.579942500000000000e+05
5.619579375000000000e+05
5.603403750000000000e+05
5.591800000000000000e+05
5.584082500000000000e+05
5.586111875000000000e+05
5.573680000000000000e+05
5.595390000000000000e+05
5.571760000000000000e+05
5.553158125000000000e+05
5.592720000000000000e+05
5.531031250000000000e+05
5.561084375000000000e+05
5.536974375000000000e+05
5.530212500000000000e+05
5.515810000000000000e+05
5.530035625000000000e+05
5.500846250000000000e+05
5.506202500000000000e+05
5.522531875000000000e+05
5.501130000000000000e+05
5.486478750000000000e+05
5.471248125000000000e+05
5.498601250000000000e+05
5.495679375000000000e+05
5.469799375000000000e+05
5.448883750000000000e+05
5.462805000000000000e+05
5.467896250000000000e+05
5.463300625000000000e+05
5.434576250000000000e+05
5.440600000000000000e+05
5.422392500000000000e+05
5.422369375000000000e+05
5.435668125000000000e+05
5.419603125000000000e+05
5.396552500000000000e+05
5.412273125000000000e+05
5.383223125000000000e+05
5.385128750000000000e+05
5.354277500000000000e+05
5.379188750000000000e+05
5.394602500000000000e+05
5.362651250000000000e+05
5.362707500000000000e+05
5.333404375000000000e+05
5.339783125000000000e+05
5.343750625000000000e+05
5.337078125000000000e+05
5.339650625000000000e+05
5.344906875000000000e+05
5.327412500000000000e+05
5.320565625000000000e+05
5.304234375000000000e+05
5.299249375000000000e+05
5.311758750000000000e+05
5.314247500000000000e+05
5.289791875000000000e+05
5.293381875000000000e+05
5.251357500000000000e+05
5.265374375000000000e+05
5.251044375000000000e+05
5.293605625000000000e+05
5.256911875000000000e+05
5.270135625000000000e+05
5.240261875000000000e+05
5.250710000000000000e+05
5.237124062500000000e+05
5.240605312500000000e+05
5.255453750000000000e+05
5.211002812500000000e+05
5.217372187500000000e+05
5.243101250000000000e+05
5.198693437500000000e+05
5.192285312500000000e+05
5.206000625000000000e+05
5.197697187500000000e+05
5.212552812500000000e+05
5.209664375000000000e+05
5.182585625000000000e+05
5.192062812500000000e+05
5.197685000000000000e+05
5.173565000000000000e+05
5.143283125000000000e+05
5.162691875000000000e+05
5.163827187500000000e+05
5.155772187500000000e+05
5.125365000000000000e+05
5.168314687500000000e+05
5.112753437500000000e+05
5.095899687500000000e+05
5.157119375000000000e+05
5.124994375000000000e+05
5.097065312500000000e+05
5.088515937500000000e+05
5.091516875000000000e+05
5.101758750000000000e+05
5.091472500000000000e+05
5.080436562500000000e+05
5.073018750000000000e+05
5.056067812500000000e+05
5.055702187500000000e+05
5.081216875000000000e+05
5.058740937500000000e+05
5.047614687500000000e+05
5.059071875000000000e+05
5.040700000000000000e+05
5.045213750000000000e+05
5.034456250000000000e+05
5.011416250000000000e+05
5.048175000000000000e+05
5.025846562500000000e+05
5.018557812500000000e+05
5.004453125000000000e+05
4.975501250000000000e+05
4.994773125000000000e+05
4.972422812500000000e+05
5.006029062500000000e+05
4.988423125000000000e+05
4.983075312500000000e+05
4.978281250000000000e+05
4.946900937500000000e+05
4.926242500000000000e+05
4.959017812500000000e+05
4.969732187500000000e+05
4.963125625000000000e+05
4.945009375000000000e+05
4.942584375000000000e+05
4.928348125000000000e+05
4.915089062500000000e+05
4.932389375000000000e+05
4.942679687500000000e+05
4.890671875000000000e+05
4.895953437500000000e+05
4.912231562500000000e+05
4.888041875000000000e+05
4.903259687500000000e+05
4.905087187500000000e+05
4.897440937500000000e+05
4.851020625000000000e+05
4.892171562500000000e+05
4.903606562500000000e+05
4.887724375000000000e+05
4.845599062500000000e+05
4.849586250000000000e+05
4.865663125000000000e+05
4.803138125000000000e+05
4.816270937500000000e+05
4.832046875000000000e+05
4.838292812500000000e+05
4.805977187500000000e+05
4.825672812500000000e+05
4.810780000000000000e+05
4.794230625000000000e+05
4.820653125000000000e+05
4.800282812500000000e+05
4.803948750000000000e+05
4.793530937500000000e+05
4.779304375000000000e+05
4.792168125000000000e+05
4.765414687500000000e+05
4.774281250000000000e+05
4.780809375000000000e+05
4.737257187500000000e+05
4.771421875000000000e+05
4.738075625000000000e+05
4.758761875000000000e+05
4.754095000000000000e+05
4.744316250000000000e+05
4.716409062500000000e+05
4.727716562500000000e+05
4.698763437500000000e+05
4.711028750000000000e+05
4.710312500000000000e+05
4.704143437500000000e+05
4.695814062500000000e+05
4.707975937500000000e+05
4.729902500000000000e+05
4.660420937500000000e+05
4.667297187500000000e+05
4.651140312500000000e+05
4.681803437500000000e+05
4.676572812500000000e+05
4.648699687500000000e+05
4.665320937500000000e+05
4.668787500000000000e+05
4.699410000000000000e+05
4.672246562500000000e+05
4.643141875000000000e+05
4.633130937500000000e+05
4.650513125000000000e+05
4.601478437500000000e+05
4.625405937500000000e+05
4.599025937500000000e+05
4.618507812500000000e+05
4.601657500000000000e+05
4.620189687500000000e+05
4.601227187500000000e+05
4.576492187500000000e+05
4.597268125000000000e+05
4.576582500000000000e+05
4.535026250000000000e+05
4.563774687500000000e+05
4.584774375000000000e+05
4.574915000000000000e+05
4.561230937500000000e+05
4.557968437500000000e+05
4.548921562500000000e+05
4.540894687500000000e+05
4.548454687500000000e+05
4.532527812500000000e+05
4.516198750000000000e+05
4.524724375000000000e+05
4.522187812500000000e+05
4.512176875000000000e+05
4.511483750000000000e+05
4.503712500000000000e+05
4.499198125000000000e+05
4.492708125000000000e+05
4.485024375000000000e+05
4.469050937500000000e+05
4.482517187500000000e+05
4.481525000000000000e+05
4.445608437500000000e+05
4.483217812500000000e+05
4.468300312500000000e+05
4.458030000000000000e+05
4.464462500000000000e+05
4.466975937500000000e+05
4.458986250000000000e+05
4.455932812500000000e+05
4.455726562500000000e+05
4.431027500000000000e+05
4.429096875000000000e+05
4.422021875000000000e+05
4.408335312500000000e+05
4.414235625000000000e+05
4.417412500000000000e+05
4.372263125000000000e+05
4.395001250000000000e+05
4.403115937500000000e+05
4.382901562500000000e+05
4.401925000000000000e+05
4.404978750000000000e+05
4.360383437500000000e+05
4.372963750000000000e+05
4.361799687500000000e+05
4.374560000000000000e+05
4.365765937500000000e+05
4.340529062500000000e+05
4.358229375000000000e+05
4.345793750000000000e+05
4.351357500000000000e+05
4.322045312500000000e+05
4.337667500000000000e+05
4.336837812500000000e+05
4.304417812500000000e+05
4.301465625000000000e+05
4.304306875000000000e+05
4.302636875000000000e+05
4.304823750000000000e+05
4.303521562500000000e+05
4.298671875000000000e+05
4.272403125000000000e+05
4.286980312500000000e+05
4.272622187500000000e+05
4.251425625000000000e+05
4.268059375000000000e+05
4.244604062500000000e+05
4.278288125000000000e+05
4.265691562500000000e+05
4.296273750000000000e+05
4.224779062500000000e+05
4.232724375000000000e+05
4.240475625000000000e+05
4.251017812500000000e+05
4.231632187500000000e+05
4.226125625000000000e+05
4.233973750000000000e+05
4.220665000000000000e+05
4.208760000000000000e+05
4.205604375000000000e+05
4.216262500000000000e+05
4.202186562500000000e+05
4.194347812500000000e+05
4.206307500000000000e+05
4.204300625000000000e+05
4.183202812500000000e+05
4.169960625000000000e+05
4.168811875000000000e+05
4.194841875000000000e+05
4.169018125000000000e+05
4.176092500000000000e+05
4.138333437500000000e+05
4.170440000000000000e+05
4.152670625000000000e+05
4.127787812500000000e+05
4.116974062500000000e+05
4.129941250000000000e+05
4.127924375000000000e+05
4.132050000000000000e+05
4.120340312500000000e+05
4.136003437500000000e+05
4.085243750000000000e+05
4.133571875000000000e+05
4.106839062500000000e+05
4.103747812500000000e+05
4.081721250000000000e+05
4.086453437500000000e+05
4.085929062500000000e+05
4.074357187500000000e+05
4.066131250000000000e+05
4.081165625000000000e+05
4.048058437500000000e+05
4.041774375000000000e+05
4.060424375000000000e+05
4.051114687500000000e+05
4.050695937500000000e+05
4.037889375000000000e+05
4.035829687500000000e+05
4.033962187500000000e+05
4.041080000000000000e+05
4.007646250000000000e+05
4.023389062500000000e+05
4.008751250000000000e+05
4.009515625000000000e+05
4.016133125000000000e+05
3.995588750000000000e+05
3.985046562500000000e+05
4.029270625000000000e+05
3.984756562500000000e+05
3.973258125000000000e+05
3.978620000000000000e+05
3.961661875000000000e+05
3.946345625000000000e+05
3.972253125000000000e+05
3.963031562500000000e+05
3.946072812500000000e+05
3.946655937500000000e+05
3.945665625000000000e+05
3.935042187500000000e+05
3.948683437500000000e+05
3.932476562500000000e+05
3.909702812500000000e+05
3.924245625000000000e+05
3.907972500000000000e+05
3.912764687500000000e+05
3.918082812500000000e+05
3.921491562500000000e+05
3.910781875000000000e+05
3.886056562500000000e+05
3.893460000000000000e+05
3.900277812500000000e+05
3.878725000000000000e+05
3.874045000000000000e+05
3.896045625000000000e+05
3.863316875000000000e+05
3.878798125000000000e+05
3.868241562500000000e+05
3.877540312500000000e+05
3.868628125000000000e+05
3.856681875000000000e+05
3.835885312500000000e+05
3.848006875000000000e+05
3.843500000000000000e+05
3.839819375000000000e+05
3.850218125000000000e+05
3.826761250000000000e+05
3.863524687500000000e+05
3.818454062500000000e+05
3.792261562500000000e+05
3.809654687500000000e+05
3.822647500000000000e+05
3.805715937500000000e+05
3.813033750000000000e+05
3.796010312500000000e+05
3.801765625000000000e+05
3.772660937500000000e+05
3.768299375000000000e+05
3.785161875000000000e+05
3.796791562500000000e+05
3.773137812500000000e+05
3.758789062500000000e+05
3.748155312500000000e+05
3.770572812500000000e+05
3.771035312500000000e+05
3.761751562500000000e+05
3.739131562500000000e+05
3.724769375000000000e+05
3.757696875000000000e+05
3.722939375000000000e+05
3.733394375000000000e+05
3.729392187500000000e+05
3.700648125000000000e+05
3.724275625000000000e+05
3.705541562500000000e+05
3.714639687500000000e+05
3.700726562500000000e+05
3.707372812500000000e+05
3.688709375000000000e+05
3.685135625000000000e+05
3.680374062500000000e+05
3.693708750000000000e+05
3.688651875000000000e+05
3.683413750000000000e+05
3.661307812500000000e+05
3.666372187500000000e+05
3.664529062500000000e+05
3.670834375000000000e+05
3.653528125000000000e+05
3.644619062500000000e+05
3.640305937500000000e+05
3.667638125000000000e+05
3.648398125000000000e+05
3.669116562500000000e+05
3.648310000000000000e+05
3.636327187500000000e+05
3.620712500000000000e+05
3.614612500000000000e+05
3.614271562500000000e+05
3.643069687500000000e+05
3.628120625000000000e+05
3.603432500000000000e+05
3.593114375000000000e+05
3.582904687500000000e+05
3.598609062500000000e+05
3.578403125000000000e+05
3.580040000000000000e+05
3.579465312500000000e+05
3.584322500000000000e+05
3.576480625000000000e+05
3.563485312500000000e+05
3.540395312500000000e+05
3.564997812500000000e+05
3.544720000000000000e+05
3.545709375000000000e+05
3.528920312500000000e+05
3.528568437500000000e+05
3.538996250000000000e+05
3.521049687500000000e+05
3.540409062500000000e+05
3.520346875000000000e+05
3.528600312500000000e+05
3.529122812500000000e+05
3.509802812500000000e+05
3.489338125000000000e+05
3.508712812500000000e+05
3.499711250000000000e+05
3.509416875000000000e+05
3.474647812500000000e+05
3.482514062500000000e+05
3.495338750000000000e+05
3.477228125000000000e+05
