2.229652250000000000e+06
2.220798000000000000e+06
2.231425250000000000e+06
2.225919000000000000e+06
2.238572500000000000e+06
2.229392000000000000e+06
2.235071250000000000e+06
2.226827000000000000e+06
2.230262000000000000e+06
2.227740250000000000e+06
2.228893750000000000e+06
2.228644500000000000e+06
2.223714000000000000e+06
2.233042750000000000e+06
2.219601500000000000e+06
2.236347750000000000e+06
2.239986250000000000e+06
2.224498750000000000e+06
2.220192500000000000e+06
2.217341500000000000e+06
2.217414750000000000e+06
2.225322750000000000e+06
2.231375250000000000e+06
2.211435750000000000e+06
2.228175000000000000e+06
2.231783000000000000e+06
2.225498500000000000e+06
2.219847250000000000e+06
2.217302250000000000e+06
2.223339500000000000e+06
2.218441250000000000e+06
2.217497000000000000e+06
2.218559000000000000e+06
2.216184500000000000e+06
2.223889000000000000e+06
2.215238750000000000e+06
2.216353000000000000e+06
2.221642750000000000e+06
2.225868500000000000e+06
2.215570500000000000e+06
2.211472750000000000e+06
2.211212000000000000e+06
2.220729250000000000e+06
2.213536750000000000e+06
2.221396250000000000e+06
2.206170000000000000e+06
2.211858500000000000e+06
2.216975750000000000e+06
2.219710250000000000e+06
2.221238500000000000e+06
2.211814000000000000e+06
2.216429500000000000e+06
2.205685500000000000e+06
2.215961250000000000e+06
2.216525000000000000e+06
2.205726250000000000e+06
2.211702500000000000e+06
2.213219750000000000e+06
2.208698250000000000e+06
2.198970750000000000e+06
2.205917500000000000e+06
2.215437250000000000e+06
2.198218500000000000e+06
2.212206250000000000e+06
2.208616750000000000e+06
2.211980000000000000e+06
2.204048750000000000e+06
2.205248750000000000e+06
2.209006000000000000e+06
2.201663000000000000e+06
2.198839250000000000e+06
2.205782500000000000e+06
2.200344250000000000e+06
2.212068750000000000e+06
2.198601250000000000e+06
2.205113750000000000e+06
2.204106750000000000e+06
2.195343750000000000e+06
2.202271750000000000e+06
2.208370750000000000e+06
2.207801750000000000e+06
2.192086500000000000e+06
2.196459500000000000e+06
2.202914000000000000e+06
2.198346000000000000e+06
2.212200500000000000e+06
2.190468750000000000e+06
2.198993750000000000e+06
2.201128000000000000e+06
2.197885750000000000e+06
2.194024250000000000e+06
2.199742000000000000e+06
2.194909750000000000e+06
2.186898750000000000e+06
2.185902500000000000e+06
2.199353000000000000e+06
2.193631250000000000e+06
2.185578000000000000e+06
2.188445250000000000e+06
2.195032500000000000e+06
2.194443500000000000e+06
2.183174250000000000e+06
2.189046250000000000e+06
2.194867000000000000e+06
2.188963500000000000e+06
2.190176500000000000e+06
2.181789000000000000e+06
2.202483500000000000e+06
2.177063500000000000e+06
2.191796250000000000e+06
2.191354750000000000e+06
2.182581250000000000e+06
2.190962250000000000e+06
2.192116750000000000e+06
2.174730500000000000e+06
2.178602000000000000e+06
2.193527250000000000e+06
2.188587250000000000e+06
2.189538750000000000e+06
2.192264250000000000e+06
2.182144750000000000e+06
2.182469750000000000e+06
2.180413000000000000e+06
2.184853500000000000e+06
2.192096500000000000e+06
2.173021250000000000e+06
2.173727250000000000e+06
2.183731250000000000e+06
2.178200750000000000e+06
2.170778500000000000e+06
2.187427750000000000e+06
2.171957750000000000e+06
2.176595500000000000e+06
2.192434500000000000e+06
2.172376250000000000e+06
2.169514750000000000e+06
2.170134250000000000e+06
2.170274000000000000e+06
2.170078250000000000e+06
2.168173750000000000e+06
2.171500750000000000e+06
2.174310250000000000e+06
2.176851500000000000e+06
2.171347250000000000e+06
2.173580000000000000e+06
2.177511000000000000e+06
2.167767750000000000e+06
2.171722000000000000e+06
2.163917250000000000e+06
2.168077000000000000e+06
2.179153750000000000e+06
2.167656000000000000e+06
2.176366000000000000e+06
2.177405250000000000e+06
2.176042250000000000e+06
2.185387750000000000e+06
2.169634000000000000e+06
2.156014000000000000e+06
2.165871750000000000e+06
2.158050500000000000e+06
2.179323500000000000e+06
2.162849500000000000e+06
2.162939250000000000e+06
2.154604750000000000e+06
2.164354000000000000e+06
2.161862750000000000e+06
2.161434500000000000e+06
2.157637750000000000e+06
2.157500250000000000e+06
2.161840500000000000e+06
2.165244000000000000e+06
2.160519000000000000e+06
2.172035000000000000e+06
2.164554250000000000e+06
2.157838500000000000e+06
2.164331750000000000e+06
2.162925250000000000e+06
2.155821500000000000e+06
2.154306500000000000e+06
2.160891250000000000e+06
2.157002000000000000e+06
2.154802000000000000e+06
2.173349250000000000e+06
2.149709000000000000e+06
2.160605000000000000e+06
2.154372000000000000e+06
2.153967250000000000e+06
2.156877000000000000e+06
2.158791250000000000e+06
2.150444750000000000e+06
2.150100500000000000e+06
2.154639750000000000e+06
2.151846500000000000e+06
2.148429000000000000e+06
2.146732250000000000e+06
2.142901500000000000e+06
2.148905500000000000e+06
2.134811000000000000e+06
2.144430500000000000e+06
2.156106500000000000e+06
2.142965000000000000e+06
2.159252750000000000e+06
2.147023750000000000e+06
2.142882000000000000e+06
2.142556250000000000e+06
2.140281250000000000e+06
2.156568250000000000e+06
2.149670000000000000e+06
2.151655500000000000e+06
2.146526500000000000e+06
2.146594000000000000e+06
2.144650000000000000e+06
2.145826500000000000e+06
2.153528250000000000e+06
2.144358500000000000e+06
2.142851000000000000e+06
2.139547000000000000e+06
2.125994250000000000e+06
2.128526250000000000e+06
2.137053250000000000e+06
2.139449250000000000e+06
2.132031750000000000e+06
2.145766750000000000e+06
2.134465750000000000e+06
2.140890000000000000e+06
2.144824000000000000e+06
2.139915750000000000e+06
2.137204250000000000e+06
2.121988000000000000e+06
2.136759500000000000e+06
2.132417750000000000e+06
2.141584250000000000e+06
2.135738750000000000e+06
2.133811500000000000e+06
2.138180000000000000e+06
2.137922500000000000e+06
2.133924250000000000e+06
2.144378250000000000e+06
2.129802000000000000e+06
2.123287250000000000e+06
2.133313750000000000e+06
2.116955250000000000e+06
2.128951500000000000e+06
2.133390750000000000e+06
2.122793500000000000e+06
2.129368250000000000e+06
2.127767250000000000e+06
2.128618250000000000e+06
2.128646750000000000e+06
2.119480750000000000e+06
2.129193000000000000e+06
2.127074750000000000e+06
2.123915250000000000e+06
2.131019500000000000e+06
2.123533000000000000e+06
2.124580750000000000e+06
2.132450000000000000e+06
2.125667750000000000e+06
2.123215250000000000e+06
2.130752250000000000e+06
2.113858750000000000e+06
2.117490250000000000e+06
2.113777750000000000e+06
2.116266750000000000e+06
2.120149000000000000e+06
2.122584500000000000e+06
2.121093750000000000e+06
2.108047250000000000e+06
2.114585750000000000e+06
2.114442250000000000e+06
2.126163500000000000e+06
2.130382750000000000e+06
2.103061500000000000e+06
2.104759500000000000e+06
2.106113250000000000e+06
2.117378750000000000e+06
2.118965750000000000e+06
2.114261750000000000e+06
2.114997000000000000e+06
2.108488250000000000e+06
2.112747250000000000e+06
2.110848750000000000e+06
2.103760000000000000e+06
2.108469500000000000e+06
2.112897250000000000e+06
2.118283250000000000e+06
2.106865000000000000e+06
2.109232000000000000e+06
2.104665000000000000e+06
2.106550250000000000e+06
2.106067500000000000e+06
2.111312750000000000e+06
2.106947000000000000e+06
2.103426250000000000e+06
2.119500250000000000e+06
2.102333000000000000e+06
2.093243000000000000e+06
2.116176250000000000e+06
2.101611500000000000e+06
2.097508250000000000e+06
2.111268750000000000e+06
2.108386750000000000e+06
2.102456500000000000e+06
2.104494500000000000e+06
2.103962500000000000e+06
2.106392000000000000e+06
2.099084250000000000e+06
2.106575750000000000e+06
2.097927250000000000e+06
2.103681000000000000e+06
2.103634500000000000e+06
2.105352250000000000e+06
2.110266750000000000e+06
2.101091250000000000e+06
2.107387000000000000e+06
2.089227875000000000e+06
2.102714750000000000e+06
2.099914750000000000e+06
2.096515000000000000e+06
2.096191125000000000e+06
2.098076750000000000e+06
2.090921000000000000e+06
2.103452000000000000e+06
2.086438375000000000e+06
2.093406750000000000e+06
2.083166125000000000e+06
2.089048250000000000e+06
2.086134625000000000e+06
2.095210250000000000e+06
2.092676625000000000e+06
2.096116875000000000e+06
2.093221375000000000e+06
2.093518625000000000e+06
2.090894375000000000e+06
2.085712000000000000e+06
2.087391500000000000e+06
2.078624750000000000e+06
2.089484250000000000e+06
2.093057625000000000e+06
2.078901375000000000e+06
2.089108125000000000e+06
2.077911875000000000e+06
2.092006000000000000e+06
2.087076875000000000e+06
2.091205750000000000e+06
2.089188375000000000e+06
2.081081500000000000e+06
2.088267375000000000e+06
2.081570750000000000e+06
2.079082125000000000e+06
2.084537125000000000e+06
2.081213750000000000e+06
2.086067750000000000e+06
2.085068125000000000e+06
2.083778000000000000e+06
2.077268625000000000e+06
2.086529625000000000e+06
2.075283750000000000e+06
2.092505750000000000e+06
2.088749375000000000e+06
2.081616750000000000e+06
2.089406250000000000e+06
2.080708625000000000e+06
2.088502375000000000e+06
2.072688500000000000e+06
2.071989625000000000e+06
2.077566625000000000e+06
2.076607125000000000e+06
2.075625000000000000e+06
2.081537625000000000e+06
2.085727375000000000e+06
2.072578250000000000e+06
2.078642125000000000e+06
2.070724250000000000e+06
2.077893250000000000e+06
2.074586750000000000e+06
2.073172625000000000e+06
2.074154625000000000e+06
2.066951875000000000e+06
2.057482750000000000e+06
2.053015500000000000e+06
2.076946125000000000e+06
2.073869125000000000e+06
2.071212500000000000e+06
2.067461125000000000e+06
2.064440625000000000e+06
2.066423125000000000e+06
2.065230500000000000e+06
2.066423750000000000e+06
2.064296250000000000e+06
2.059736250000000000e+06
2.061520000000000000e+06
2.061109000000000000e+06
2.073772500000000000e+06
2.055128875000000000e+06
2.071152250000000000e+06
2.070919875000000000e+06
2.069710625000000000e+06
2.052940625000000000e+06
2.056975375000000000e+06
2.058512375000000000e+06
2.054453875000000000e+06
2.049654125000000000e+06
2.061880125000000000e+06
2.064485125000000000e+06
2.051270625000000000e+06
2.053748500000000000e+06
2.055456750000000000e+06
2.057888375000000000e+06
2.072435500000000000e+06
2.048983250000000000e+06
2.048693000000000000e+06
2.059591625000000000e+06
2.061594750000000000e+06
2.045791375000000000e+06
2.050665625000000000e+06
2.055901875000000000e+06
2.063579500000000000e+06
2.059987125000000000e+06
2.054259750000000000e+06
2.052259875000000000e+06
2.063673125000000000e+06
2.052998500000000000e+06
2.053254625000000000e+06
2.048952625000000000e+06
2.049559000000000000e+06
2.055501500000000000e+06
2.047640500000000000e+06
2.053723125000000000e+06
2.046037250000000000e+06
2.038788250000000000e+06
2.052840625000000000e+06
2.043548500000000000e+06
2.051448250000000000e+06
2.045996750000000000e+06
2.037899250000000000e+06
2.047779000000000000e+06
2.050453125000000000e+06
2.044058750000000000e+06
2.045650250000000000e+06
2.038170125000000000e+06
2.057965375000000000e+06
2.043179500000000000e+06
2.044560750000000000e+06
2.044523125000000000e+06
2.038954250000000000e+06
2.037296625000000000e+06
2.046815250000000000e+06
2.043622750000000000e+06
2.037713375000000000e+06
2.040232625000000000e+06
2.032727500000000000e+06
2.037420500000000000e+06
2.033894375000000000e+06
2.033897500000000000e+06
2.033560250000000000e+06
2.043966625000000000e+06
2.040269750000000000e+06
2.032379750000000000e+06
2.045615125000000000e+06
2.047409875000000000e+06
2.041170250000000000e+06
2.044529625000000000e+06
2.027820875000000000e+06
2.043643375000000000e+06
2.042787500000000000e+06
2.039874375000000000e+06
2.039099250000000000e+06
2.040659375000000000e+06
2.033707125000000000e+06
2.044433875000000000e+06
2.019490000000000000e+06
2.029553500000000000e+06
2.031289625000000000e+06
2.029824000000000000e+06
2.026014375000000000e+06
2.027184500000000000e+06
2.027692500000000000e+06
2.028690375000000000e+06
2.017130875000000000e+06
2.031462250000000000e+06
2.024534625000000000e+06
2.031637000000000000e+06
2.017956875000000000e+06
2.020619125000000000e+06
2.017210000000000000e+06
2.017518250000000000e+06
2.028820750000000000e+06
2.028969000000000000e+06
2.033227750000000000e+06
2.031664625000000000e+06
2.029928375000000000e+06
2.013116750000000000e+06
2.026211125000000000e+06
2.024349000000000000e+06
2.019943625000000000e+06
2.010681875000000000e+06
2.022358375000000000e+06
2.019363625000000000e+06
2.014110375000000000e+06
2.019072000000000000e+06
2.030138375000000000e+06
2.025055375000000000e+06
2.017012500000000000e+06
2.009017875000000000e+06
2.008788125000000000e+06
2.017004125000000000e+06
2.020361000000000000e+06
2.012798750000000000e+06
2.018421625000000000e+06
2.018113500000000000e+06
2.016582250000000000e+06
2.008993750000000000e+06
2.005551875000000000e+06
2.018793500000000000e+06
2.007698125000000000e+06
2.012005875000000000e+06
2.013650750000000000e+06
2.013203125000000000e+06
2.015960375000000000e+06
2.004715625000000000e+06
2.020208750000000000e+06
2.013448125000000000e+06
2.012338375000000000e+06
2.008179750000000000e+06
2.005819250000000000e+06
2.007627375000000000e+06
2.004903000000000000e+06
2.005751125000000000e+06
2.006409250000000000e+06
2.004596750000000000e+06
2.010113500000000000e+06
2.004041875000000000e+06
2.006084125000000000e+06
2.008839625000000000e+06
2.004340000000000000e+06
2.003433000000000000e+06
2.007145000000000000e+06
2.004139125000000000e+06
2.001596750000000000e+06
2.005591500000000000e+06
2.001519375000000000e+06
2.003948375000000000e+06
2.006277500000000000e+06
1.996105250000000000e+06
2.000448000000000000e+06
2.006844625000000000e+06
1.996378625000000000e+06
1.994846375000000000e+06
2.000027000000000000e+06
1.991803000000000000e+06
1.996611750000000000e+06
1.999877125000000000e+06
1.997895875000000000e+06
2.004972000000000000e+06
1.988191500000000000e+06
1.990622875000000000e+06
1.996618875000000000e+06
1.990077250000000000e+06
1.992347750000000000e+06
1.995899875000000000e+06
1.987656000000000000e+06
2.006627625000000000e+06
1.995667250000000000e+06
1.988701000000000000e+06
1.993229625000000000e+06
1.989521500000000000e+06
1.985923875000000000e+06
1.991460125000000000e+06
1.994921500000000000e+06
1.981296625000000000e+06
1.988415500000000000e+06
1.994436375000000000e+06
1.996378125000000000e+06
1.990112125000000000e+06
1.989718625000000000e+06
1.993041250000000000e+06
1.988304875000000000e+06
1.976410625000000000e+06
1.988755625000000000e+06
1.990231750000000000e+06
1.983466125000000000e+06
1.990430000000000000e+06
1.989870875000000000e+06
1.980325000000000000e+06
1.979649375000000000e+06
1.994979875000000000e+06
1.976057500000000000e+06
1.989211000000000000e+06
1.987279125000000000e+06
1.984731125000000000e+06
1.981491125000000000e+06
1.974979375000000000e+06
1.974310750000000000e+06
1.987257875000000000e+06
1.982178625000000000e+06
1.975345500000000000e+06
1.978448750000000000e+06
1.973187375000000000e+06
1.968456125000000000e+06
1.984459125000000000e+06
1.982297375000000000e+06
1.979135500000000000e+06
1.966906375000000000e+06
1.986711000000000000e+06
1.969283000000000000e+06
1.976825375000000000e+06
1.986286250000000000e+06
1.969286625000000000e+06
1.977969125000000000e+06
1.970500375000000000e+06
1.960930000000000000e+06
1.978265250000000000e+06
1.976572750000000000e+06
1.976810625000000000e+06
1.982540250000000000e+06
1.973387750000000000e+06
1.973609000000000000e+06
1.968115500000000000e+06
1.972543625000000000e+06
1.972160625000000000e+06
1.963260375000000000e+06
1.968112250000000000e+06
1.964775875000000000e+06
1.969212250000000000e+06
1.970644250000000000e+06
1.967740250000000000e+06
1.964800500000000000e+06
1.965308625000000000e+06
1.956650875000000000e+06
1.960297250000000000e+06
1.958680500000000000e+06
1.959129125000000000e+06
1.965519125000000000e+06
1.957837000000000000e+06
1.945228250000000000e+06
1.957901500000000000e+06
1.962453000000000000e+06
1.952563500000000000e+06
1.966807250000000000e+06
1.959404750000000000e+06
1.970547750000000000e+06
1.964398625000000000e+06
1.960551750000000000e+06
1.954787125000000000e+06
1.962555375000000000e+06
1.956936375000000000e+06
1.958098625000000000e+06
1.970051375000000000e+06
1.964063250000000000e+06
1.953731750000000000e+06
1.950942500000000000e+06
1.965690750000000000e+06
1.947418375000000000e+06
1.954603625000000000e+06
1.953676250000000000e+06
1.954364625000000000e+06
1.949566250000000000e+06
1.957904250000000000e+06
1.956549750000000000e+06
1.960044125000000000e+06
1.947162375000000000e+06
1.953687250000000000e+06
1.944276500000000000e+06
1.951317625000000000e+06
1.955940625000000000e+06
1.949411000000000000e+06
1.947382625000000000e+06
1.940560250000000000e+06
1.948067000000000000e+06
1.943944875000000000e+06
1.945557250000000000e+06
1.954089250000000000e+06
1.938840500000000000e+06
1.946840000000000000e+06
1.955515250000000000e+06
1.952482750000000000e+06
1.938152750000000000e+06
1.935178250000000000e+06
1.935250750000000000e+06
1.944357125000000000e+06
1.955563375000000000e+06
1.943909375000000000e+06
1.951330750000000000e+06
1.939762125000000000e+06
1.935080375000000000e+06
1.931025500000000000e+06
1.939046500000000000e+06
1.941064125000000000e+06
1.944618625000000000e+06
1.941538125000000000e+06
1.935777375000000000e+06
1.934857375000000000e+06
1.934904750000000000e+06
1.934821125000000000e+06
1.949695000000000000e+06
1.937641250000000000e+06
1.951388000000000000e+06
1.940482250000000000e+06
1.928819125000000000e+06
1.932534625000000000e+06
1.935414125000000000e+06
1.932608875000000000e+06
1.933644125000000000e+06
1.928588625000000000e+06
1.927348250000000000e+06
1.929531875000000000e+06
1.924083000000000000e+06
1.932504500000000000e+06
1.936546250000000000e+06
1.938032750000000000e+06
1.933038000000000000e+06
1.938846375000000000e+06
1.927013750000000000e+06
1.925075625000000000e+06
1.922473750000000000e+06
1.922573250000000000e+06
1.926686125000000000e+06
1.934864375000000000e+06
1.930038125000000000e+06
1.933684750000000000e+06
1.932583375000000000e+06
1.931525500000000000e+06
1.920368500000000000e+06
1.929314250000000000e+06
1.934658750000000000e+06
1.923101000000000000e+06
1.921246125000000000e+06
1.928640500000000000e+06
1.918921000000000000e+06
1.925352625000000000e+06
1.940225875000000000e+06
1.914515625000000000e+06
1.917737250000000000e+06
1.923656625000000000e+06
1.919473000000000000e+06
1.923375750000000000e+06
1.924530875000000000e+06
1.915855375000000000e+06
1.922206750000000000e+06
1.922255875000000000e+06
1.919446375000000000e+06
1.924526750000000000e+06
1.920604875000000000e+06
1.921312750000000000e+06
1.916871000000000000e+06
1.923322750000000000e+06
1.913412875000000000e+06
1.919550625000000000e+06
1.899928750000000000e+06
1.921837250000000000e+06
1.913743125000000000e+06
1.914807250000000000e+06
1.914385375000000000e+06
1.909638750000000000e+06
1.917064500000000000e+06
1.918581000000000000e+06
1.906135875000000000e+06
1.910659750000000000e+06
1.911451625000000000e+06
1.916883250000000000e+06
1.905636000000000000e+06
1.915888750000000000e+06
1.906051625000000000e+06
1.903816875000000000e+06
1.910479000000000000e+06
1.908015250000000000e+06
1.902618625000000000e+06
1.920189125000000000e+06
1.907428125000000000e+06
1.904171125000000000e+06
1.912865250000000000e+06
1.907906375000000000e+06
1.913935875000000000e+06
1.904960000000000000e+06
1.909560750000000000e+06
1.911356375000000000e+06
1.909860875000000000e+06
1.901862375000000000e+06
1.908317125000000000e+06
1.900178250000000000e+06
1.896694750000000000e+06
1.900481875000000000e+06
1.911346875000000000e+06
1.896212500000000000e+06
1.897136500000000000e+06
1.893902625000000000e+06
1.901400250000000000e+06
1.904986375000000000e+06
1.895532500000000000e+06
1.906598500000000000e+06
1.892883750000000000e+06
1.894004750000000000e+06
1.887935750000000000e+06
1.906436375000000000e+06
1.902900500000000000e+06
1.904631125000000000e+06
1.898274625000000000e+06
1.887646000000000000e+06
1.905224375000000000e+06
1.885152125000000000e+06
1.894109375000000000e+06
1.886623375000000000e+06
1.886353000000000000e+06
1.894726625000000000e+06
1.893633125000000000e+06
1.889371625000000000e+06
1.893867875000000000e+06
1.889710750000000000e+06
1.890810750000000000e+06
1.896628500000000000e+06
1.905819125000000000e+06
1.892619250000000000e+06
1.894775125000000000e+06
1.888743875000000000e+06
1.879276375000000000e+06
1.881002000000000000e+06
1.891056500000000000e+06
1.886024625000000000e+06
1.890841125000000000e+06
1.884565375000000000e+06
1.885943750000000000e+06
1.891232375000000000e+06
1.890852875000000000e+06
1.885380250000000000e+06
1.884623375000000000e+06
1.883804000000000000e+06
1.882685750000000000e+06
1.877140500000000000e+06
1.885356500000000000e+06
1.889189750000000000e+06
1.886960500000000000e+06
1.889182750000000000e+06
1.876428125000000000e+06
1.873511625000000000e+06
1.877656750000000000e+06
1.888507375000000000e+06
1.887549125000000000e+06
1.880841000000000000e+06
1.876245125000000000e+06
1.876938875000000000e+06
1.878899875000000000e+06
1.864683875000000000e+06
1.879330625000000000e+06
1.880729250000000000e+06
1.884953625000000000e+06
1.877803000000000000e+06
1.876927125000000000e+06
1.873100750000000000e+06
1.883030625000000000e+06
1.871728125000000000e+06
1.872233000000000000e+06
1.875354625000000000e+06
1.870124500000000000e+06
1.878667125000000000e+06
1.874793625000000000e+06
1.866468500000000000e+06
1.874463875000000000e+06
1.868976500000000000e+06
1.879695500000000000e+06
1.877679875000000000e+06
1.859068375000000000e+06
1.867180000000000000e+06
1.859245000000000000e+06
1.871701000000000000e+06
1.863534375000000000e+06
1.870686375000000000e+06
1.862096875000000000e+06
1.861847250000000000e+06
1.864015500000000000e+06
1.869247750000000000e+06
1.866430625000000000e+06
1.868384250000000000e+06
1.866075750000000000e+06
1.870130625000000000e+06
1.861612125000000000e+06
1.858109625000000000e+06
1.863053750000000000e+06
1.868394125000000000e+06
1.860451125000000000e+06
1.866550375000000000e+06
1.868517875000000000e+06
1.869274125000000000e+06
1.854753250000000000e+06
1.851197625000000000e+06
1.859741375000000000e+06
1.862080875000000000e+06
1.861800375000000000e+06
1.866407875000000000e+06
1.849886250000000000e+06
1.855429250000000000e+06
1.854596250000000000e+06
1.854305750000000000e+06
1.854045875000000000e+06
1.855194750000000000e+06
1.845866625000000000e+06
1.859388625000000000e+06
1.856481250000000000e+06
1.858662375000000000e+06
1.844422625000000000e+06
1.851815750000000000e+06
1.853986125000000000e+06
1.856482000000000000e+06
1.851637000000000000e+06
1.851768750000000000e+06
1.856278625000000000e+06
1.852881250000000000e+06
1.854881125000000000e+06
1.850794000000000000e+06
1.855203875000000000e+06
1.853289750000000000e+06
1.849784625000000000e+06
1.852143875000000000e+06
1.850110625000000000e+06
1.849294125000000000e+06
1.856021125000000000e+06
1.847866500000000000e+06
1.841011500000000000e+06
1.839368375000000000e+06
1.838426750000000000e+06
1.840202000000000000e+06
1.844664625000000000e+06
1.849449250000000000e+06
1.830077125000000000e+06
1.847771750000000000e+06
1.848417125000000000e+06
1.837085625000000000e+06
1.836571625000000000e+06
1.840095250000000000e+06
1.850108875000000000e+06
1.837834750000000000e+06
1.843940375000000000e+06
1.845237875000000000e+06
1.840633000000000000e+06
1.843992000000000000e+06
1.839165375000000000e+06
1.836480500000000000e+06
1.841551000000000000e+06
1.836370125000000000e+06
1.832542750000000000e+06
1.832799000000000000e+06
1.843784125000000000e+06
1.834538250000000000e+06
1.836161500000000000e+06
1.835882500000000000e+06
1.834292500000000000e+06
1.835398500000000000e+06
1.835973250000000000e+06
1.823328625000000000e+06
1.831804875000000000e+06
1.835968000000000000e+06
1.834143500000000000e+06
1.829781125000000000e+06
1.836234250000000000e+06
1.820387000000000000e+06
1.832353250000000000e+06
1.825808750000000000e+06
1.833176875000000000e+06
1.833426125000000000e+06
1.829303625000000000e+06
1.834201875000000000e+06
1.831075000000000000e+06
1.829665375000000000e+06
1.827446625000000000e+06
1.828273000000000000e+06
1.824428875000000000e+06
1.828282750000000000e+06
1.833546875000000000e+06
1.827593250000000000e+06
1.818591750000000000e+06
1.817411875000000000e+06
1.821803875000000000e+06
1.819802125000000000e+06
1.817238125000000000e+06
1.820487500000000000e+06
1.821661500000000000e+06
1.830796125000000000e+06
1.818427375000000000e+06
1.816307375000000000e+06
1.820408625000000000e+06
1.807798875000000000e+06
1.824087875000000000e+06
1.820589750000000000e+06
1.814342250000000000e+06
1.821352750000000000e+06
1.821115000000000000e+06
1.813594375000000000e+06
1.822909750000000000e+06
1.815702500000000000e+06
1.818557375000000000e+06
1.808874625000000000e+06
1.826072000000000000e+06
1.812560875000000000e+06
1.814234125000000000e+06
1.821531250000000000e+06
1.808921250000000000e+06
1.809551625000000000e+06
1.808359750000000000e+06
1.807593750000000000e+06
1.809094625000000000e+06
