8.453775000000000000e+04
8.442471093750000000e+04
8.446345312500000000e+04
8.442871093750000000e+04
8.447710156250000000e+04
8.430228906250000000e+04
8.421436718750000000e+04
8.438255468750000000e+04
8.448771093750000000e+04
8.441074218750000000e+04
8.457088281250000000e+04
8.440389843750000000e+04
8.453150000000000000e+04
8.442210156250000000e+04
8.463593750000000000e+04
8.443758593750000000e+04
8.448580468750000000e+04
8.441716406250000000e+04
8.426735937500000000e+04
8.433897656250000000e+04
8.447914843750000000e+04
8.460040625000000000e+04
8.440584375000000000e+04
8.438535937500000000e+04
8.404398437500000000e+04
8.439544531250000000e+04
8.457463281250000000e+04
8.400487500000000000e+04
8.460326562500000000e+04
8.456178906250000000e+04
8.427582031250000000e+04
8.426309375000000000e+04
8.454757031250000000e+04
8.447011718750000000e+04
8.439309375000000000e+04
8.432355468750000000e+04
8.436817187500000000e+04
8.429592187500000000e+04
8.442821875000000000e+04
8.434867968750000000e+04
8.446105468750000000e+04
8.439812500000000000e+04
8.436578906250000000e+04
8.420228125000000000e+04
8.433332812500000000e+04
8.462297656250000000e+04
8.432089843750000000e+04
8.417382031250000000e+04
8.464314843750000000e+04
8.435614062500000000e+04
8.415735156250000000e+04
8.444183593750000000e+04
8.428531250000000000e+04
8.428550781250000000e+04
8.424250781250000000e+04
8.469769531250000000e+04
8.429948437500000000e+04
8.456241406250000000e+04
8.407363281250000000e+04
8.429694531250000000e+04
8.469190625000000000e+04
8.443213281250000000e+04
8.449919531250000000e+04
8.420406250000000000e+04
8.460580468750000000e+04
8.440505468750000000e+04
8.434040625000000000e+04
8.434586718750000000e+04
8.447007031250000000e+04
8.438066406250000000e+04
8.436364843750000000e+04
8.440142187500000000e+04
8.449546875000000000e+04
8.425967187500000000e+04
8.410899218750000000e+04
8.429765625000000000e+04
8.431307812500000000e+04
8.460134375000000000e+04
8.422541406250000000e+04
8.409746093750000000e+04
8.418480468750000000e+04
8.425414062500000000e+04
8.431089843750000000e+04
8.416342187500000000e+04
8.449036718750000000e+04
8.452489843750000000e+04
8.431871875000000000e+04
8.399748437500000000e+04
8.431928125000000000e+04
8.442044531250000000e+04
8.446478125000000000e+04
8.437926562500000000e+04
8.447847656250000000e+04
8.473864062500000000e+04
8.436632812500000000e+04
8.469170312500000000e+04
8.446746875000000000e+04
8.440248437500000000e+04
8.433105468750000000e+04
8.448303125000000000e+04
8.434739843750000000e+04
8.426080468750000000e+04
8.423118750000000000e+04
8.419600000000000000e+04
8.439949218750000000e+04
8.451503906250000000e+04
8.424006250000000000e+04
8.448533593750000000e+04
8.453760156250000000e+04
8.438329687500000000e+04
8.426313281250000000e+04
8.453775000000000000e+04
8.418284375000000000e+04
8.421578125000000000e+04
8.432187500000000000e+04
8.431622656250000000e+04
8.449441406250000000e+04
8.434625781250000000e+04
8.436944531250000000e+04
8.434827343750000000e+04
8.456689843750000000e+04
8.438316406250000000e+04
8.435860937500000000e+04
8.447430468750000000e+04
8.442710937500000000e+04
8.452014062500000000e+04
8.434879687500000000e+04
8.434016406250000000e+04
8.426481250000000000e+04
8.434291406250000000e+04
8.425506250000000000e+04
8.429982031250000000e+04
8.464989062500000000e+04
8.430192968750000000e+04
8.430960156250000000e+04
8.430759375000000000e+04
8.444763281250000000e+04
8.440064062500000000e+04
8.449652343750000000e+04
8.442218750000000000e+04
8.433714843750000000e+04
8.441807031250000000e+04
8.427106250000000000e+04
8.450993750000000000e+04
8.448378125000000000e+04
8.429430468750000000e+04
8.446155468750000000e+04
8.430870312500000000e+04
8.445721875000000000e+04
8.444648437500000000e+04
8.447414062500000000e+04
8.450366406250000000e+04
8.463459375000000000e+04
8.445967187500000000e+04
8.431346875000000000e+04
8.437994531250000000e+04
8.433568750000000000e+04
8.421104687500000000e+04
8.427907812500000000e+04
8.435618750000000000e+04
8.447056250000000000e+04
8.442265625000000000e+04
8.457530468750000000e+04
8.459832812500000000e+04
8.422584375000000000e+04
8.443296875000000000e+04
8.437428906250000000e+04
8.432667968750000000e+04
8.433485937500000000e+04
8.452736718750000000e+04
8.425021875000000000e+04
8.452423437500000000e+04
8.444793750000000000e+04
8.448632031250000000e+04
8.435178125000000000e+04
8.438145312500000000e+04
8.431096093750000000e+04
8.429342968750000000e+04
8.426010156250000000e+04
8.406178906250000000e+04
8.458523437500000000e+04
8.422844531250000000e+04
8.461483593750000000e+04
8.402769531250000000e+04
8.440711718750000000e+04
8.435885937500000000e+04
8.436773437500000000e+04
8.424349218750000000e+04
8.436802343750000000e+04
8.416021093750000000e+04
8.430097656250000000e+04
8.452835156250000000e+04
8.437510156250000000e+04
8.456124218750000000e+04
8.428491406250000000e+04
8.460070312500000000e+04
8.434810156250000000e+04
8.435332812500000000e+04
8.429803906250000000e+04
8.434100000000000000e+04
8.438743750000000000e+04
8.427136718750000000e+04
8.419529687500000000e+04
8.436859375000000000e+04
8.438276562500000000e+04
8.432551562500000000e+04
8.442614062500000000e+04
8.439815625000000000e+04
8.460142968750000000e+04
8.422072656250000000e+04
8.461862500000000000e+04
8.440035937500000000e+04
8.461191406250000000e+04
8.470232812500000000e+04
8.448457812500000000e+04
8.425093750000000000e+04
8.425316406250000000e+04
8.438289843750000000e+04
8.432319531250000000e+04
8.434250781250000000e+04
8.437117968750000000e+04
8.445839843750000000e+04
8.414791406250000000e+04
8.433141406250000000e+04
8.423595312500000000e+04
8.437141406250000000e+04
8.424653906250000000e+04
8.452285937500000000e+04
8.430483593750000000e+04
8.442118750000000000e+04
8.445760156250000000e+04
8.472534375000000000e+04
8.442953125000000000e+04
8.446460156250000000e+04
8.427657031250000000e+04
8.443753125000000000e+04
8.448575000000000000e+04
8.454575000000000000e+04
8.448062500000000000e+04
8.435535156250000000e+04
8.441923437500000000e+04
8.468775000000000000e+04
8.452289843750000000e+04
8.429855468750000000e+04
8.437328906250000000e+04
8.424452343750000000e+04
8.444584375000000000e+04
8.443344531250000000e+04
8.450897656250000000e+04
8.435592187500000000e+04
8.427262500000000000e+04
8.435975000000000000e+04
8.438336718750000000e+04
8.446332812500000000e+04
8.433040625000000000e+04
8.433819531250000000e+04
8.450420312500000000e+04
8.441894531250000000e+04
8.427275000000000000e+04
8.427171875000000000e+04
8.456936718750000000e+04
8.454342968750000000e+04
8.441597656250000000e+04
8.434401562500000000e+04
8.441936718750000000e+04
8.444156250000000000e+04
8.444627343750000000e+04
8.443264062500000000e+04
8.432023437500000000e+04
8.442647656250000000e+04
8.429331250000000000e+04
8.463898437500000000e+04
8.444244531250000000e+04
8.442350781250000000e+04
8.454908593750000000e+04
8.424905468750000000e+04
8.451185937500000000e+04
8.420628125000000000e+04
8.415603125000000000e+04
8.427349218750000000e+04
8.446895312500000000e+04
8.447639062500000000e+04
8.434339843750000000e+04
8.429876562500000000e+04
8.438436718750000000e+04
8.417202343750000000e+04
8.430390625000000000e+04
8.421049218750000000e+04
8.433048437500000000e+04
8.441578906250000000e+04
8.451296093750000000e+04
8.420863281250000000e+04
8.418150000000000000e+04
8.430846093750000000e+04
8.441332031250000000e+04
8.424560156250000000e+04
8.441579687500000000e+04
8.435385156250000000e+04
8.431421093750000000e+04
8.449201562500000000e+04
8.453267187500000000e+04
8.408167968750000000e+04
8.450592187500000000e+04
8.428637500000000000e+04
8.452521875000000000e+04
8.431363281250000000e+04
8.425778906250000000e+04
8.433224218750000000e+04
8.434650781250000000e+04
8.423496093750000000e+04
8.437587500000000000e+04
8.441538281250000000e+04
8.430135937500000000e+04
8.459087500000000000e+04
8.453128125000000000e+04
8.439837500000000000e+04
8.407322656250000000e+04
8.442300000000000000e+04
8.430992187500000000e+04
8.429018750000000000e+04
8.459882031250000000e+04
8.426448437500000000e+04
8.442787500000000000e+04
8.444728125000000000e+04
8.457979687500000000e+04
8.428414062500000000e+04
8.441836718750000000e+04
8.430096875000000000e+04
8.441108593750000000e+04
8.438396875000000000e+04
8.451270312500000000e+04
8.421590625000000000e+04
8.439371875000000000e+04
8.434134375000000000e+04
8.428227343750000000e+04
8.420035156250000000e+04
8.447281250000000000e+04
8.451106250000000000e+04
8.438586718750000000e+04
8.448564062500000000e+04
8.460713281250000000e+04
8.448189843750000000e+04
8.448684375000000000e+04
8.435593750000000000e+04
8.438704687500000000e+04
8.424346093750000000e+04
8.431132031250000000e+04
8.424764062500000000e+04
8.424720312500000000e+04
8.426032812500000000e+04
8.446225781250000000e+04
8.431951562500000000e+04
8.438116406250000000e+04
8.432453906250000000e+04
8.435095312500000000e+04
8.428106250000000000e+04
8.456780468750000000e+04
8.439891406250000000e+04
8.446778125000000000e+04
8.444947656250000000e+04
8.434578125000000000e+04
8.444514062500000000e+04
8.440915625000000000e+04
8.432925000000000000e+04
8.430458593750000000e+04
8.454282812500000000e+04
8.439551562500000000e+04
8.444177343750000000e+04
8.441170312500000000e+04
8.433085937500000000e+04
8.456720312500000000e+04
8.442662500000000000e+04
8.435156250000000000e+04
8.419103906250000000e+04
8.445005468750000000e+04
8.449631250000000000e+04
8.443392968750000000e+04
8.446634375000000000e+04
8.420900000000000000e+04
8.445107812500000000e+04
8.442610937500000000e+04
8.436564062500000000e+04
8.451205468750000000e+04
8.433101562500000000e+04
8.435621093750000000e+04
8.420177343750000000e+04
8.431862500000000000e+04
8.466465625000000000e+04
8.441480468750000000e+04
8.436772656250000000e+04
8.429497656250000000e+04
8.447502343750000000e+04
8.431456250000000000e+04
8.446773437500000000e+04
8.434389843750000000e+04
8.459021093750000000e+04
8.436328125000000000e+04
8.463157031250000000e+04
8.416738281250000000e+04
8.432092187500000000e+04
8.447716406250000000e+04
8.429278906250000000e+04
8.439776562500000000e+04
8.431989843750000000e+04
8.446063281250000000e+04
8.420748437500000000e+04
8.441653906250000000e+04
8.419245312500000000e+04
8.431280468750000000e+04
8.453752343750000000e+04
8.429453125000000000e+04
8.455294531250000000e+04
8.425758593750000000e+04
8.439869531250000000e+04
8.461888281250000000e+04
8.453175781250000000e+04
8.437285937500000000e+04
8.441942968750000000e+04
8.441390625000000000e+04
8.422391406250000000e+04
8.450761718750000000e+04
8.427668750000000000e+04
8.422707031250000000e+04
8.436469531250000000e+04
8.442030468750000000e+04
8.447195312500000000e+04
8.442540625000000000e+04
8.428526562500000000e+04
8.443477343750000000e+04
8.425494531250000000e+04
8.436418750000000000e+04
8.428217187500000000e+04
8.424250781250000000e+04
8.441486718750000000e+04
8.444941406250000000e+04
8.441229687500000000e+04
8.409972656250000000e+04
8.440269531250000000e+04
8.426260937500000000e+04
8.426517968750000000e+04
8.443370312500000000e+04
8.441685937500000000e+04
8.417806250000000000e+04
8.424403906250000000e+04
8.413921093750000000e+04
8.442366406250000000e+04
8.440725000000000000e+04
8.423174218750000000e+04
8.434313281250000000e+04
8.440292968750000000e+04
8.477605468750000000e+04
8.431690625000000000e+04
8.418038281250000000e+04
8.451628906250000000e+04
8.456555468750000000e+04
8.437371093750000000e+04
8.430810937500000000e+04
8.448119531250000000e+04
8.451185937500000000e+04
8.459442187500000000e+04
8.449539843750000000e+04
8.454197656250000000e+04
8.429750000000000000e+04
8.430352343750000000e+04
8.453676562500000000e+04
8.453135156250000000e+04
8.450447656250000000e+04
8.458758593750000000e+04
8.408623437500000000e+04
8.452257812500000000e+04
8.481371093750000000e+04
8.434168750000000000e+04
8.451250781250000000e+04
8.443033593750000000e+04
8.440771875000000000e+04
8.440662500000000000e+04
8.429010156250000000e+04
8.456750000000000000e+04
8.448506250000000000e+04
8.440224218750000000e+04
8.441632031250000000e+04
8.422260937500000000e+04
8.440804687500000000e+04
8.440935156250000000e+04
8.441242187500000000e+04
8.425653906250000000e+04
8.416923437500000000e+04
8.465714843750000000e+04
8.430767187500000000e+04
8.457069531250000000e+04
8.429359375000000000e+04
8.431802343750000000e+04
8.425666406250000000e+04
8.427590625000000000e+04
8.435417187500000000e+04
8.429519531250000000e+04
8.437080468750000000e+04
8.434593750000000000e+04
8.421869531250000000e+04
8.421155468750000000e+04
8.450694531250000000e+04
8.460733593750000000e+04
8.429942187500000000e+04
8.438008593750000000e+04
8.446170312500000000e+04
8.450160937500000000e+04
8.422840625000000000e+04
8.442594531250000000e+04
8.428907031250000000e+04
8.446323437500000000e+04
8.455833593750000000e+04
8.448000000000000000e+04
8.428510156250000000e+04
8.442864062500000000e+04
8.433891406250000000e+04
8.441899218750000000e+04
8.428494531250000000e+04
8.429529687500000000e+04
8.425517187500000000e+04
8.450182812500000000e+04
8.415878125000000000e+04
8.447058593750000000e+04
8.431400781250000000e+04
8.444847656250000000e+04
8.457411718750000000e+04
8.443010156250000000e+04
8.450399218750000000e+04
8.441484375000000000e+04
8.429200000000000000e+04
8.447032812500000000e+04
8.427480468750000000e+04
8.432430468750000000e+04
8.435270312500000000e+04
8.423757031250000000e+04
8.441391406250000000e+04
8.450763281250000000e+04
8.435903125000000000e+04
8.436314843750000000e+04
8.419148437500000000e+04
8.442955468750000000e+04
8.436646093750000000e+04
8.425278906250000000e+04
8.435682031250000000e+04
8.441454687500000000e+04
8.443654687500000000e+04
8.425314843750000000e+04
8.467353906250000000e+04
8.465679687500000000e+04
8.440153125000000000e+04
8.437829687500000000e+04
8.428532812500000000e+04
8.437085937500000000e+04
8.428332031250000000e+04
8.445642187500000000e+04
8.447412500000000000e+04
8.444211718750000000e+04
8.430964062500000000e+04
8.460545312500000000e+04
8.452019531250000000e+04
8.450387500000000000e+04
8.450165625000000000e+04
8.440580468750000000e+04
8.442163281250000000e+04
8.436544531250000000e+04
8.460796093750000000e+04
8.458382031250000000e+04
8.447999218750000000e+04
8.424696093750000000e+04
8.450420312500000000e+04
8.447585156250000000e+04
8.454832031250000000e+04
8.435265625000000000e+04
8.423066406250000000e+04
8.425008593750000000e+04
8.451494531250000000e+04
8.441670312500000000e+04
8.434774218750000000e+04
8.439896093750000000e+04
8.452244531250000000e+04
8.430035937500000000e+04
8.454499218750000000e+04
8.450650781250000000e+04
8.439888281250000000e+04
8.422609375000000000e+04
8.431994531250000000e+04
8.463999218750000000e+04
8.419140625000000000e+04
8.440243750000000000e+04
8.434496875000000000e+04
8.436173437500000000e+04
8.436746875000000000e+04
8.441557031250000000e+04
8.428377343750000000e+04
8.426199218750000000e+04
8.451356250000000000e+04
8.451096875000000000e+04
8.459835937500000000e+04
8.462785937500000000e+04
8.450150781250000000e+04
8.466927343750000000e+04
8.447205468750000000e+04
8.450676562500000000e+04
8.449253125000000000e+04
8.422001562500000000e+04
8.422844531250000000e+04
8.454207031250000000e+04
8.424687500000000000e+04
8.439842187500000000e+04
8.441825781250000000e+04
8.443653125000000000e+04
8.434094531250000000e+04
8.448768750000000000e+04
8.439849218750000000e+04
8.440056250000000000e+04
8.459367968750000000e+04
8.427020312500000000e+04
8.437107812500000000e+04
8.413859375000000000e+04
8.436687500000000000e+04
8.434272656250000000e+04
8.432269531250000000e+04
8.437037500000000000e+04
8.431603125000000000e+04
8.443814062500000000e+04
8.420729687500000000e+04
8.442825781250000000e+04
8.444144531250000000e+04
8.423978906250000000e+04
8.448555468750000000e+04
8.433471093750000000e+04
8.438667187500000000e+04
8.438957031250000000e+04
8.433933593750000000e+04
8.445025781250000000e+04
8.445002343750000000e+04
8.439800781250000000e+04
8.450812500000000000e+04
8.430945312500000000e+04
8.453158593750000000e+04
8.443977343750000000e+04
8.423172656250000000e+04
8.419971093750000000e+04
8.429982031250000000e+04
8.433489062500000000e+04
8.441571875000000000e+04
8.437504687500000000e+04
8.436714843750000000e+04
8.449817968750000000e+04
8.444361718750000000e+04
8.455314062500000000e+04
8.443846093750000000e+04
8.437076562500000000e+04
8.430056250000000000e+04
8.443629687500000000e+04
8.441212500000000000e+04
8.454132031250000000e+04
8.438156250000000000e+04
8.446425000000000000e+04
8.446091406250000000e+04
8.426741406250000000e+04
8.423345312500000000e+04
8.447928125000000000e+04
8.414303906250000000e+04
8.443108593750000000e+04
8.454085937500000000e+04
8.438692968750000000e+04
8.439356250000000000e+04
8.437003125000000000e+04
8.423689062500000000e+04
8.433271093750000000e+04
8.435785937500000000e+04
8.439126562500000000e+04
8.434785156250000000e+04
8.438155468750000000e+04
8.442000000000000000e+04
8.438896875000000000e+04
8.435321093750000000e+04
8.425434375000000000e+04
8.430157031250000000e+04
8.428109375000000000e+04
8.441734375000000000e+04
8.425041406250000000e+04
8.436929687500000000e+04
8.422656250000000000e+04
8.446786718750000000e+04
8.415166406250000000e+04
8.436164062500000000e+04
8.432645312500000000e+04
8.433755468750000000e+04
8.419840625000000000e+04
8.458300781250000000e+04
8.446487500000000000e+04
8.433639843750000000e+04
8.464491406250000000e+04
8.449867968750000000e+04
8.449489843750000000e+04
8.442542187500000000e+04
8.444503125000000000e+04
8.436875000000000000e+04
8.424834375000000000e+04
8.428274218750000000e+04
8.445837500000000000e+04
8.441278125000000000e+04
8.461882812500000000e+04
8.428230468750000000e+04
8.436960937500000000e+04
8.428108593750000000e+04
8.439064062500000000e+04
8.432980468750000000e+04
8.435784375000000000e+04
8.438559375000000000e+04
8.434818750000000000e+04
8.429873437500000000e+04
8.458390625000000000e+04
8.447816406250000000e+04
8.453722656250000000e+04
8.448494531250000000e+04
8.462524218750000000e+04
8.423513281250000000e+04
8.457973437500000000e+04
8.420877343750000000e+04
8.449007031250000000e+04
8.429957031250000000e+04
8.433386718750000000e+04
8.426104687500000000e+04
8.457307031250000000e+04
8.435299218750000000e+04
8.426226562500000000e+04
8.441328125000000000e+04
8.437009375000000000e+04
8.427993750000000000e+04
8.446182031250000000e+04
8.434492187500000000e+04
8.432780468750000000e+04
8.430135156250000000e+04
8.453522656250000000e+04
8.421317968750000000e+04
8.450138281250000000e+04
8.432628906250000000e+04
8.423812500000000000e+04
8.435771875000000000e+04
8.425023437500000000e+04
8.436712500000000000e+04
8.460583593750000000e+04
8.429365625000000000e+04
8.441552343750000000e+04
8.478318750000000000e+04
8.453034375000000000e+04
8.441626562500000000e+04
8.439564062500000000e+04
8.403401562500000000e+04
8.452157031250000000e+04
8.445978125000000000e+04
8.445798437500000000e+04
8.438596875000000000e+04
8.457484375000000000e+04
8.441678125000000000e+04
8.454708593750000000e+04
8.450313281250000000e+04
8.458083593750000000e+04
8.435732031250000000e+04
8.426498437500000000e+04
8.442795312500000000e+04
8.459889843750000000e+04
8.440189062500000000e+04
8.434753906250000000e+04
8.450985156250000000e+04
8.420054687500000000e+04
8.428975000000000000e+04
8.430156250000000000e+04
8.425339062500000000e+04
8.435143750000000000e+04
8.446153125000000000e+04
8.450713281250000000e+04
8.407228906250000000e+04
8.413928125000000000e+04
8.442328906250000000e+04
8.441936718750000000e+04
8.424292968750000000e+04
8.420117968750000000e+04
8.441935156250000000e+04
8.449239062500000000e+04
8.438427343750000000e+04
8.438726562500000000e+04
8.432871875000000000e+04
8.457430468750000000e+04
8.417103125000000000e+04
8.436982031250000000e+04
8.427910156250000000e+04
8.443402343750000000e+04
8.437642187500000000e+04
8.439032812500000000e+04
8.439743750000000000e+04
8.464285937500000000e+04
8.435947656250000000e+04
8.428563281250000000e+04
8.434125781250000000e+04
8.422952343750000000e+04
8.418689062500000000e+04
8.433107812500000000e+04
8.444692968750000000e+04
8.435025781250000000e+04
8.436131250000000000e+04
8.430573437500000000e+04
8.476026562500000000e+04
8.443709375000000000e+04
8.437319531250000000e+04
8.460165625000000000e+04
8.428476562500000000e+04
8.438215625000000000e+04
8.454770312500000000e+04
8.451803906250000000e+04
8.439842968750000000e+04
8.443983593750000000e+04
8.453291406250000000e+04
8.463778906250000000e+04
8.437149218750000000e+04
8.450253906250000000e+04
8.460550000000000000e+04
8.428435937500000000e+04
8.440196093750000000e+04
8.456294531250000000e+04
8.430574218750000000e+04
8.439161718750000000e+04
8.460336718750000000e+04
8.449337500000000000e+04
8.435269531250000000e+04
8.459617187500000000e+04
8.439253125000000000e+04
8.442141406250000000e+04
8.425985156250000000e+04
8.465507812500000000e+04
8.439432031250000000e+04
8.422514843750000000e+04
8.439464843750000000e+04
8.453535156250000000e+04
8.467451562500000000e+04
8.432650000000000000e+04
8.453161718750000000e+04
8.442453125000000000e+04
8.441919531250000000e+04
8.447116406250000000e+04
8.436801562500000000e+04
8.427653125000000000e+04
8.427520312500000000e+04
8.440965625000000000e+04
8.438088281250000000e+04
8.428000000000000000e+04
8.429386718750000000e+04
8.432178906250000000e+04
8.445534375000000000e+04
8.440161718750000000e+04
8.417525000000000000e+04
8.431437500000000000e+04
8.414064062500000000e+04
8.466856250000000000e+04
8.435535937500000000e+04
8.457405468750000000e+04
8.440738281250000000e+04
8.440103125000000000e+04
8.409242187500000000e+04
8.420708593750000000e+04
8.455615625000000000e+04
8.431098437500000000e+04
8.440196875000000000e+04
8.421377343750000000e+04
8.436243750000000000e+04
8.419566406250000000e+04
8.443545312500000000e+04
8.439439062500000000e+04
8.451736718750000000e+04
8.443007812500000000e+04
8.435425000000000000e+04
8.451314843750000000e+04
8.426150000000000000e+04
8.414675000000000000e+04
8.428832812500000000e+04
8.415503125000000000e+04
8.433857031250000000e+04
8.428667187500000000e+04
8.427474218750000000e+04
8.439810937500000000e+04
8.428100781250000000e+04
8.436678125000000000e+04
8.425989843750000000e+04
8.441177343750000000e+04
8.422573437500000000e+04
8.445095312500000000e+04
8.457828906250000000e+04
8.411517187500000000e+04
8.423069531250000000e+04
8.442245312500000000e+04
8.448386718750000000e+04
8.435929687500000000e+04
8.440532031250000000e+04
8.417346093750000000e+04
8.449746093750000000e+04
8.443692968750000000e+04
8.436077343750000000e+04
8.439177343750000000e+04
8.444543750000000000e+04
8.433760156250000000e+04
8.440313281250000000e+04
8.443692968750000000e+04
8.458332031250000000e+04
8.456739843750000000e+04
8.445599218750000000e+04
8.440084375000000000e+04
8.425321093750000000e+04
8.450632031250000000e+04
8.436411718750000000e+04
8.424834375000000000e+04
8.436405468750000000e+04
8.453225000000000000e+04
8.447094531250000000e+04
8.442102343750000000e+04
8.443450781250000000e+04
8.470761718750000000e+04
8.423971093750000000e+04
8.446710156250000000e+04
8.448441406250000000e+04
8.430321875000000000e+04
8.433568750000000000e+04
8.430955468750000000e+04
8.435784375000000000e+04
8.455948437500000000e+04
8.440003906250000000e+04
8.437777343750000000e+04
8.444049218750000000e+04
8.413011718750000000e+04
8.450066406250000000e+04
8.451697656250000000e+04
8.433254687500000000e+04
8.396314843750000000e+04
8.434359375000000000e+04
8.447297656250000000e+04
8.418989062500000000e+04
8.448079687500000000e+04
8.430719531250000000e+04
8.431844531250000000e+04
8.431655468750000000e+04
8.405701562500000000e+04
8.435187500000000000e+04
8.467081250000000000e+04
8.443634375000000000e+04
8.453198437500000000e+04
8.446325000000000000e+04
8.428044531250000000e+04
8.426150000000000000e+04
8.439580468750000000e+04
8.440158593750000000e+04
8.437694531250000000e+04
8.432779687500000000e+04
8.438017187500000000e+04
8.465037500000000000e+04
8.448867187500000000e+04
8.423707031250000000e+04
8.438536718750000000e+04
8.427112500000000000e+04
8.421778906250000000e+04
8.453253125000000000e+04
8.418517968750000000e+04
8.449465625000000000e+04
8.424124218750000000e+04
8.433197656250000000e+04
8.464269531250000000e+04
8.443647656250000000e+04
8.436689062500000000e+04
8.433490625000000000e+04
8.452353906250000000e+04
8.443659375000000000e+04
8.454308593750000000e+04
8.452084375000000000e+04
8.453711718750000000e+04
8.454628906250000000e+04
8.441225781250000000e+04
8.440664062500000000e+04
8.443121875000000000e+04
8.426515625000000000e+04
8.431509375000000000e+04
8.439545312500000000e+04
8.441260937500000000e+04
8.454957812500000000e+04
8.436758593750000000e+04
8.425763281250000000e+04
8.450884375000000000e+04
8.430500000000000000e+04
8.447777343750000000e+04
8.427909375000000000e+04
8.424768750000000000e+04
8.456776562500000000e+04
8.454400781250000000e+04
8.426996875000000000e+04
8.442860937500000000e+04
8.443939843750000000e+04
8.420818750000000000e+04
8.445333593750000000e+04
8.426756250000000000e+04
8.427532031250000000e+04
8.434182812500000000e+04
