1.129880390625000000e+05
9.812184375000000000e+04
8.314103906250000000e+04
6.826516406250000000e+04
5.371848046875000000e+04
4.094077734375000000e+04
3.117125585937500000e+04
2.671683398437500000e+04
2.686767773437500000e+04
2.963013085937500000e+04
3.354647265625000000e+04
3.675026171875000000e+04
3.860221875000000000e+04
3.904722265625000000e+04
3.852453515625000000e+04
3.668045703125000000e+04
3.452155859375000000e+04
3.204700781250000000e+04
2.950611132812500000e+04
2.770414453125000000e+04
2.662978320312500000e+04
2.609260546875000000e+04
2.643033398437500000e+04
2.726690820312500000e+04
2.824378320312500000e+04
2.887912695312500000e+04
2.921742382812500000e+04
2.938116796875000000e+04
2.865832421875000000e+04
2.801159960937500000e+04
2.732689062500000000e+04
2.681159960937500000e+04
2.615473242187500000e+04
2.610075781250000000e+04
2.618239648437500000e+04
2.628107226562500000e+04
2.648691210937500000e+04
2.677072460937500000e+04
2.702162304687500000e+04
2.698047460937500000e+04
2.685226367187500000e+04
2.660508984375000000e+04
2.637165820312500000e+04
2.616929492187500000e+04
2.613189648437500000e+04
2.584945898437500000e+04
2.590579882812500000e+04
2.604105664062500000e+04
2.597679882812500000e+04
2.607396484375000000e+04
2.612100195312500000e+04
2.612595507812500000e+04
2.600360742187500000e+04
2.607785546875000000e+04
2.592620312500000000e+04
2.576765039062500000e+04
2.557094140625000000e+04
2.571261132812500000e+04
2.574994921875000000e+04
2.559915625000000000e+04
2.567865039062500000e+04
2.581886914062500000e+04
2.563533398437500000e+04
2.556178320312500000e+04
2.544561132812500000e+04
2.547094726562500000e+04
2.528596679687500000e+04
2.535048242187500000e+04
2.540072070312500000e+04
2.516012500000000000e+04
2.522170898437500000e+04
2.510599218750000000e+04
2.504081250000000000e+04
2.498867968750000000e+04
2.495958203125000000e+04
2.496389648437500000e+04
2.485528515625000000e+04
2.468263476562500000e+04
2.470536328125000000e+04
2.464956445312500000e+04
2.451818164062500000e+04
2.439570312500000000e+04
2.431335156250000000e+04
2.413798632812500000e+04
2.397421289062500000e+04
2.391638085937500000e+04
2.373875195312500000e+04
2.358947656250000000e+04
2.353384570312500000e+04
2.338265039062500000e+04
2.323242187500000000e+04
2.304521289062500000e+04
2.281088476562500000e+04
2.274603710937500000e+04
2.248188476562500000e+04
2.209061523437500000e+04
2.209900000000000000e+04
2.163364062500000000e+04
2.141375000000000000e+04
2.115997265625000000e+04
2.080165234375000000e+04
2.054918359375000000e+04
2.020284179687500000e+04
1.986138281250000000e+04
1.942648632812500000e+04
1.896917382812500000e+04
1.867888867187500000e+04
1.816418554687500000e+04
1.755492578125000000e+04
1.708991015625000000e+04
1.649218359375000000e+04
1.585545605468750000e+04
1.521519335937500000e+04
1.453600878906250000e+04
1.383077343750000000e+04
1.304672753906250000e+04
1.227122363281250000e+04
1.141678417968750000e+04
1.062816113281250000e+04
9.737349609375000000e+03
8.886426757812500000e+03
8.078320800781250000e+03
7.343275878906250000e+03
6.801454589843750000e+03
6.507894042968750000e+03
6.408950683593750000e+03
6.602345703125000000e+03
6.901753417968750000e+03
7.177209960937500000e+03
7.366603027343750000e+03
7.389082031250000000e+03
7.322312500000000000e+03
7.126491210937500000e+03
6.855312011718750000e+03
6.538059082031250000e+03
6.252172363281250000e+03
6.065439453125000000e+03
6.040424804687500000e+03
5.993655761718750000e+03
6.039123046875000000e+03
6.122925292968750000e+03
6.157567382812500000e+03
6.185595214843750000e+03
6.202933105468750000e+03
6.208807128906250000e+03
6.195607421875000000e+03
6.128340820312500000e+03
6.037350097656250000e+03
5.935500488281250000e+03
5.860062500000000000e+03
5.802552734375000000e+03
5.756284179687500000e+03
5.783147460937500000e+03
5.783602050781250000e+03
5.831901367187500000e+03
5.896724609375000000e+03
5.869989746093750000e+03
5.820355957031250000e+03
5.845759765625000000e+03
5.861986816406250000e+03
5.787912597656250000e+03
5.707012695312500000e+03
5.749440429687500000e+03
5.736539062500000000e+03
5.645144042968750000e+03
5.656033203125000000e+03
5.669785156250000000e+03
5.668376464843750000e+03
5.701868164062500000e+03
5.662286621093750000e+03
5.641686035156250000e+03
5.657856445312500000e+03
5.604135253906250000e+03
5.614129394531250000e+03
5.616655273437500000e+03
5.584463378906250000e+03
5.578184082031250000e+03
5.546009277343750000e+03
5.548894042968750000e+03
5.492722167968750000e+03
5.542806152343750000e+03
5.518070312500000000e+03
5.531911621093750000e+03
5.490599121093750000e+03
5.477625488281250000e+03
5.447655273437500000e+03
5.482085449218750000e+03
5.464408691406250000e+03
5.459772460937500000e+03
5.453977050781250000e+03
5.387088378906250000e+03
5.409953125000000000e+03
5.415889160156250000e+03
5.439889160156250000e+03
5.420143554687500000e+03
5.432186523437500000e+03
5.399644531250000000e+03
5.383871582031250000e+03
5.393799316406250000e+03
5.350218750000000000e+03
5.376818359375000000e+03
5.346332519531250000e+03
5.330052246093750000e+03
5.323566406250000000e+03
5.300786621093750000e+03
5.303697753906250000e+03
5.330730957031250000e+03
5.324211425781250000e+03
5.317052734375000000e+03
5.282197753906250000e+03
5.282468750000000000e+03
5.261493652343750000e+03
5.275576660156250000e+03
5.301717773437500000e+03
5.242663574218750000e+03
5.268741699218750000e+03
5.240854980468750000e+03
5.258966308593750000e+03
5.237578125000000000e+03
5.192483886718750000e+03
5.207049316406250000e+03
5.163142089843750000e+03
5.157744140625000000e+03
5.187143066406250000e+03
5.149235351562500000e+03
5.168831542968750000e+03
5.136386718750000000e+03
5.145742187500000000e+03
5.153528808593750000e+03
5.116702636718750000e+03
5.107771972656250000e+03
5.126294921875000000e+03
5.113582519531250000e+03
5.068448730468750000e+03
5.074419921875000000e+03
5.094102050781250000e+03
5.052361816406250000e+03
5.049151367187500000e+03
5.048932128906250000e+03
5.056614746093750000e+03
5.008809082031250000e+03
5.016968750000000000e+03
5.018257812500000000e+03
5.003694824218750000e+03
4.984312988281250000e+03
4.948353515625000000e+03
4.977985839843750000e+03
4.940009765625000000e+03
4.955441894531250000e+03
4.913151367187500000e+03
4.917784667968750000e+03
4.905701171875000000e+03
4.927553710937500000e+03
4.908613281250000000e+03
4.878706542968750000e+03
4.885546386718750000e+03
4.875933105468750000e+03
4.867487792968750000e+03
4.826874511718750000e+03
4.857546875000000000e+03
4.898206542968750000e+03
4.855617187500000000e+03
4.828844726562500000e+03
4.835073242187500000e+03
4.784373046875000000e+03
4.779760742187500000e+03
4.784591308593750000e+03
4.736046386718750000e+03
4.754690917968750000e+03
4.730561035156250000e+03
4.726570800781250000e+03
4.743304687500000000e+03
4.736202148437500000e+03
4.714091796875000000e+03
4.683962402343750000e+03
4.683297851562500000e+03
4.671177246093750000e+03
4.685337402343750000e+03
4.682382324218750000e+03
4.716399414062500000e+03
4.722237792968750000e+03
4.735854003906250000e+03
4.676275878906250000e+03
4.657140625000000000e+03
4.582980468750000000e+03
4.570053710937500000e+03
4.567437500000000000e+03
4.606907714843750000e+03
4.611579589843750000e+03
4.616371582031250000e+03
4.625000976562500000e+03
4.563314941406250000e+03
4.477058105468750000e+03
4.476668457031250000e+03
4.516053222656250000e+03
4.561694335937500000e+03
4.538150390625000000e+03
4.526875976562500000e+03
4.472663574218750000e+03
4.442786621093750000e+03
4.411634765625000000e+03
4.424906738281250000e+03
4.436734863281250000e+03
4.400068847656250000e+03
4.421811523437500000e+03
4.372244628906250000e+03
4.369147460937500000e+03
4.365898437500000000e+03
4.374093261718750000e+03
4.369760742187500000e+03
4.399375000000000000e+03
4.400654296875000000e+03
4.370232910156250000e+03
4.376929687500000000e+03
4.301534667968750000e+03
4.263372558593750000e+03
4.249209472656250000e+03
4.231648437500000000e+03
4.232984863281250000e+03
4.229533691406250000e+03
4.218608886718750000e+03
4.172140625000000000e+03
4.192474121093750000e+03
4.180172851562500000e+03
4.162482421875000000e+03
4.158682128906250000e+03
4.206465820312500000e+03
4.208024414062500000e+03
4.286777832031250000e+03
4.247235351562500000e+03
4.181619140625000000e+03
4.105804199218750000e+03
4.099274414062500000e+03
4.047478515625000000e+03
4.039442382812500000e+03
4.040101074218750000e+03
4.025742187500000000e+03
4.028936035156250000e+03
4.012250000000000000e+03
4.010942626953125000e+03
4.068613525390625000e+03
4.130730468750000000e+03
4.139221191406250000e+03
4.045707519531250000e+03
3.964830322265625000e+03
3.904265869140625000e+03
3.924116943359375000e+03
3.888059326171875000e+03
3.884128173828125000e+03
3.887132080078125000e+03
3.925006347656250000e+03
3.978606933593750000e+03
4.044354736328125000e+03
3.948554931640625000e+03
3.874407714843750000e+03
3.801729003906250000e+03
3.761122558593750000e+03
3.758919189453125000e+03
3.761791015625000000e+03
3.732226074218750000e+03
3.728841308593750000e+03
3.713679931640625000e+03
3.749539550781250000e+03
3.873107177734375000e+03
3.933004638671875000e+03
3.873349853515625000e+03
3.718221679687500000e+03
3.658282714843750000e+03
3.608924072265625000e+03
3.608699951171875000e+03
3.590006347656250000e+03
3.651277343750000000e+03
3.766301269531250000e+03
3.839046630859375000e+03
3.766387695312500000e+03
3.613023681640625000e+03
3.534567871093750000e+03
3.493119384765625000e+03
3.489646728515625000e+03
3.496354736328125000e+03
3.470567626953125000e+03
3.439281738281250000e+03
3.437687744140625000e+03
3.414882568359375000e+03
3.405206542968750000e+03
3.565086181640625000e+03
3.744128906250000000e+03
3.754771728515625000e+03
3.519854248046875000e+03
3.361997558593750000e+03
3.307802246093750000e+03
3.312403320312500000e+03
3.301599853515625000e+03
3.270077636718750000e+03
3.253396972656250000e+03
3.351061279296875000e+03
3.488705078125000000e+03
3.642901855468750000e+03
3.564478027343750000e+03
3.315430175781250000e+03
3.209757324218750000e+03
3.156940185546875000e+03
3.111326904296875000e+03
3.138244873046875000e+03
3.109087402343750000e+03
3.114492675781250000e+03
3.116536376953125000e+03
3.309166015625000000e+03
3.610782226562500000e+03
3.549452392578125000e+03
3.259086181640625000e+03
3.035394287109375000e+03
2.988562011718750000e+03
3.020674560546875000e+03
3.152259277343750000e+03
3.421869384765625000e+03
3.455410644531250000e+03
3.236864257812500000e+03
3.026520996093750000e+03
2.916026855468750000e+03
2.886372070312500000e+03
2.879261962890625000e+03
2.861561523437500000e+03
2.871414550781250000e+03
3.044051269531250000e+03
3.408729736328125000e+03
3.423731689453125000e+03
3.097450927734375000e+03
2.813068359375000000e+03
2.753821044921875000e+03
2.811661865234375000e+03
3.047044677734375000e+03
3.365489990234375000e+03
3.162168212890625000e+03
2.858190917968750000e+03
2.701544677734375000e+03
2.663235351562500000e+03
2.647139404296875000e+03
2.639343017578125000e+03
2.657069580078125000e+03
2.787186523437500000e+03
3.208364990234375000e+03
3.312935058593750000e+03
3.000956542968750000e+03
2.635386230468750000e+03
2.537750488281250000e+03
2.552832031250000000e+03
2.697552978515625000e+03
3.124198974609375000e+03
3.153783935546875000e+03
2.823164062500000000e+03
2.545441406250000000e+03
2.469845703125000000e+03
2.413021728515625000e+03
2.377876220703125000e+03
2.423723876953125000e+03
2.505237548828125000e+03
2.810448242187500000e+03
3.207909667968750000e+03
3.048472412109375000e+03
2.506692138671875000e+03
2.326858398437500000e+03
2.351702148437500000e+03
2.516289306640625000e+03
3.018794677734375000e+03
2.930369628906250000e+03
2.697986572265625000e+03
2.354335449218750000e+03
2.250777587890625000e+03
2.215453369140625000e+03
2.189315185546875000e+03
2.192243408203125000e+03
2.298197509765625000e+03
2.730591552734375000e+03
3.413075927734375000e+03
2.637810302734375000e+03
2.308969238281250000e+03
2.143411376953125000e+03
2.124377685546875000e+03
2.195387451171875000e+03
2.445784667968750000e+03
3.209779541015625000e+03
2.666681884765625000e+03
2.345316894531250000e+03
2.189062744140625000e+03
2.210949218750000000e+03
2.294006591796875000e+03
2.565638916015625000e+03
2.528479248046875000e+03
2.516700927734375000e+03
2.177889892578125000e+03
2.052197509765625000e+03
1.968403320312500000e+03
1.984579833984375000e+03
2.109837890625000000e+03
2.742177734375000000e+03
2.839333984375000000e+03
2.538832519531250000e+03
2.038311523437500000e+03
1.932698974609375000e+03
1.866794433593750000e+03
1.859000366210937500e+03
1.863245361328125000e+03
2.078543701171875000e+03
2.736107910156250000e+03
3.185854003906250000e+03
1.931782836914062500e+03
1.770472290039062500e+03
2.160162353515625000e+03
2.822079345703125000e+03
3.021032714843750000e+03
1.803037475585937500e+03
2.905186035156250000e+03
3.980209960937500000e+03
2.046037597656250000e+03
5.538061523437500000e+03
2.289052001953125000e+03
7.559474121093750000e+03
7.190969238281250000e+03
2.151834228515625000e+03
4.098931152343750000e+03
2.876914062500000000e+03
2.263034423828125000e+03
4.529374511718750000e+03
1.961247314453125000e+03
5.600568847656250000e+03
3.979801269531250000e+03
5.221132812500000000e+03
5.099625976562500000e+03
3.277588623046875000e+03
3.910640869140625000e+03
2.741390380859375000e+03
2.298778564453125000e+03
3.563142333984375000e+03
2.354739013671875000e+03
4.103404785156250000e+03
2.176154541015625000e+03
5.108467285156250000e+03
4.234750976562500000e+03
3.594266845703125000e+03
3.607074951171875000e+03
3.428530273437500000e+03
3.313565673828125000e+03
3.157084228515625000e+03
2.343874755859375000e+03
3.932851074218750000e+03
3.125458984375000000e+03
3.409911376953125000e+03
2.720584228515625000e+03
3.731121582031250000e+03
3.453677001953125000e+03
2.734522460937500000e+03
2.651667724609375000e+03
3.092401611328125000e+03
2.764601074218750000e+03
2.907543945312500000e+03
2.078193359375000000e+03
3.378593017578125000e+03
2.411909912109375000e+03
3.581956054687500000e+03
2.622294677734375000e+03
3.906284912109375000e+03
3.651949218750000000e+03
2.581501220703125000e+03
2.839215332031250000e+03
2.683223632812500000e+03
2.938046386718750000e+03
2.122754882812500000e+03
2.490204589843750000e+03
2.392172851562500000e+03
2.293900390625000000e+03
2.406771972656250000e+03
1.726211669921875000e+03
2.580255126953125000e+03
1.676431518554687500e+03
2.831956054687500000e+03
1.629278320312500000e+03
2.324717529296875000e+03
1.670626708984375000e+03
2.013383666992187500e+03
2.094728759765625000e+03
1.771097656250000000e+03
2.321777587890625000e+03
1.643128540039062500e+03
1.922238281250000000e+03
1.717225097656250000e+03
1.545814941406250000e+03
1.770538940429687500e+03
1.588135009765625000e+03
1.535775146484375000e+03
1.663902343750000000e+03
1.579500976562500000e+03
1.494765625000000000e+03
1.511791992187500000e+03
1.536551635742187500e+03
1.534540283203125000e+03
1.454220458984375000e+03
1.443860961914062500e+03
1.478931640625000000e+03
1.507821166992187500e+03
1.554816040039062500e+03
1.465858032226562500e+03
1.439286010742187500e+03
1.387052001953125000e+03
1.375067626953125000e+03
1.404302856445312500e+03
1.450827758789062500e+03
1.630248535156250000e+03
1.706878540039062500e+03
1.750545776367187500e+03
1.478033935546875000e+03
1.370165527343750000e+03
1.374235107421875000e+03
1.482728637695312500e+03
1.784511108398437500e+03
1.675831176757812500e+03
1.669164306640625000e+03
1.504739013671875000e+03
1.488776000976562500e+03
1.453695678710937500e+03
1.450746826171875000e+03
1.387692871093750000e+03
1.392881713867187500e+03
1.502506835937500000e+03
1.847729980468750000e+03
1.696270629882812500e+03
1.658960327148437500e+03
1.463670288085937500e+03
1.419257812500000000e+03
1.376851928710937500e+03
1.348281372070312500e+03
1.384963378906250000e+03
1.648564697265625000e+03
1.871981689453125000e+03
1.903040771484375000e+03
1.359353881835937500e+03
1.239526000976562500e+03
1.225153930664062500e+03
1.258793457031250000e+03
1.506449707031250000e+03
2.086461669921875000e+03
1.937768798828125000e+03
1.242874877929687500e+03
1.280341064453125000e+03
1.855580688476562500e+03
1.782101196289062500e+03
1.484975952148437500e+03
1.298211059570312500e+03
1.214451049804687500e+03
1.181959716796875000e+03
1.346722167968750000e+03
2.057578613281250000e+03
1.659815429687500000e+03
1.510538818359375000e+03
1.531332641601562500e+03
1.652771606445312500e+03
1.469648315429687500e+03
1.264793212890625000e+03
1.288676391601562500e+03
1.587398681640625000e+03
2.071841064453125000e+03
1.358211425781250000e+03
1.207839111328125000e+03
1.212145263671875000e+03
1.519576660156250000e+03
1.953132812500000000e+03
1.692990356445312500e+03
1.296393188476562500e+03
1.325731445312500000e+03
1.623823608398437500e+03
1.833912109375000000e+03
1.613239013671875000e+03
1.347308837890625000e+03
1.370691284179687500e+03
1.619315795898437500e+03
1.797837768554687500e+03
1.390275024414062500e+03
1.191629760742187500e+03
1.297460571289062500e+03
1.819681274414062500e+03
1.933779174804687500e+03
1.206988037109375000e+03
1.198289794921875000e+03
1.747373657226562500e+03
1.925111206054687500e+03
1.433146362304687500e+03
1.200172119140625000e+03
1.156490844726562500e+03
1.243303344726562500e+03
1.672537353515625000e+03
1.957698974609375000e+03
1.261999755859375000e+03
1.128982910156250000e+03
1.478247802734375000e+03
2.147944335937500000e+03
1.455833862304687500e+03
1.171790283203125000e+03
1.253066528320312500e+03
1.585076782226562500e+03
1.781771850585937500e+03
1.528954467773437500e+03
1.300066772460937500e+03
1.227961547851562500e+03
1.291890014648437500e+03
1.420311523437500000e+03
1.621907470703125000e+03
1.586516601562500000e+03
1.336386962890625000e+03
1.164157958984375000e+03
1.119465942382812500e+03
1.127906127929687500e+03
1.312341186523437500e+03
1.927758789062500000e+03
1.823369506835937500e+03
1.202384399414062500e+03
1.100808349609375000e+03
1.335187377929687500e+03
1.916130126953125000e+03
1.568172851562500000e+03
1.176850341796875000e+03
1.165285766601562500e+03
1.493506103515625000e+03
2.016263183593750000e+03
1.516242431640625000e+03
1.199488769531250000e+03
1.133676513671875000e+03
1.195171386718750000e+03
1.376132690429687500e+03
1.724080688476562500e+03
1.600161132812500000e+03
1.306414916992187500e+03
1.110955200195312500e+03
1.166130371093750000e+03
1.654781494140625000e+03
1.962085449218750000e+03
1.152071533203125000e+03
1.130886108398437500e+03
1.692062011718750000e+03
1.954056640625000000e+03
1.331134033203125000e+03
1.116045776367187500e+03
1.137233764648437500e+03
1.296522338867187500e+03
1.744680664062500000e+03
1.704985351562500000e+03
1.235663085937500000e+03
1.082855957031250000e+03
1.053988037109375000e+03
1.052461914062500000e+03
1.057979370117187500e+03
1.100065429687500000e+03
1.268029785156250000e+03
1.919999267578125000e+03
1.723165527343750000e+03
1.181924682617187500e+03
1.102328857421875000e+03
1.488603637695312500e+03
2.046540161132812500e+03
1.300348754882812500e+03
1.068423095703125000e+03
1.114777221679687500e+03
1.441633300781250000e+03
2.026610595703125000e+03
1.449825805664062500e+03
1.149831787109375000e+03
1.118435424804687500e+03
1.159645019531250000e+03
1.268525878906250000e+03
1.575862426757812500e+03
1.658549194335937500e+03
1.325120971679687500e+03
1.099713012695312500e+03
1.045377075195312500e+03
1.038398193359375000e+03
1.056486572265625000e+03
1.214235595703125000e+03
1.878646118164062500e+03
1.509462036132812500e+03
1.250907470703125000e+03
1.304460205078125000e+03
1.277295776367187500e+03
1.344124633789062500e+03
1.183238769531250000e+03
1.136174682617187500e+03
1.130398193359375000e+03
1.334231445312500000e+03
1.937491455078125000e+03
1.289017700195312500e+03
1.119375366210937500e+03
1.169473388671875000e+03
1.303327026367187500e+03
1.656747192382812500e+03
1.425121459960937500e+03
1.235825317382812500e+03
1.069391601562500000e+03
1.129461181640625000e+03
1.794868774414062500e+03
1.914867431640625000e+03
1.056462890625000000e+03
1.193657958984375000e+03
2.040560180664062500e+03
1.247764770507812500e+03
1.035157714843750000e+03
1.355444091796875000e+03
2.044200683593750000e+03
1.326449218750000000e+03
1.052189941406250000e+03
1.125380981445312500e+03
1.445838989257812500e+03
1.891301513671875000e+03
1.368853393554687500e+03
1.154092773437500000e+03
1.093465209960937500e+03
1.179088012695312500e+03
1.388213867187500000e+03
1.658361938476562500e+03
1.433166503906250000e+03
1.219936889648437500e+03
1.052248657226562500e+03
1.025939697265625000e+03
1.116516479492187500e+03
1.489057006835937500e+03
1.865208007812500000e+03
1.381436157226562500e+03
1.155299316406250000e+03
1.102666625976562500e+03
1.194720825195312500e+03
1.256828002929687500e+03
1.424321166992187500e+03
1.334470947265625000e+03
1.271915039062500000e+03
1.155859008789062500e+03
1.182548706054687500e+03
1.297047851562500000e+03
1.651928100585937500e+03
1.583718261718750000e+03
1.203791259765625000e+03
1.024865844726562500e+03
1.053570190429687500e+03
1.428003540039062500e+03
1.717388671875000000e+03
1.259407104492187500e+03
1.049108276367187500e+03
9.981965942382812500e+02
9.910997924804687500e+02
1.045823120117187500e+03
1.358397094726562500e+03
1.863773803710937500e+03
1.173450195312500000e+03
9.909130859375000000e+02
1.247229858398437500e+03
2.091695556640625000e+03
1.309705444335937500e+03
1.025205810546875000e+03
1.069211914062500000e+03
1.315278198242187500e+03
1.947218872070312500e+03
1.327848632812500000e+03
1.077902343750000000e+03
1.020730895996093750e+03
1.095659790039062500e+03
1.279355224609375000e+03
1.739863769531250000e+03
1.505175292968750000e+03
1.175294311523437500e+03
1.004316101074218750e+03
1.068012207031250000e+03
1.542955688476562500e+03
1.769954833984375000e+03
1.099205688476562500e+03
9.655003051757812500e+02
1.221114624023437500e+03
2.030235961914062500e+03
1.315247192382812500e+03
1.044528808593750000e+03
9.951117553710937500e+02
1.077967163085937500e+03
1.503676513671875000e+03
1.742069946289062500e+03
1.150769287109375000e+03
9.682783813476562500e+02
1.074389526367187500e+03
1.718642089843750000e+03
1.732138793945312500e+03
1.053916748046875000e+03
1.053833129882812500e+03
1.570569824218750000e+03
1.777667114257812500e+03
1.168315917968750000e+03
1.006328796386718750e+03
9.745541381835937500e+02
1.033804687500000000e+03
1.433859008789062500e+03
1.793572265625000000e+03
1.094013183593750000e+03
9.744804687500000000e+02
1.344392700195312500e+03
2.106941162109375000e+03
1.100520629882812500e+03
1.010280090332031250e+03
1.487905517578125000e+03
1.614095947265625000e+03
1.215326416015625000e+03
9.729568481445312500e+02
1.252103515625000000e+03
2.192915039062500000e+03
1.063984741210937500e+03
1.002938049316406250e+03
1.736161010742187500e+03
1.763788696289062500e+03
1.030169311523437500e+03
1.142136108398437500e+03
1.579478637695312500e+03
1.561311767578125000e+03
1.118268554687500000e+03
1.003480468750000000e+03
9.603114013671875000e+02
9.713928833007812500e+02
1.049926879882812500e+03
1.422208862304687500e+03
1.785017822265625000e+03
1.079682373046875000e+03
9.796744995117187500e+02
1.448493530273437500e+03
1.992645141601562500e+03
1.050914306640625000e+03
1.070367553710937500e+03
1.750847534179687500e+03
1.381676513671875000e+03
1.088667846679687500e+03
9.517988281250000000e+02
1.201005493164062500e+03
2.060484863281250000e+03
1.182048706054687500e+03
9.480433959960937500e+02
9.520422973632812500e+02
1.167970825195312500e+03
1.808508300781250000e+03
1.368327514648437500e+03
1.113021484375000000e+03
9.724431762695312500e+02
1.166098022460937500e+03
1.900000610351562500e+03
1.311532714843750000e+03
1.035888183593750000e+03
9.423803100585937500e+02
9.553143920898437500e+02
1.015185424804687500e+03
1.256798950195312500e+03
1.645188354492187500e+03
1.268177001953125000e+03
9.867811279296875000e+02
9.380750732421875000e+02
9.302698974609375000e+02
9.232635498046875000e+02
9.176136474609375000e+02
1.025496582031250000e+03
1.547605468750000000e+03
1.884838989257812500e+03
9.272459106445312500e+02
1.234896850585937500e+03
2.010668945312500000e+03
9.732479248046875000e+02
1.206797729492187500e+03
1.981034790039062500e+03
9.624345703125000000e+02
1.159111938476562500e+03
2.232571777343750000e+03
9.255000000000000000e+02
2.400979736328125000e+03
1.196817993164062500e+03
9.221754760742187500e+02
1.359514770507812500e+03
1.697705932617187500e+03
1.157594970703125000e+03
9.243400878906250000e+02
1.360292358398437500e+03
2.184557373046875000e+03
9.451397094726562500e+02
1.378960449218750000e+03
2.424332519531250000e+03
9.333450927734375000e+02
2.756250488281250000e+03
1.098664794921875000e+03
4.054529541015625000e+03
3.211094970703125000e+03
2.708514404296875000e+03
3.186752197265625000e+03
1.481125610351562500e+03
2.255086914062500000e+03
1.638023925781250000e+03
1.049224609375000000e+03
1.845239501953125000e+03
1.211271362304687500e+03
9.347798461914062500e+02
9.940043945312500000e+02
1.297362915039062500e+03
1.815251098632812500e+03
1.085403686523437500e+03
9.316056518554687500e+02
9.644546508789062500e+02
1.129199218750000000e+03
1.468007934570312500e+03
1.167075927734375000e+03
1.040832275390625000e+03
9.335068359375000000e+02
9.738683471679687500e+02
1.227564208984375000e+03
1.528878295898437500e+03
1.258112182617187500e+03
1.047046264648437500e+03
1.058354858398437500e+03
1.056470947265625000e+03
1.217711791992187500e+03
1.135385131835937500e+03
1.208155151367187500e+03
1.080728271484375000e+03
1.121156250000000000e+03
1.170260375976562500e+03
1.473094482421875000e+03
1.414034301757812500e+03
1.166473510742187500e+03
9.464991455078125000e+02
9.152455444335937500e+02
9.207993164062500000e+02
9.730066528320312500e+02
1.182302124023437500e+03
1.731808349609375000e+03
1.318769775390625000e+03
1.047837280273437500e+03
9.582260131835937500e+02
9.739788818359375000e+02
1.057993530273437500e+03
1.432948120117187500e+03
1.502462646484375000e+03
1.109972045898437500e+03
9.173710937500000000e+02
8.970814819335937500e+02
8.830490722656250000e+02
8.767999267578125000e+02
8.901777343750000000e+02
9.601385498046875000e+02
1.370242919921875000e+03
1.832350463867187500e+03
9.234875488281250000e+02
1.051458984375000000e+03
1.722826660156250000e+03
1.233029785156250000e+03
9.406109619140625000e+02
9.118074340820312500e+02
9.511879882812500000e+02
1.192634033203125000e+03
1.705600830078125000e+03
1.089833007812500000e+03
8.978043823242187500e+02
8.632840576171875000e+02
8.881428833007812500e+02
1.032884155273437500e+03
1.789033813476562500e+03
1.473790161132812500e+03
9.770579833984375000e+02
8.794493408203125000e+02
9.639700927734375000e+02
1.568738647460937500e+03
1.696406005859375000e+03
9.192194213867187500e+02
9.780711669921875000e+02
1.683792480468750000e+03
1.320223999023437500e+03
1.102406127929687500e+03
1.157794189453125000e+03
1.371013916015625000e+03
1.379956787109375000e+03
1.094399780273437500e+03
9.984844970703125000e+02
9.506224975585937500e+02
9.992183837890625000e+02
1.252371459960937500e+03
1.691851196289062500e+03
1.303701416015625000e+03
1.025953979492187500e+03
9.875791015625000000e+02
1.189238769531250000e+03
1.351654052734375000e+03
1.368835937500000000e+03
9.809142456054687500e+02
8.985688476562500000e+02
8.871790771484375000e+02
1.006399414062500000e+03
1.630949951171875000e+03
1.558332763671875000e+03
9.328859863281250000e+02
8.950869750976562500e+02
1.282291748046875000e+03
1.865082153320312500e+03
9.989584350585937500e+02
9.767526855468750000e+02
1.389177001953125000e+03
1.147143310546875000e+03
1.093499023437500000e+03
9.419378051757812500e+02
1.006400878906250000e+03
1.299567749023437500e+03
1.602291625976562500e+03
1.224082153320312500e+03
1.058890747070312500e+03
1.038885131835937500e+03
1.304871704101562500e+03
1.170062133789062500e+03
1.163350952148437500e+03
9.448717651367187500e+02
8.772409057617187500e+02
8.632520141601562500e+02
8.936676025390625000e+02
1.009090881347656250e+03
1.506076538085937500e+03
1.629901000976562500e+03
9.175014648437500000e+02
9.137633056640625000e+02
1.463870483398437500e+03
1.636996337890625000e+03
9.851816406250000000e+02
8.731406860351562500e+02
1.079802734375000000e+03
1.385623046875000000e+03
1.474045776367187500e+03
1.185369750976562500e+03
1.134665405273437500e+03
1.175358642578125000e+03
1.379228759765625000e+03
1.210969116210937500e+03
1.193222778320312500e+03
9.643414916992187500e+02
8.975104980468750000e+02
8.959603881835937500e+02
1.010019470214843750e+03
1.372048095703125000e+03
1.525104003906250000e+03
1.200159790039062500e+03
1.090889038085937500e+03
1.080788208007812500e+03
1.314466064453125000e+03
1.121433959960937500e+03
1.117715820312500000e+03
9.229452514648437500e+02
8.635653076171875000e+02
8.516419067382812500e+02
8.541484375000000000e+02
8.738020019531250000e+02
8.827223510742187500e+02
1.029269653320312500e+03
1.687636474609375000e+03
1.340601440429687500e+03
1.074546142578125000e+03
9.064143066406250000e+02
1.228433105468750000e+03
2.105578369140625000e+03
8.370978393554687500e+02
1.758526000976562500e+03
1.544348022460937500e+03
9.109491577148437500e+02
8.381507568359375000e+02
8.796795043945312500e+02
1.138791992187500000e+03
1.860247192382812500e+03
1.033775146484375000e+03
8.746309204101562500e+02
8.554606323242187500e+02
8.316599731445312500e+02
8.364171752929687500e+02
9.505869750976562500e+02
1.394480224609375000e+03
1.574969848632812500e+03
1.168389892578125000e+03
1.044916137695312500e+03
1.024259765625000000e+03
1.343778198242187500e+03
1.193743041992187500e+03
1.212398559570312500e+03
9.359040527343750000e+02
8.715910034179687500e+02
8.488417358398437500e+02
8.912413330078125000e+02
1.189089233398437500e+03
1.747312011718750000e+03
1.179595703125000000e+03
9.485693969726562500e+02
8.851968994140625000e+02
9.604701538085937500e+02
1.114123535156250000e+03
1.667811279296875000e+03
1.133702636718750000e+03
9.484856567382812500e+02
8.675598144531250000e+02
8.316295776367187500e+02
8.345071411132812500e+02
9.257218017578125000e+02
1.275399780273437500e+03
1.611958129882812500e+03
1.206343750000000000e+03
9.802406005859375000e+02
8.969744262695312500e+02
1.025691040039062500e+03
1.194393066406250000e+03
1.577475463867187500e+03
1.138761352539062500e+03
9.757658081054687500e+02
8.974284667968750000e+02
8.826037597656250000e+02
9.397526855468750000e+02
1.478475952148437500e+03
1.605224121093750000e+03
8.973458251953125000e+02
1.036938110351562500e+03
1.676729492187500000e+03
1.045136352539062500e+03
8.120247192382812500e+02
9.045684814453125000e+02
1.529959350585937500e+03
1.560597290039062500e+03
9.015385742187500000e+02
9.262755737304687500e+02
1.532643798828125000e+03
1.396386474609375000e+03
9.744616699218750000e+02
9.602607421875000000e+02
1.059038085937500000e+03
1.484088623046875000e+03
1.318248657226562500e+03
1.020202209472656250e+03
8.527036743164062500e+02
8.189777221679687500e+02
8.088085937500000000e+02
8.428781738281250000e+02
1.019277893066406250e+03
1.549769531250000000e+03
1.188338989257812500e+03
1.005376464843750000e+03
1.147832397460937500e+03
1.206936035156250000e+03
1.352228271484375000e+03
9.661719360351562500e+02
9.389476318359375000e+02
9.435184326171875000e+02
1.338624023437500000e+03
1.552656616210937500e+03
9.278387451171875000e+02
7.976051025390625000e+02
9.058238525390625000e+02
1.552349487304687500e+03
1.483250488281250000e+03
9.226029052734375000e+02
8.509024658203125000e+02
1.291392578125000000e+03
1.906985961914062500e+03
8.479804077148437500e+02
1.073231201171875000e+03
2.281533447265625000e+03
8.336984863281250000e+02
2.644333740234375000e+03
1.130696289062500000e+03
4.300687500000000000e+03
4.309809082031250000e+03
8.974569702148437500e+02
3.837998291015625000e+03
2.866525634765625000e+03
2.448746093750000000e+03
2.589906250000000000e+03
1.968208129882812500e+03
1.742163818359375000e+03
2.752554687500000000e+03
2.183083251953125000e+03
2.550897460937500000e+03
2.505777099609375000e+03
2.002745971679687500e+03
2.476535644531250000e+03
1.342601440429687500e+03
1.467884521484375000e+03
2.238312255859375000e+03
1.352616210937500000e+03
2.779534179687500000e+03
2.190648925781250000e+03
2.637175292968750000e+03
2.451478759765625000e+03
2.229588134765625000e+03
2.288708007812500000e+03
1.846171142578125000e+03
1.366672119140625000e+03
2.659864746093750000e+03
2.085253173828125000e+03
2.596016845703125000e+03
2.407425292968750000e+03
1.990530273437500000e+03
1.871502685546875000e+03
2.255690185546875000e+03
2.548956054687500000e+03
1.241137084960937500e+03
2.381073730468750000e+03
1.025038696289062500e+03
1.729270874023437500e+03
1.290001098632812500e+03
9.782945556640625000e+02
1.445980957031250000e+03
1.114022094726562500e+03
9.278127441406250000e+02
1.003800659179687500e+03
9.844455566406250000e+02
9.364769897460937500e+02
9.583134155273437500e+02
9.482199707031250000e+02
9.123179321289062500e+02
8.722686767578125000e+02
8.921220703125000000e+02
1.010757629394531250e+03
1.028281860351562500e+03
1.110955444335937500e+03
1.040915893554687500e+03
1.063247802734375000e+03
8.848292236328125000e+02
8.498264160156250000e+02
8.259105834960937500e+02
8.001847534179687500e+02
8.170002441406250000e+02
9.103173828125000000e+02
1.284931274414062500e+03
1.476865112304687500e+03
1.103401611328125000e+03
1.007914550781250000e+03
9.503253784179687500e+02
1.191478515625000000e+03
1.085761840820312500e+03
1.259969238281250000e+03
1.057412109375000000e+03
1.155796020507812500e+03
1.166781127929687500e+03
1.261707885742187500e+03
1.211047851562500000e+03
1.116757690429687500e+03
1.034930786132812500e+03
1.198172485351562500e+03
1.167527221679687500e+03
1.178312011718750000e+03
9.886217651367187500e+02
1.119331176757812500e+03
1.141580810546875000e+03
1.283743041992187500e+03
1.150038452148437500e+03
1.108282348632812500e+03
9.811679687500000000e+02
1.130843261718750000e+03
1.097604858398437500e+03
1.216774291992187500e+03
1.045328857421875000e+03
1.114982421875000000e+03
1.010580993652343750e+03
1.146182373046875000e+03
1.072845458984375000e+03
1.153564331054687500e+03
1.022806884765625000e+03
1.095559814453125000e+03
1.005050842285156250e+03
1.120589233398437500e+03
1.024002685546875000e+03
1.107634155273437500e+03
9.912408447265625000e+02
1.055973510742187500e+03
9.900225830078125000e+02
1.098068481445312500e+03
1.014843322753906250e+03
1.120026123046875000e+03
9.931887207031250000e+02
1.070161621093750000e+03
9.592447509765625000e+02
1.001241210937500000e+03
9.375773925781250000e+02
1.009663146972656250e+03
1.018973754882812500e+03
1.197891967773437500e+03
1.118776123046875000e+03
1.108262084960937500e+03
9.052293090820312500e+02
8.897222290039062500e+02
8.759585571289062500e+02
9.605942993164062500e+02
1.044627441406250000e+03
1.328439331054687500e+03
1.170327880859375000e+03
1.008343261718750000e+03
8.710971679687500000e+02
8.510748901367187500e+02
8.846362304687500000e+02
1.093928466796875000e+03
1.220399169921875000e+03
1.169636596679687500e+03
9.794960937500000000e+02
1.037631591796875000e+03
1.036049926757812500e+03
1.229801635742187500e+03
1.075060424804687500e+03
1.073583862304687500e+03
8.978358154296875000e+02
9.279094848632812500e+02
9.439391479492187500e+02
1.221786621093750000e+03
1.293825073242187500e+03
1.026783325195312500e+03
8.398435058593750000e+02
8.644584350585937500e+02
9.187723999023437500e+02
1.239590820312500000e+03
1.227021850585937500e+03
1.060118041992187500e+03
8.340260009765625000e+02
7.820038452148437500e+02
7.679208374023437500e+02
7.967333374023437500e+02
8.286420898437500000e+02
1.097233276367187500e+03
1.458058959960937500e+03
9.567059326171875000e+02
7.625025634765625000e+02
7.881331787109375000e+02
1.014759216308593750e+03
1.395171997070312500e+03
1.088560668945312500e+03
8.883884277343750000e+02
9.845063476562500000e+02
1.213787475585937500e+03
1.313020263671875000e+03
1.033286865234375000e+03
1.046643676757812500e+03
9.539142456054687500e+02
1.177198608398437500e+03
1.101883300781250000e+03
1.170376342773437500e+03
1.041912719726562500e+03
1.149563476562500000e+03
1.097823486328125000e+03
1.192833984375000000e+03
1.070189941406250000e+03
1.119722167968750000e+03
9.866872558593750000e+02
1.105058959960937500e+03
1.001818481445312500e+03
1.132242553710937500e+03
1.059648437500000000e+03
1.144887573242187500e+03
1.052661254882812500e+03
1.102747436523437500e+03
9.744610595703125000e+02
1.044507934570312500e+03
9.568630981445312500e+02
1.071357666015625000e+03
1.012102233886718750e+03
1.132226928710937500e+03
1.020348388671875000e+03
1.104134521484375000e+03
9.655232543945312500e+02
1.021603576660156250e+03
9.403543090820312500e+02
1.020399963378906250e+03
9.803842163085937500e+02
1.122258178710937500e+03
1.060851074218750000e+03
1.117649780273437500e+03
9.493755493164062500e+02
9.615805664062500000e+02
8.876197509765625000e+02
9.322520141601562500e+02
9.459769897460937500e+02
1.165493530273437500e+03
1.163817871093750000e+03
1.101252441406250000e+03
9.034002685546875000e+02
9.450273437500000000e+02
9.317827148437500000e+02
1.125489624023437500e+03
1.090907348632812500e+03
1.124824707031250000e+03
9.637182617187500000e+02
9.983905639648437500e+02
9.727832641601562500e+02
1.163566284179687500e+03
1.076094970703125000e+03
1.078641845703125000e+03
9.132146606445312500e+02
9.485424804687500000e+02
9.341275024414062500e+02
1.147315185546875000e+03
1.168572875976562500e+03
1.099222778320312500e+03
9.276236572265625000e+02
9.905900878906250000e+02
9.704379272460937500e+02
1.155591308593750000e+03
1.041531127929687500e+03
1.072783691406250000e+03
9.181162109375000000e+02
9.678201293945312500e+02
9.676940917968750000e+02
1.170320312500000000e+03
1.115720092773437500e+03
1.083907958984375000e+03
8.942583007812500000e+02
9.087897949218750000e+02
9.148629760742187500e+02
1.133780395507812500e+03
1.131367919921875000e+03
1.099099853515625000e+03
9.174548950195312500e+02
9.543978271484375000e+02
9.381188964843750000e+02
1.142984741210937500e+03
1.075115844726562500e+03
1.100462768554687500e+03
9.131318359375000000e+02
9.698587646484375000e+02
9.378900146484375000e+02
1.126314453125000000e+03
1.112542602539062500e+03
1.099303710937500000e+03
9.252260131835937500e+02
9.852351684570312500e+02
9.606903076171875000e+02
1.104680664062500000e+03
1.014376159667968750e+03
1.065719604492187500e+03
9.454298095703125000e+02
1.048367309570312500e+03
9.735864868164062500e+02
1.109522216796875000e+03
1.017488464355468750e+03
1.100462402343750000e+03
9.612606811523437500e+02
1.040974487304687500e+03
9.667850952148437500e+02
1.090556274414062500e+03
9.959870605468750000e+02
1.065918090820312500e+03
9.687426757812500000e+02
1.069711547851562500e+03
9.540072631835937500e+02
1.048728027343750000e+03
9.653399658203125000e+02
1.049484863281250000e+03
9.744172973632812500e+02
1.083047119140625000e+03
9.923955688476562500e+02
1.084200317382812500e+03
9.465612182617187500e+02
1.016641418457031250e+03
9.517755126953125000e+02
1.061797119140625000e+03
9.723016357421875000e+02
1.071734619140625000e+03
9.666071777343750000e+02
1.063877075195312500e+03
9.652778320312500000e+02
1.080895385742187500e+03
9.642668457031250000e+02
1.036433105468750000e+03
9.145084228515625000e+02
9.910508422851562500e+02
9.405491333007812500e+02
1.079139404296875000e+03
1.032226196289062500e+03
1.131276123046875000e+03
9.395388183593750000e+02
9.765874023437500000e+02
8.789304809570312500e+02
9.907988281250000000e+02
9.798496704101562500e+02
1.161916381835937500e+03
1.068477783203125000e+03
1.070109130859375000e+03
8.958161621093750000e+02
9.812594604492187500e+02
9.400684204101562500e+02
1.108172119140625000e+03
1.058264038085937500e+03
1.102892578125000000e+03
9.194601440429687500e+02
9.495114746093750000e+02
9.022774658203125000e+02
1.049393310546875000e+03
1.042865356445312500e+03
1.156798828125000000e+03
9.899617309570312500e+02
1.034098022460937500e+03
9.008599243164062500e+02
9.985057983398437500e+02
9.526173095703125000e+02
1.085173461914062500e+03
1.013057495117187500e+03
1.096626708984375000e+03
9.724964599609375000e+02
1.018452087402343750e+03
9.194797973632812500e+02
1.004160644531250000e+03
9.430291748046875000e+02
1.081690917968750000e+03
1.001946472167968750e+03
1.093883178710937500e+03
9.549559326171875000e+02
9.901857299804687500e+02
9.082055664062500000e+02
1.025477783203125000e+03
9.816878051757812500e+02
1.113305664062500000e+03
9.975579833984375000e+02
1.058388183593750000e+03
9.377967529296875000e+02
1.027036621093750000e+03
9.382895507812500000e+02
1.043543823242187500e+03
9.427608032226562500e+02
1.029788696289062500e+03
9.645455932617187500e+02
1.079968261718750000e+03
9.899991455078125000e+02
1.064203613281250000e+03
9.251405029296875000e+02
1.004190002441406250e+03
9.063688964843750000e+02
1.032236938476562500e+03
9.694724731445312500e+02
1.086537719726562500e+03
9.880966796875000000e+02
1.046834106445312500e+03
9.197418212890625000e+02
1.002085388183593750e+03
9.270889282226562500e+02
1.052383422851562500e+03
9.712456665039062500e+02
1.068984863281250000e+03
9.718345947265625000e+02
1.024683105468750000e+03
9.179609985351562500e+02
1.005664672851562500e+03
9.305574951171875000e+02
1.055951293945312500e+03
9.869265136718750000e+02
1.074430175781250000e+03
9.596672363281250000e+02
1.058903076171875000e+03
9.372424926757812500e+02
1.030326904296875000e+03
9.165988769531250000e+02
1.008427673339843750e+03
9.316987304687500000e+02
1.050212036132812500e+03
1.003627075195312500e+03
1.093209350585937500e+03
9.674274291992187500e+02
1.022549926757812500e+03
9.072746582031250000e+02
9.688499145507812500e+02
9.141137695312500000e+02
1.056410522460937500e+03
1.013821838378906250e+03
1.105766357421875000e+03
9.597053833007812500e+02
1.016519348144531250e+03
8.925358276367187500e+02
9.714758300781250000e+02
9.287076416015625000e+02
1.090669677734375000e+03
1.008083129882812500e+03
1.063215576171875000e+03
9.054450683593750000e+02
9.583532104492187500e+02
8.896977539062500000e+02
1.028132812500000000e+03
1.000448974609375000e+03
1.102301513671875000e+03
9.623633422851562500e+02
1.003369934082031250e+03
8.962404785156250000e+02
9.775580444335937500e+02
9.298612670898437500e+02
1.082571289062500000e+03
9.855402221679687500e+02
1.060732055664062500e+03
9.314829711914062500e+02
1.024933593750000000e+03
9.395637207031250000e+02
1.053307250976562500e+03
9.363650512695312500e+02
1.041810058593750000e+03
9.467954711914062500e+02
1.030968017578125000e+03
9.496989746093750000e+02
1.053196655273437500e+03
9.433876342773437500e+02
1.031838867187500000e+03
9.406090087890625000e+02
1.034323364257812500e+03
9.211630859375000000e+02
1.032191040039062500e+03
9.318243408203125000e+02
1.025137939453125000e+03
9.432700195312500000e+02
1.059000244140625000e+03
9.527062988281250000e+02
1.015401000976562500e+03
9.061491699218750000e+02
1.008941589355468750e+03
9.319587402343750000e+02
1.057749633789062500e+03
9.621392211914062500e+02
1.052745361328125000e+03
9.190949096679687500e+02
9.757319946289062500e+02
9.011871337890625000e+02
1.007176391601562500e+03
9.582894287109375000e+02
1.107304931640625000e+03
9.842835083007812500e+02
1.027486816406250000e+03
8.852208251953125000e+02
9.406055908203125000e+02
8.793421630859375000e+02
1.065962646484375000e+03
1.013549072265625000e+03
1.082283691406250000e+03
9.280820922851562500e+02
9.778607177734375000e+02
8.918068237304687500e+02
1.013500793457031250e+03
9.319780883789062500e+02
1.041889160156250000e+03
9.508713378906250000e+02
1.016232421875000000e+03
9.379252319335937500e+02
1.051870483398437500e+03
9.516148071289062500e+02
1.013542724609375000e+03
8.969279785156250000e+02
9.689302368164062500e+02
9.201054077148437500e+02
1.065080322265625000e+03
9.898450927734375000e+02
1.053467285156250000e+03
9.023964233398437500e+02
9.608495483398437500e+02
8.889986572265625000e+02
1.007319091796875000e+03
9.354147338867187500e+02
1.059827880859375000e+03
9.491311645507812500e+02
1.025608764648437500e+03
9.075462646484375000e+02
1.028773681640625000e+03
9.402830200195312500e+02
1.034351928710937500e+03
9.389714965820312500e+02
1.022352661132812500e+03
9.063398437500000000e+02
9.752033081054687500e+02
9.122945556640625000e+02
1.046798461914062500e+03
9.791849365234375000e+02
1.053998779296875000e+03
8.956749267578125000e+02
9.668148193359375000e+02
8.794553222656250000e+02
9.963148193359375000e+02
9.478609619140625000e+02
1.089456298828125000e+03
9.469631347656250000e+02
1.001978576660156250e+03
8.990987548828125000e+02
9.788782348632812500e+02
9.087415771484375000e+02
1.034690307617187500e+03
9.441616821289062500e+02
1.043041625976562500e+03
9.118684082031250000e+02
1.004615600585937500e+03
9.138823852539062500e+02
1.045556640625000000e+03
9.476007690429687500e+02
1.019382995605468750e+03
8.934898071289062500e+02
9.678334350585937500e+02
8.877192382812500000e+02
1.040282958984375000e+03
9.826444702148437500e+02
1.075541259765625000e+03
9.151597290039062500e+02
9.685751342773437500e+02
8.773084106445312500e+02
1.001618103027343750e+03
9.359416503906250000e+02
1.053093261718750000e+03
9.316861572265625000e+02
1.000647338867187500e+03
9.132833862304687500e+02
1.013504516601562500e+03
9.268780517578125000e+02
1.022812255859375000e+03
9.161279907226562500e+02
9.984881591796875000e+02
9.112152099609375000e+02
9.985128784179687500e+02
9.171555175781250000e+02
1.052036010742187500e+03
9.404194335937500000e+02
1.055918212890625000e+03
8.814386596679687500e+02
9.626637573242187500e+02
8.763157958984375000e+02
1.010271667480468750e+03
9.470016479492187500e+02
1.066269531250000000e+03
9.544874877929687500e+02
1.003866333007812500e+03
8.798673095703125000e+02
9.532936401367187500e+02
8.745612182617187500e+02
1.017417053222656250e+03
9.553427124023437500e+02
1.079771362304687500e+03
9.313533935546875000e+02
9.974951782226562500e+02
8.703428344726562500e+02
9.761425781250000000e+02
9.005447998046875000e+02
1.017266296386718750e+03
9.291028442382812500e+02
1.031341918945312500e+03
9.395349731445312500e+02
1.032527465820312500e+03
8.856357421875000000e+02
9.597415161132812500e+02
8.780653076171875000e+02
9.737733764648437500e+02
9.316278076171875000e+02
1.048522949218750000e+03
9.498474121093750000e+02
1.040587280273437500e+03
8.806007690429687500e+02
9.365302124023437500e+02
8.538096313476562500e+02
9.716322631835937500e+02
9.496419067382812500e+02
1.077773925781250000e+03
9.744503784179687500e+02
1.014827819824218750e+03
8.815219726562500000e+02
9.660849609375000000e+02
8.648364257812500000e+02
9.726286010742187500e+02
9.320310058593750000e+02
1.057930786132812500e+03
9.745502929687500000e+02
1.030626464843750000e+03
8.765877685546875000e+02
9.530601806640625000e+02
8.821835937500000000e+02
1.008498413085937500e+03
9.237244873046875000e+02
1.032782104492187500e+03
9.206539916992187500e+02
9.843125000000000000e+02
8.947527465820312500e+02
9.886428222656250000e+02
9.123332519531250000e+02
1.032138305664062500e+03
9.235523071289062500e+02
1.004161315917968750e+03
8.853605957031250000e+02
9.573154907226562500e+02
8.790810546875000000e+02
9.930144042968750000e+02
9.345631713867187500e+02
1.030784790039062500e+03
9.136782226562500000e+02
9.867583007812500000e+02
8.681636352539062500e+02
9.687619018554687500e+02
8.816140747070312500e+02
1.012497741699218750e+03
9.301209106445312500e+02
1.045711425781250000e+03
9.100939941406250000e+02
9.609169311523437500e+02
8.574806518554687500e+02
9.529605102539062500e+02
9.037294921875000000e+02
1.048667602539062500e+03
9.462219848632812500e+02
1.012165344238281250e+03
8.826997680664062500e+02
9.591791381835937500e+02
8.716428833007812500e+02
9.893088378906250000e+02
9.130460815429687500e+02
1.008179748535156250e+03
9.220333862304687500e+02
1.031562744140625000e+03
8.824092407226562500e+02
9.697235717773437500e+02
8.687039794921875000e+02
9.696174316406250000e+02
9.160404663085937500e+02
1.051307617187500000e+03
9.267229614257812500e+02
1.000146545410156250e+03
8.793834838867187500e+02
9.667753295898437500e+02
8.757383422851562500e+02
9.846051635742187500e+02
9.009938964843750000e+02
1.023977478027343750e+03
9.202322387695312500e+02
9.977814941406250000e+02
8.816959228515625000e+02
9.723371582031250000e+02
8.659310913085937500e+02
9.871152343750000000e+02
9.217794799804687500e+02
1.028453735351562500e+03
8.981923217773437500e+02
9.651651000976562500e+02
8.455244140625000000e+02
9.344016723632812500e+02
8.681377563476562500e+02
1.003948547363281250e+03
9.338729858398437500e+02
1.034675048828125000e+03
9.026815795898437500e+02
9.789790039062500000e+02
8.622028198242187500e+02
9.520176391601562500e+02
8.652814331054687500e+02
9.561709594726562500e+02
9.194229736328125000e+02
1.049580444335937500e+03
9.436245727539062500e+02
1.000588928222656250e+03
8.494935913085937500e+02
9.112410888671875000e+02
8.516628417968750000e+02
9.757167968750000000e+02
9.275725708007812500e+02
1.055424316406250000e+03
9.149522705078125000e+02
9.518027343750000000e+02
8.475681762695312500e+02
9.380280761718750000e+02
8.729940185546875000e+02
1.001260253906250000e+03
9.176329956054687500e+02
1.030515380859375000e+03
9.085403442382812500e+02
9.738552246093750000e+02
8.534290771484375000e+02
9.234026489257812500e+02
8.834396362304687500e+02
1.031610351562500000e+03
9.429542236328125000e+02
1.013605163574218750e+03
8.517790527343750000e+02
9.049647216796875000e+02
8.544790649414062500e+02
9.983980102539062500e+02
9.504277954101562500e+02
1.045339965820312500e+03
8.872315673828125000e+02
9.248027343750000000e+02
8.430098876953125000e+02
9.511419067382812500e+02
9.100695800781250000e+02
1.063505004882812500e+03
9.067185668945312500e+02
9.381567382812500000e+02
8.321833496093750000e+02
9.174008178710937500e+02
8.829719238281250000e+02
1.049651733398437500e+03
9.806134033203125000e+02
1.024875366210937500e+03
8.502116699218750000e+02
8.881964721679687500e+02
8.301920166015625000e+02
9.799066772460937500e+02
9.453919067382812500e+02
1.057418701171875000e+03
9.070479736328125000e+02
9.431580810546875000e+02
8.476008911132812500e+02
9.327568359375000000e+02
8.809136352539062500e+02
1.014831054687500000e+03
9.149494018554687500e+02
9.864588012695312500e+02
8.621282348632812500e+02
9.328090820312500000e+02
8.613676757812500000e+02
9.823848876953125000e+02
9.204422607421875000e+02
1.029055419921875000e+03
8.760811767578125000e+02
9.301092529296875000e+02
8.310430908203125000e+02
9.489813842773437500e+02
8.868665771484375000e+02
1.009054748535156250e+03
9.053519897460937500e+02
9.782297973632812500e+02
8.756715087890625000e+02
9.693135986328125000e+02
8.615921020507812500e+02
9.543403320312500000e+02
8.761272583007812500e+02
9.605270996093750000e+02
8.879083251953125000e+02
9.841708374023437500e+02
9.154766845703125000e+02
1.010747924804687500e+03
8.598444213867187500e+02
9.372139892578125000e+02
8.412529296875000000e+02
9.241455688476562500e+02
8.658733520507812500e+02
9.974461669921875000e+02
9.331649780273437500e+02
1.011881347656250000e+03
8.757497558593750000e+02
9.312651367187500000e+02
8.257206420898437500e+02
9.210812988281250000e+02
8.902128295898437500e+02
1.034251464843750000e+03
9.394960937500000000e+02
9.949495849609375000e+02
8.481345825195312500e+02
9.173598022460937500e+02
8.360628051757812500e+02
9.304341430664062500e+02
8.796985473632812500e+02
1.012308837890625000e+03
9.294763183593750000e+02
1.004660644531250000e+03
8.517520751953125000e+02
9.089862670898437500e+02
8.222046508789062500e+02
9.151318359375000000e+02
8.859160766601562500e+02
1.049219116210937500e+03
9.614658813476562500e+02
9.900075073242187500e+02
8.301372680664062500e+02
8.897711791992187500e+02
8.326258544921875000e+02
9.487879638671875000e+02
9.133200683593750000e+02
1.068137207031250000e+03
9.088284912109375000e+02
9.381115722656250000e+02
8.007285156250000000e+02
8.547418212890625000e+02
8.415990600585937500e+02
9.863943481445312500e+02
9.499271850585937500e+02
1.023399719238281250e+03
8.811989135742187500e+02
9.221100463867187500e+02
8.397992553710937500e+02
9.654181518554687500e+02
8.734285888671875000e+02
9.875631713867187500e+02
8.758928833007812500e+02
9.730966796875000000e+02
8.678598022460937500e+02
9.627236328125000000e+02
8.694888916015625000e+02
9.629763183593750000e+02
8.651162109375000000e+02
9.712423095703125000e+02
8.956792602539062500e+02
9.801076660156250000e+02
8.689758911132812500e+02
9.453757324218750000e+02
8.546574707031250000e+02
9.446150512695312500e+02
8.776992187500000000e+02
9.712453002929687500e+02
8.856562500000000000e+02
9.731462402343750000e+02
8.472846679687500000e+02
8.921190795898437500e+02
8.338526000976562500e+02
9.239575805664062500e+02
9.009720458984375000e+02
1.028578613281250000e+03
8.835668334960937500e+02
9.343264770507812500e+02
8.121287231445312500e+02
8.591808471679687500e+02
8.299069213867187500e+02
1.020501098632812500e+03
9.701920166015625000e+02
9.993862304687500000e+02
8.125401000976562500e+02
8.392979125976562500e+02
8.123803100585937500e+02
9.753134155273437500e+02
9.431122436523437500e+02
1.055809814453125000e+03
8.695416870117187500e+02
9.044080810546875000e+02
8.248173828125000000e+02
9.118969726562500000e+02
8.707520751953125000e+02
1.013557556152343750e+03
9.280478515625000000e+02
1.012529968261718750e+03
8.561598510742187500e+02
8.904096679687500000e+02
8.123722534179687500e+02
9.308751831054687500e+02
8.986809692382812500e+02
1.031452636718750000e+03
9.157628173828125000e+02
9.587474365234375000e+02
8.128147583007812500e+02
8.628574829101562500e+02
8.267709960937500000e+02
9.769313964843750000e+02
9.259429321289062500e+02
9.902646484375000000e+02
8.617899169921875000e+02
9.235285034179687500e+02
8.283953857421875000e+02
9.142233276367187500e+02
8.604799804687500000e+02
1.004360473632812500e+03
8.980009155273437500e+02
9.773902587890625000e+02
8.388465576171875000e+02
8.862769165039062500e+02
8.270704956054687500e+02
9.306282348632812500e+02
8.977111816406250000e+02
1.045749389648437500e+03
8.998478393554687500e+02
9.336499633789062500e+02
8.099762573242187500e+02
8.647120971679687500e+02
8.294425659179687500e+02
9.681029052734375000e+02
9.407584838867187500e+02
1.025529663085937500e+03
8.587048339843750000e+02
8.740789184570312500e+02
7.980131835937500000e+02
9.018079223632812500e+02
8.849197387695312500e+02
1.047639038085937500e+03
9.150615844726562500e+02
9.476489868164062500e+02
8.298414916992187500e+02
8.873155517578125000e+02
8.221670532226562500e+02
9.564985961914062500e+02
8.943605957031250000e+02
9.999632568359375000e+02
8.890985107421875000e+02
9.397126464843750000e+02
8.274008178710937500e+02
8.989614257812500000e+02
8.580315551757812500e+02
1.010719238281250000e+03
9.175734252929687500e+02
9.874263916015625000e+02
8.340340576171875000e+02
8.722603149414062500e+02
8.025113525390625000e+02
9.148262939453125000e+02
8.958128051757812500e+02
1.039919311523437500e+03
9.092094116210937500e+02
9.390767211914062500e+02
7.949953002929687500e+02
8.272976684570312500e+02
7.981863403320312500e+02
9.117904052734375000e+02
9.187465820312500000e+02
1.051463134765625000e+03
8.946875610351562500e+02
9.223953857421875000e+02
7.974302368164062500e+02
8.361560668945312500e+02
8.268704833984375000e+02
9.864343261718750000e+02
9.598502197265625000e+02
1.027415405273437500e+03
8.570117187500000000e+02
8.873765869140625000e+02
7.877350463867187500e+02
8.653266601562500000e+02
8.409124755859375000e+02
1.004316101074218750e+03
9.576143188476562500e+02
1.006111877441406250e+03
8.393839721679687500e+02
8.792662353515625000e+02
7.987341308593750000e+02
9.109611816406250000e+02
8.755057983398437500e+02
1.010276062011718750e+03
9.163563842773437500e+02
9.688385009765625000e+02
8.321955566406250000e+02
8.856868286132812500e+02
8.274351806640625000e+02
9.687614135742187500e+02
8.960354614257812500e+02
9.769093017578125000e+02
8.519788818359375000e+02
8.789349975585937500e+02
8.180336303710937500e+02
9.236968994140625000e+02
8.780010986328125000e+02
9.898040771484375000e+02
8.659049072265625000e+02
9.210438842773437500e+02
8.214377441406250000e+02
9.106902465820312500e+02
8.504172973632812500e+02
9.450926513671875000e+02
9.053969116210937500e+02
9.868079833984375000e+02
8.584263916015625000e+02
9.142805175781250000e+02
8.199379882812500000e+02
9.093301391601562500e+02
8.437967529296875000e+02
9.386542358398437500e+02
8.948563842773437500e+02
9.875944213867187500e+02
8.598110961914062500e+02
9.273681030273437500e+02
8.073859252929687500e+02
8.846951293945312500e+02
8.211428222656250000e+02
9.415606689453125000e+02
9.136230468750000000e+02
1.029104370117187500e+03
8.777636718750000000e+02
9.023170776367187500e+02
7.891640014648437500e+02
8.561642456054687500e+02
8.267965087890625000e+02
9.862775878906250000e+02
9.345093994140625000e+02
9.866893310546875000e+02
8.347861328125000000e+02
8.672369995117187500e+02
7.979801025390625000e+02
9.038427124023437500e+02
8.806420898437500000e+02
1.032413574218750000e+03
8.891733398437500000e+02
9.306279296875000000e+02
8.122666015625000000e+02
8.621688232421875000e+02
8.299160766601562500e+02
9.669920654296875000e+02
8.966981811523437500e+02
1.002735168457031250e+03
8.351497192382812500e+02
8.776430053710937500e+02
8.056096801757812500e+02
8.885274047851562500e+02
8.481855468750000000e+02
1.002447570800781250e+03
9.103846435546875000e+02
9.628038940429687500e+02
8.029457397460937500e+02
8.237496337890625000e+02
7.887189331054687500e+02
8.948506469726562500e+02
9.156555175781250000e+02
1.045161987304687500e+03
8.842160644531250000e+02
9.040321655273437500e+02
7.930933837890625000e+02
8.656270141601562500e+02
8.339378051757812500e+02
1.005481018066406250e+03
9.051929321289062500e+02
9.647664794921875000e+02
8.193703002929687500e+02
8.695565185546875000e+02
8.075412597656250000e+02
9.218323974609375000e+02
8.703590698242187500e+02
9.867658081054687500e+02
8.913977661132812500e+02
9.401444702148437500e+02
8.206550903320312500e+02
8.902287597656250000e+02
8.189699707031250000e+02
8.957366333007812500e+02
8.526196289062500000e+02
1.007927673339843750e+03
8.798621826171875000e+02
9.379541625976562500e+02
7.982130126953125000e+02
8.305068359375000000e+02
7.845238037109375000e+02
8.731576538085937500e+02
8.750089721679687500e+02
1.030910400390625000e+03
9.109512939453125000e+02
9.419047241210937500e+02
7.742532348632812500e+02
7.711264038085937500e+02
7.515416870117187500e+02
8.681967163085937500e+02
8.952240600585937500e+02
1.078284179687500000e+03
9.269348144531250000e+02
9.026196289062500000e+02
7.700698242187500000e+02
8.025249633789062500e+02
7.841138305664062500e+02
9.776130981445312500e+02
9.684495849609375000e+02
9.991277465820312500e+02
8.254270629882812500e+02
8.604334106445312500e+02
7.964333496093750000e+02
9.113034057617187500e+02
8.752606811523437500e+02
1.018130798339843750e+03
8.878007202148437500e+02
9.175068969726562500e+02
8.109918823242187500e+02
8.905502319335937500e+02
8.348170166015625000e+02
9.816765747070312500e+02
8.873439941406250000e+02
9.611447143554687500e+02
8.329845581054687500e+02
8.786602172851562500e+02
8.076575927734375000e+02
8.880392456054687500e+02
8.596510620117187500e+02
9.911156005859375000e+02
8.744700927734375000e+02
9.291088867187500000e+02
8.119909667968750000e+02
8.588850097656250000e+02
7.862805175781250000e+02
8.688814697265625000e+02
8.665878295898437500e+02
1.012527893066406250e+03
8.914553833007812500e+02
9.298166503906250000e+02
7.903475952148437500e+02
8.019112548828125000e+02
7.629600830078125000e+02
8.708090209960937500e+02
8.922310791015625000e+02
1.053510131835937500e+03
8.953616333007812500e+02
9.105006713867187500e+02
7.683410034179687500e+02
7.884812622070312500e+02
7.740317382812500000e+02
8.928793334960937500e+02
9.148682250976562500e+02
1.054304199218750000e+03
8.930942382812500000e+02
9.108428955078125000e+02
7.826386718750000000e+02
8.396289672851562500e+02
8.102009277343750000e+02
9.428025512695312500e+02
9.180001831054687500e+02
9.999204711914062500e+02
8.661772460937500000e+02
9.205919799804687500e+02
8.078745727539062500e+02
8.993151855468750000e+02
8.195848999023437500e+02
9.221197509765625000e+02
8.490470581054687500e+02
9.514509887695312500e+02
8.678590087890625000e+02
9.401341552734375000e+02
8.404405517578125000e+02
9.226072998046875000e+02
8.282719726562500000e+02
8.703670043945312500e+02
7.848659057617187500e+02
8.535509643554687500e+02
8.313817138671875000e+02
9.765662231445312500e+02
8.992172241210937500e+02
9.454703369140625000e+02
7.916610717773437500e+02
7.878220214843750000e+02
7.544498901367187500e+02
8.285689697265625000e+02
8.256419067382812500e+02
1.005208496093750000e+03
9.382681274414062500e+02
9.544360961914062500e+02
7.910944824218750000e+02
8.090859375000000000e+02
7.770663452148437500e+02
9.190739135742187500e+02
9.109555664062500000e+02
1.057355834960937500e+03
8.879706420898437500e+02
8.995493164062500000e+02
7.843493041992187500e+02
8.465932617187500000e+02
8.191370849609375000e+02
9.500839233398437500e+02
8.961716308593750000e+02
9.803132934570312500e+02
8.450960083007812500e+02
8.948547363281250000e+02
8.056820068359375000e+02
8.613360595703125000e+02
8.140500488281250000e+02
9.245609130859375000e+02
8.659996337890625000e+02
9.768942260742187500e+02
8.632632446289062500e+02
9.034989624023437500e+02
7.911970214843750000e+02
8.171929931640625000e+02
7.645437622070312500e+02
8.293565063476562500e+02
8.222418212890625000e+02
9.725701293945312500e+02
9.128916625976562500e+02
9.769028320312500000e+02
8.047598266601562500e+02
8.475940551757812500e+02
7.787272949218750000e+02
8.897280883789062500e+02
8.748166503906250000e+02
1.012574340820312500e+03
8.876791381835937500e+02
9.174325561523437500e+02
7.896792602539062500e+02
8.024002685546875000e+02
7.618359375000000000e+02
8.776915893554687500e+02
8.731083984375000000e+02
1.026269287109375000e+03
8.735889892578125000e+02
8.894010009765625000e+02
7.745043334960937500e+02
7.923649902343750000e+02
7.629197998046875000e+02
8.766904907226562500e+02
8.714797973632812500e+02
1.012251647949218750e+03
8.757728881835937500e+02
9.039222412109375000e+02
7.960223388671875000e+02
8.422459106445312500e+02
7.856877441406250000e+02
8.835482177734375000e+02
8.700157470703125000e+02
1.016630981445312500e+03
8.722944946289062500e+02
9.198439941406250000e+02
7.812131347656250000e+02
8.149630126953125000e+02
7.743421630859375000e+02
8.811829833984375000e+02
8.594115600585937500e+02
1.010856018066406250e+03
8.978934326171875000e+02
9.185938110351562500e+02
7.817532348632812500e+02
7.934837646484375000e+02
7.516364135742187500e+02
8.200029296875000000e+02
8.166175537109375000e+02
9.853043212890625000e+02
9.308745727539062500e+02
9.628419189453125000e+02
7.695451049804687500e+02
7.688975830078125000e+02
7.321724243164062500e+02
8.026168212890625000e+02
8.278641357421875000e+02
1.057722778320312500e+03
9.818524780273437500e+02
9.044127197265625000e+02
7.404363403320312500e+02
7.278809204101562500e+02
7.106240844726562500e+02
7.667510986328125000e+02
7.967180786132812500e+02
1.042946166992187500e+03
9.960502319335937500e+02
9.090792236328125000e+02
7.322862548828125000e+02
7.072751464843750000e+02
6.890077514648437500e+02
7.238617553710937500e+02
7.796670532226562500e+02
1.053321533203125000e+03
1.043244262695312500e+03
8.974929809570312500e+02
7.067249755859375000e+02
6.783131713867187500e+02
6.668046875000000000e+02
6.707442016601562500e+02
6.976361694335937500e+02
8.383665161132812500e+02
1.012080383300781250e+03
1.118562500000000000e+03
8.287573242187500000e+02
8.322329101562500000e+02
8.220732421875000000e+02
1.083590698242187500e+03
1.026276489257812500e+03
8.727564086914062500e+02
7.294032592773437500e+02
7.378668823242187500e+02
7.838372192382812500e+02
1.053086669921875000e+03
1.032107421875000000e+03
9.040097656250000000e+02
7.149791870117187500e+02
6.872687377929687500e+02
6.677879638671875000e+02
6.947345581054687500e+02
7.162682495117187500e+02
8.932592163085937500e+02
9.977512207031250000e+02
1.063564575195312500e+03
8.096049804687500000e+02
8.131098022460937500e+02
7.949168090820312500e+02
1.018277648925781250e+03
1.010712097167968750e+03
9.180755615234375000e+02
7.525538940429687500e+02
7.671837158203125000e+02
7.735397338867187500e+02
9.845937500000000000e+02
9.712999877929687500e+02
9.593198242187500000e+02
7.760234375000000000e+02
7.975844726562500000e+02
7.821117553710937500e+02
9.381154785156250000e+02
9.080166625976562500e+02
1.007398986816406250e+03
8.245951538085937500e+02
8.605139160156250000e+02
7.857979125976562500e+02
9.015982666015625000e+02
8.618490600585937500e+02
9.698836669921875000e+02
8.254032592773437500e+02
9.033175048828125000e+02
8.060759887695312500e+02
8.636998291015625000e+02
8.237245483398437500e+02
8.957124633789062500e+02
8.415882568359375000e+02
9.254359741210937500e+02
8.349799804687500000e+02
9.183873291015625000e+02
7.840127563476562500e+02
8.339924316406250000e+02
7.735456542968750000e+02
8.339890136718750000e+02
8.193068237304687500e+02
9.503113403320312500e+02
8.939749755859375000e+02
9.648547973632812500e+02
8.144867553710937500e+02
8.642373046875000000e+02
7.798424682617187500e+02
8.592500610351562500e+02
8.251708374023437500e+02
9.503998413085937500e+02
8.902607421875000000e+02
9.594359130859375000e+02
8.130153808593750000e+02
8.595385742187500000e+02
7.815995483398437500e+02
8.743651733398437500e+02
8.330518798828125000e+02
9.436311645507812500e+02
8.810610961914062500e+02
9.484840087890625000e+02
8.181077270507812500e+02
8.744822387695312500e+02
7.783583984375000000e+02
8.423308105468750000e+02
7.929893798828125000e+02
9.036293334960937500e+02
8.699215087890625000e+02
9.868023071289062500e+02
8.491781005859375000e+02
8.810065917968750000e+02
7.528795166015625000e+02
7.675357666015625000e+02
7.245642700195312500e+02
7.478047485351562500e+02
7.275536499023437500e+02
7.793773803710937500e+02
7.867149658203125000e+02
9.719357299804687500e+02
9.258839721679687500e+02
9.720282592773437500e+02
8.017150878906250000e+02
8.359338989257812500e+02
8.182478027343750000e+02
9.948519897460937500e+02
9.442418823242187500e+02
9.524307250976562500e+02
7.738586425781250000e+02
8.061035766601562500e+02
7.781060791015625000e+02
9.073795776367187500e+02
9.111313476562500000e+02
1.007406250000000000e+03
8.515704956054687500e+02
8.816813354492187500e+02
7.865737304687500000e+02
8.401732177734375000e+02
8.116845092773437500e+02
9.366289672851562500e+02
8.657912597656250000e+02
9.516410522460937500e+02
8.179754638671875000e+02
8.450518798828125000e+02
7.787332153320312500e+02
8.178667602539062500e+02
7.837021484375000000e+02
8.752675170898437500e+02
8.319583129882812500e+02
9.297387695312500000e+02
8.299238891601562500e+02
8.991735839843750000e+02
8.065036010742187500e+02
8.680942993164062500e+02
8.111907958984375000e+02
9.114412231445312500e+02
8.420036621093750000e+02
9.272106323242187500e+02
8.367336425781250000e+02
9.231008300781250000e+02
8.088120727539062500e+02
8.635525512695312500e+02
7.862823486328125000e+02
8.606772460937500000e+02
8.209641723632812500e+02
9.240087280273437500e+02
8.577712402343750000e+02
9.453348999023437500e+02
8.043333129882812500e+02
8.390905761718750000e+02
7.778779296875000000e+02
8.531401367187500000e+02
8.111990966796875000e+02
9.050713500976562500e+02
8.601968383789062500e+02
9.712064208984375000e+02
8.273743286132812500e+02
8.620356445312500000e+02
7.603923339843750000e+02
8.073488159179687500e+02
7.667727661132812500e+02
8.607122192382812500e+02
8.396973266601562500e+02
9.874750976562500000e+02
8.524546508789062500e+02
9.227969360351562500e+02
7.704728393554687500e+02
8.005866699218750000e+02
7.600146484375000000e+02
8.305780029296875000e+02
8.150064086914062500e+02
9.433699951171875000e+02
8.899555664062500000e+02
9.689113159179687500e+02
8.004854125976562500e+02
8.416955566406250000e+02
7.866548461914062500e+02
8.938247680664062500e+02
8.643981323242187500e+02
9.803527221679687500e+02
8.472267456054687500e+02
9.016663818359375000e+02
7.934888916015625000e+02
8.264049682617187500e+02
7.528414306640625000e+02
8.077119750976562500e+02
7.818681030273437500e+02
8.612227172851562500e+02
8.217459106445312500e+02
9.728933105468750000e+02
8.345549926757812500e+02
8.795067138671875000e+02
7.745023193359375000e+02
8.204392700195312500e+02
7.936280517578125000e+02
9.117303466796875000e+02
8.920661010742187500e+02
9.987938232421875000e+02
8.239149780273437500e+02
8.549989013671875000e+02
7.759287719726562500e+02
8.442739868164062500e+02
7.969859008789062500e+02
9.056561279296875000e+02
8.680277709960937500e+02
9.569463500976562500e+02
8.413001708984375000e+02
8.792582397460937500e+02
7.746340942382812500e+02
8.189486694335937500e+02
7.722260742187500000e+02
8.584186401367187500e+02
8.242121582031250000e+02
9.376340942382812500e+02
8.554055175781250000e+02
9.423815917968750000e+02
7.934127197265625000e+02
8.163793334960937500e+02
7.523735961914062500e+02
8.153504638671875000e+02
7.946599731445312500e+02
9.094562988281250000e+02
8.543468017578125000e+02
9.769541015625000000e+02
8.220435180664062500e+02
8.423129272460937500e+02
7.525499877929687500e+02
7.794710693359375000e+02
7.489462280273437500e+02
8.086643066406250000e+02
8.003222656250000000e+02
9.498483886718750000e+02
8.786958007812500000e+02
9.674998168945312500e+02
7.994642333984375000e+02
8.265449218750000000e+02
7.740155029296875000e+02
8.587532348632812500e+02
8.536956787109375000e+02
1.016937988281250000e+03
8.711538085937500000e+02
9.209653930664062500e+02
7.718131713867187500e+02
7.998023071289062500e+02
7.388230590820312500e+02
7.801923828125000000e+02
7.644730834960937500e+02
8.703464355468750000e+02
8.450055541992187500e+02
1.009611999511718750e+03
8.262785034179687500e+02
8.534387207031250000e+02
7.664786376953125000e+02
8.111932373046875000e+02
7.859641723632812500e+02
9.168569335937500000e+02
8.943373413085937500e+02
1.008569641113281250e+03
8.061057128906250000e+02
8.038269653320312500e+02
7.366547241210937500e+02
7.734003295898437500e+02
7.569047241210937500e+02
8.419935913085937500e+02
8.433172607421875000e+02
1.031293945312500000e+03
8.493864746093750000e+02
8.778079223632812500e+02
7.608953247070312500e+02
7.986918945312500000e+02
7.547581787109375000e+02
8.630873413085937500e+02
8.652580566406250000e+02
1.028508544921875000e+03
8.610385742187500000e+02
8.833685913085937500e+02
7.450989990234375000e+02
7.333074951171875000e+02
7.048191528320312500e+02
7.271878051757812500e+02
6.940000610351562500e+02
7.129945068359375000e+02
7.139425659179687500e+02
8.540308837890625000e+02
8.843615722656250000e+02
1.096218383789062500e+03
8.877581787109375000e+02
8.654402465820312500e+02
7.871614990234375000e+02
9.221859741210937500e+02
9.175509643554687500e+02
1.009390930175781250e+03
8.220747680664062500e+02
8.595230102539062500e+02
7.951425170898437500e+02
9.258703002929687500e+02
9.065081787109375000e+02
9.846051025390625000e+02
8.237630615234375000e+02
8.404804687500000000e+02
7.566975097656250000e+02
8.241444702148437500e+02
7.825565185546875000e+02
9.007746582031250000e+02
8.199388427734375000e+02
9.056722412109375000e+02
8.257828369140625000e+02
8.785071411132812500e+02
7.637146606445312500e+02
7.899194335937500000e+02
7.207467651367187500e+02
7.347689819335937500e+02
6.793147583007812500e+02
6.531635742187500000e+02
6.298498535156250000e+02
6.262997436523437500e+02
6.198642578125000000e+02
6.159533081054687500e+02
6.156518554687500000e+02
6.122487182617187500e+02
6.096290283203125000e+02
6.162388916015625000e+02
6.334358520507812500e+02
7.004860229492187500e+02
9.365001831054687500e+02
1.333990600585937500e+03
7.676799316406250000e+02
6.794437866210937500e+02
7.004108276367187500e+02
9.449812622070312500e+02
1.267871459960937500e+03
6.750384521484375000e+02
6.282208862304687500e+02
1.011557678222656250e+03
1.413008544921875000e+03
6.758680419921875000e+02
6.466154174804687500e+02
1.090822753906250000e+03
1.204932006835937500e+03
6.654908447265625000e+02
6.591867675781250000e+02
1.080745361328125000e+03
1.253904052734375000e+03
7.258961791992187500e+02
6.171906738281250000e+02
6.070349121093750000e+02
6.631743774414062500e+02
9.393497314453125000e+02
1.066133178710937500e+03
9.096282348632812500e+02
7.354522705078125000e+02
8.148923950195312500e+02
9.444347534179687500e+02
1.168852539062500000e+03
8.206015014648437500e+02
7.800964965820312500e+02
7.205792236328125000e+02
8.723342285156250000e+02
9.422114257812500000e+02
1.081898681640625000e+03
8.340946655273437500e+02
7.916929321289062500e+02
7.063558349609375000e+02
7.636665039062500000e+02
7.855802612304687500e+02
9.968025512695312500e+02
8.888109130859375000e+02
9.029007568359375000e+02
7.934728393554687500e+02
8.668757324218750000e+02
8.231083374023437500e+02
9.819265136718750000e+02
8.295269165039062500e+02
8.877886352539062500e+02
7.762183837890625000e+02
8.370491333007812500e+02
8.069093017578125000e+02
9.067006835937500000e+02
8.423688354492187500e+02
9.564560546875000000e+02
8.123980712890625000e+02
8.358524169921875000e+02
7.513994750976562500e+02
8.077329711914062500e+02
7.742741699218750000e+02
8.768859252929687500e+02
8.610827636718750000e+02
9.886275024414062500e+02
8.282050170898437500e+02
8.523073120117187500e+02
7.573047485351562500e+02
8.216852416992187500e+02
7.836409912109375000e+02
9.285889282226562500e+02
9.050996704101562500e+02
9.658882446289062500e+02
8.039334716796875000e+02
8.188567504882812500e+02
7.442730712890625000e+02
7.978939208984375000e+02
7.758413085937500000e+02
9.291026611328125000e+02
8.959423828125000000e+02
9.875666503906250000e+02
8.180908203125000000e+02
8.310246582031250000e+02
7.493189697265625000e+02
8.111528930664062500e+02
7.802282714843750000e+02
9.248884887695312500e+02
8.992100830078125000e+02
9.733455810546875000e+02
8.030068969726562500e+02
7.999364013671875000e+02
7.277815551757812500e+02
7.224276733398437500e+02
6.795810546875000000e+02
6.765625610351562500e+02
6.462236328125000000e+02
6.385391845703125000e+02
6.352152709960937500e+02
6.400684814453125000e+02
6.516461791992187500e+02
7.238690185546875000e+02
8.659064331054687500e+02
1.307877197265625000e+03
8.006346435546875000e+02
6.939219360351562500e+02
6.597414550781250000e+02
6.874010620117187500e+02
7.829245605468750000e+02
1.249062622070312500e+03
9.383291625976562500e+02
7.869562988281250000e+02
7.355762329101562500e+02
9.077695922851562500e+02
1.094258422851562500e+03
8.684819946289062500e+02
7.256197509765625000e+02
7.727491455078125000e+02
8.730047607421875000e+02
1.194928588867187500e+03
8.701099243164062500e+02
8.057183227539062500e+02
7.250709228515625000e+02
8.423989257812500000e+02
9.053659667968750000e+02
1.095979736328125000e+03
8.654866333007812500e+02
8.468535766601562500e+02
7.442282714843750000e+02
8.155089721679687500e+02
7.993175048828125000e+02
9.577741699218750000e+02
8.875228881835937500e+02
9.513914794921875000e+02
7.930108032226562500e+02
8.064425048828125000e+02
7.340554809570312500e+02
7.449429321289062500e+02
7.140508422851562500e+02
7.418643188476562500e+02
7.061076049804687500e+02
7.155905151367187500e+02
6.983208618164062500e+02
7.424058227539062500e+02
7.586692504882812500e+02
9.820114746093750000e+02
9.460632324218750000e+02
9.583197631835937500e+02
7.977484741210937500e+02
8.953142700195312500e+02
8.884275512695312500e+02
1.041625610351562500e+03
8.711403198242187500e+02
8.948767700195312500e+02
7.909730834960937500e+02
9.135657348632812500e+02
8.969806518554687500e+02
