1.129880390625000000e+05
9.812184375000000000e+04
8.314103906250000000e+04
6.826516406250000000e+04
5.371848046875000000e+04
4.094077734375000000e+04
3.117125585937500000e+04
2.671683398437500000e+04
2.686767773437500000e+04
2.963013085937500000e+04
3.354647265625000000e+04
3.675026171875000000e+04
3.860221875000000000e+04
3.904722265625000000e+04
3.852453515625000000e+04
3.668045703125000000e+04
3.452155859375000000e+04
3.204700781250000000e+04
2.950611132812500000e+04
2.770414453125000000e+04
2.662978320312500000e+04
2.609260546875000000e+04
2.643033398437500000e+04
2.726690820312500000e+04
2.824378320312500000e+04
2.887912695312500000e+04
2.921742382812500000e+04
2.938116796875000000e+04
2.865832421875000000e+04
2.801159960937500000e+04
2.732689062500000000e+04
2.681159960937500000e+04
2.615473242187500000e+04
2.610075781250000000e+04
2.618239648437500000e+04
2.628107226562500000e+04
2.648691210937500000e+04
2.677072460937500000e+04
2.702162304687500000e+04
2.698047460937500000e+04
2.685226367187500000e+04
2.660508984375000000e+04
2.637165820312500000e+04
2.616929492187500000e+04
2.613189648437500000e+04
2.584945898437500000e+04
2.590579882812500000e+04
2.604105664062500000e+04
2.597679882812500000e+04
2.607396484375000000e+04
2.612100195312500000e+04
2.612595507812500000e+04
2.600360742187500000e+04
2.607785546875000000e+04
2.592620312500000000e+04
2.576765039062500000e+04
2.557094140625000000e+04
2.571261132812500000e+04
2.574994921875000000e+04
2.559915625000000000e+04
2.567865039062500000e+04
2.581886914062500000e+04
2.563533398437500000e+04
2.556178320312500000e+04
2.544561132812500000e+04
2.547094726562500000e+04
2.528596679687500000e+04
2.535048242187500000e+04
2.540072070312500000e+04
2.516012500000000000e+04
2.522170898437500000e+04
2.510599218750000000e+04
2.504081250000000000e+04
2.498867968750000000e+04
2.495958203125000000e+04
2.496389648437500000e+04
2.485528515625000000e+04
2.468263476562500000e+04
2.470536328125000000e+04
2.464956445312500000e+04
2.451818164062500000e+04
2.439570312500000000e+04
2.431335156250000000e+04
2.413798632812500000e+04
2.397421289062500000e+04
2.391638085937500000e+04
2.373875195312500000e+04
2.358947656250000000e+04
2.353384570312500000e+04
2.338265039062500000e+04
2.323242187500000000e+04
2.304521289062500000e+04
2.281088476562500000e+04
2.274603710937500000e+04
2.248188476562500000e+04
2.209061523437500000e+04
2.209900000000000000e+04
2.163364062500000000e+04
2.141375000000000000e+04
2.115997265625000000e+04
2.080165234375000000e+04
2.054918359375000000e+04
2.020284179687500000e+04
1.986138281250000000e+04
1.942648632812500000e+04
1.896917382812500000e+04
1.867888867187500000e+04
1.816418554687500000e+04
1.755492578125000000e+04
1.708991015625000000e+04
1.649218359375000000e+04
1.585545605468750000e+04
1.521519335937500000e+04
1.453600878906250000e+04
1.383077343750000000e+04
1.304672753906250000e+04
1.227122363281250000e+04
1.141678417968750000e+04
1.062816113281250000e+04
9.737349609375000000e+03
8.886426757812500000e+03
8.078320800781250000e+03
7.343275878906250000e+03
6.801454589843750000e+03
6.507894042968750000e+03
6.408950683593750000e+03
6.602345703125000000e+03
6.901753417968750000e+03
7.177209960937500000e+03
7.366603027343750000e+03
7.389082031250000000e+03
7.322312500000000000e+03
7.126491210937500000e+03
6.855312011718750000e+03
6.538059082031250000e+03
6.252172363281250000e+03
6.065439453125000000e+03
6.040424804687500000e+03
5.993655761718750000e+03
6.039123046875000000e+03
6.122925292968750000e+03
6.157567382812500000e+03
6.185595214843750000e+03
6.202933105468750000e+03
6.208807128906250000e+03
6.195607421875000000e+03
6.128340820312500000e+03
6.037350097656250000e+03
5.935500488281250000e+03
5.860062500000000000e+03
5.802552734375000000e+03
5.756284179687500000e+03
5.783147460937500000e+03
5.783602050781250000e+03
5.831901367187500000e+03
5.896724609375000000e+03
5.869989746093750000e+03
5.820355957031250000e+03
5.845759765625000000e+03
5.861986816406250000e+03
5.787912597656250000e+03
5.707012695312500000e+03
5.749440429687500000e+03
5.736539062500000000e+03
5.645144042968750000e+03
5.656033203125000000e+03
5.669785156250000000e+03
5.668376464843750000e+03
5.701868164062500000e+03
5.662286621093750000e+03
5.641686035156250000e+03
5.657856445312500000e+03
5.604135253906250000e+03
5.614129394531250000e+03
5.616655273437500000e+03
5.584463378906250000e+03
5.578184082031250000e+03
5.546009277343750000e+03
5.548894042968750000e+03
5.492722167968750000e+03
5.542806152343750000e+03
5.518070312500000000e+03
5.531911621093750000e+03
5.490599121093750000e+03
5.477625488281250000e+03
5.447655273437500000e+03
5.482085449218750000e+03
5.464408691406250000e+03
5.459772460937500000e+03
5.453977050781250000e+03
5.387088378906250000e+03
5.409953125000000000e+03
5.415889160156250000e+03
5.439889160156250000e+03
5.420143554687500000e+03
5.432186523437500000e+03
5.399644531250000000e+03
5.383871582031250000e+03
5.393799316406250000e+03
5.350218750000000000e+03
5.376818359375000000e+03
5.346332519531250000e+03
5.330052246093750000e+03
5.323566406250000000e+03
5.300786621093750000e+03
5.303697753906250000e+03
5.330730957031250000e+03
5.324211425781250000e+03
5.317052734375000000e+03
5.282197753906250000e+03
5.282468750000000000e+03
5.261493652343750000e+03
5.275576660156250000e+03
5.301717773437500000e+03
5.242663574218750000e+03
5.268741699218750000e+03
5.240854980468750000e+03
5.258966308593750000e+03
5.237578125000000000e+03
5.192483886718750000e+03
5.207049316406250000e+03
5.163142089843750000e+03
5.157744140625000000e+03
5.187143066406250000e+03
5.149235351562500000e+03
5.168831542968750000e+03
5.136386718750000000e+03
5.145742187500000000e+03
5.153528808593750000e+03
5.116702636718750000e+03
5.107771972656250000e+03
5.126294921875000000e+03
5.113582519531250000e+03
5.068448730468750000e+03
5.074419921875000000e+03
5.094102050781250000e+03
5.052361816406250000e+03
5.049151367187500000e+03
5.048932128906250000e+03
5.056614746093750000e+03
5.008809082031250000e+03
5.016968750000000000e+03
5.018257812500000000e+03
5.003694824218750000e+03
4.984312988281250000e+03
4.948353515625000000e+03
4.977985839843750000e+03
4.940009765625000000e+03
4.955441894531250000e+03
4.913151367187500000e+03
4.917784667968750000e+03
4.905701171875000000e+03
4.927553710937500000e+03
4.908613281250000000e+03
4.878706542968750000e+03
4.885546386718750000e+03
4.875933105468750000e+03
4.867487792968750000e+03
4.826874511718750000e+03
4.857546875000000000e+03
4.898206542968750000e+03
4.855617187500000000e+03
4.828844726562500000e+03
4.835073242187500000e+03
4.784373046875000000e+03
4.779760742187500000e+03
4.784591308593750000e+03
4.736046386718750000e+03
4.754690917968750000e+03
4.730561035156250000e+03
4.726570800781250000e+03
4.743304687500000000e+03
4.736202148437500000e+03
4.714091796875000000e+03
4.683962402343750000e+03
4.683297851562500000e+03
4.671177246093750000e+03
4.685337402343750000e+03
4.682382324218750000e+03
4.716399414062500000e+03
4.722237792968750000e+03
4.735854003906250000e+03
4.676275878906250000e+03
4.657140625000000000e+03
4.582980468750000000e+03
4.570053710937500000e+03
4.567437500000000000e+03
4.606907714843750000e+03
4.611579589843750000e+03
4.616371582031250000e+03
4.625000976562500000e+03
4.563314941406250000e+03
4.477058105468750000e+03
4.476668457031250000e+03
4.516053222656250000e+03
4.561694335937500000e+03
4.538150390625000000e+03
4.526875976562500000e+03
4.472663574218750000e+03
4.442786621093750000e+03
4.411634765625000000e+03
4.424906738281250000e+03
4.436734863281250000e+03
4.400068847656250000e+03
4.421811523437500000e+03
4.372244628906250000e+03
4.369147460937500000e+03
4.365898437500000000e+03
4.374093261718750000e+03
4.369760742187500000e+03
4.399375000000000000e+03
4.400654296875000000e+03
4.370232910156250000e+03
4.376929687500000000e+03
4.301534667968750000e+03
4.263372558593750000e+03
4.249209472656250000e+03
4.231648437500000000e+03
4.232984863281250000e+03
4.229533691406250000e+03
4.218608886718750000e+03
4.172140625000000000e+03
4.192474121093750000e+03
4.180172851562500000e+03
4.162482421875000000e+03
4.158682128906250000e+03
4.206465820312500000e+03
4.208024414062500000e+03
4.286777832031250000e+03
4.247235351562500000e+03
4.181619140625000000e+03
4.105804199218750000e+03
4.099274414062500000e+03
4.047478515625000000e+03
4.039442382812500000e+03
4.040101074218750000e+03
4.025742187500000000e+03
4.028936035156250000e+03
4.012250000000000000e+03
4.010942626953125000e+03
4.068613525390625000e+03
4.130730468750000000e+03
4.139221191406250000e+03
4.045707519531250000e+03
3.964830322265625000e+03
3.904265869140625000e+03
3.924116943359375000e+03
3.888059326171875000e+03
3.884128173828125000e+03
3.887132080078125000e+03
3.925006347656250000e+03
3.978606933593750000e+03
4.044354736328125000e+03
3.948554931640625000e+03
3.874407714843750000e+03
3.801729003906250000e+03
3.761122558593750000e+03
3.758919189453125000e+03
3.761791015625000000e+03
3.732226074218750000e+03
3.728841308593750000e+03
3.713679931640625000e+03
3.749539550781250000e+03
3.873107177734375000e+03
3.933004638671875000e+03
3.873349853515625000e+03
3.718221679687500000e+03
3.658282714843750000e+03
3.608924072265625000e+03
3.608699951171875000e+03
3.590006347656250000e+03
3.651277343750000000e+03
3.766301269531250000e+03
3.839046630859375000e+03
3.766387695312500000e+03
3.613023681640625000e+03
3.534567871093750000e+03
3.493119384765625000e+03
3.489646728515625000e+03
3.496354736328125000e+03
3.470567626953125000e+03
3.439281738281250000e+03
3.437687744140625000e+03
3.414882568359375000e+03
3.405206542968750000e+03
3.565086181640625000e+03
3.744128906250000000e+03
3.754771728515625000e+03
3.519854248046875000e+03
3.361997558593750000e+03
3.307802246093750000e+03
3.312403320312500000e+03
3.301599853515625000e+03
3.270077636718750000e+03
3.253396972656250000e+03
3.351061279296875000e+03
3.488705078125000000e+03
3.642901855468750000e+03
3.564478027343750000e+03
3.315430175781250000e+03
3.209757324218750000e+03
3.156940185546875000e+03
3.111326904296875000e+03
3.138244873046875000e+03
3.109087402343750000e+03
3.114492675781250000e+03
3.116536376953125000e+03
3.309166015625000000e+03
3.610782226562500000e+03
3.549452392578125000e+03
3.259086181640625000e+03
3.035394287109375000e+03
2.988562011718750000e+03
3.020674560546875000e+03
3.152259277343750000e+03
3.421869384765625000e+03
3.455410644531250000e+03
3.236864257812500000e+03
3.026520996093750000e+03
2.916026855468750000e+03
2.886372070312500000e+03
2.879261962890625000e+03
2.861561523437500000e+03
2.871414550781250000e+03
3.044051269531250000e+03
3.408729736328125000e+03
3.423731689453125000e+03
3.097450927734375000e+03
2.813068359375000000e+03
2.753821044921875000e+03
2.811661865234375000e+03
3.047044677734375000e+03
3.365489990234375000e+03
3.162168212890625000e+03
2.858190917968750000e+03
2.701544677734375000e+03
2.663235351562500000e+03
2.647139404296875000e+03
2.639343017578125000e+03
2.657069580078125000e+03
2.787186523437500000e+03
3.208364990234375000e+03
3.312935058593750000e+03
3.000956542968750000e+03
2.635386230468750000e+03
2.537750488281250000e+03
2.552832031250000000e+03
2.697552978515625000e+03
3.124198974609375000e+03
3.153783935546875000e+03
2.823164062500000000e+03
2.545441406250000000e+03
2.469845703125000000e+03
2.413021728515625000e+03
2.377876220703125000e+03
2.423723876953125000e+03
2.505237548828125000e+03
2.810448242187500000e+03
3.207909667968750000e+03
3.048472412109375000e+03
2.506692138671875000e+03
2.326858398437500000e+03
2.351702148437500000e+03
2.516289306640625000e+03
3.018794677734375000e+03
2.930369628906250000e+03
2.697986572265625000e+03
2.354335449218750000e+03
2.250777587890625000e+03
2.215453369140625000e+03
2.189315185546875000e+03
2.192243408203125000e+03
2.298197509765625000e+03
2.730591552734375000e+03
3.413075927734375000e+03
2.637810302734375000e+03
2.308969238281250000e+03
2.143411376953125000e+03
2.124377685546875000e+03
2.195387451171875000e+03
2.445784667968750000e+03
3.209779541015625000e+03
2.666681884765625000e+03
2.345316894531250000e+03
2.189062744140625000e+03
2.210949218750000000e+03
2.294006591796875000e+03
2.565638916015625000e+03
2.528479248046875000e+03
2.516700927734375000e+03
2.177889892578125000e+03
2.052197509765625000e+03
1.968403320312500000e+03
1.984579833984375000e+03
2.109837890625000000e+03
2.742177734375000000e+03
2.839333984375000000e+03
2.538832519531250000e+03
2.038311523437500000e+03
1.932698974609375000e+03
1.866794433593750000e+03
1.859000366210937500e+03
1.863245361328125000e+03
2.078543701171875000e+03
2.736107910156250000e+03
3.185854003906250000e+03
1.931782836914062500e+03
1.770472290039062500e+03
2.160162353515625000e+03
2.822079345703125000e+03
3.021032714843750000e+03
1.803037475585937500e+03
2.905186035156250000e+03
3.980209960937500000e+03
2.046037597656250000e+03
5.538061523437500000e+03
2.289052001953125000e+03
7.559474121093750000e+03
7.190969238281250000e+03
2.151834228515625000e+03
4.098931152343750000e+03
2.876914062500000000e+03
2.263034423828125000e+03
4.529374511718750000e+03
1.961247314453125000e+03
5.600568847656250000e+03
3.979801269531250000e+03
5.221132812500000000e+03
5.099625976562500000e+03
3.277588623046875000e+03
3.910640869140625000e+03
2.741390380859375000e+03
2.298778564453125000e+03
3.563142333984375000e+03
2.354739013671875000e+03
4.103404785156250000e+03
2.176154541015625000e+03
5.108467285156250000e+03
4.234750976562500000e+03
3.594266845703125000e+03
3.607074951171875000e+03
3.428530273437500000e+03
3.313565673828125000e+03
3.157084228515625000e+03
2.343874755859375000e+03
3.932851074218750000e+03
3.125458984375000000e+03
3.409911376953125000e+03
2.720584228515625000e+03
3.731121582031250000e+03
3.453677001953125000e+03
2.734522460937500000e+03
2.651667724609375000e+03
3.092401611328125000e+03
2.764601074218750000e+03
2.907543945312500000e+03
2.078193359375000000e+03
3.378593017578125000e+03
2.411909912109375000e+03
3.581956054687500000e+03
2.622294677734375000e+03
3.906284912109375000e+03
3.651949218750000000e+03
2.581501220703125000e+03
2.839215332031250000e+03
2.683223632812500000e+03
2.938046386718750000e+03
2.122754882812500000e+03
2.490204589843750000e+03
2.392172851562500000e+03
2.293900390625000000e+03
2.406771972656250000e+03
1.726211669921875000e+03
2.580255126953125000e+03
1.676431518554687500e+03
2.831956054687500000e+03
1.629278320312500000e+03
2.324717529296875000e+03
1.670626708984375000e+03
2.013383666992187500e+03
2.094728759765625000e+03
1.771097656250000000e+03
2.321777587890625000e+03
1.643128540039062500e+03
1.922238281250000000e+03
1.717225097656250000e+03
1.545814941406250000e+03
1.770538940429687500e+03
1.588135009765625000e+03
1.535775146484375000e+03
1.663902343750000000e+03
1.579500976562500000e+03
1.494765625000000000e+03
1.511791992187500000e+03
1.536551635742187500e+03
1.534540283203125000e+03
1.454220458984375000e+03
1.443860961914062500e+03
1.478931640625000000e+03
1.507821166992187500e+03
1.554816040039062500e+03
1.465858032226562500e+03
1.439286010742187500e+03
1.387052001953125000e+03
1.375067626953125000e+03
1.404302856445312500e+03
1.450827758789062500e+03
1.630248535156250000e+03
1.706878540039062500e+03
1.750545776367187500e+03
1.478033935546875000e+03
1.370165527343750000e+03
1.374235107421875000e+03
1.482728637695312500e+03
1.784511108398437500e+03
1.675831176757812500e+03
1.669164306640625000e+03
1.504739013671875000e+03
1.488776000976562500e+03
1.453695678710937500e+03
1.450746826171875000e+03
1.387692871093750000e+03
1.392881713867187500e+03
1.502506835937500000e+03
1.847729980468750000e+03
1.696270629882812500e+03
1.658960327148437500e+03
1.463670288085937500e+03
1.419257812500000000e+03
1.376851928710937500e+03
1.348281372070312500e+03
1.384963378906250000e+03
1.648564697265625000e+03
1.871981689453125000e+03
1.903040771484375000e+03
1.359353881835937500e+03
1.239526000976562500e+03
1.225153930664062500e+03
1.258793457031250000e+03
1.506449707031250000e+03
2.086461669921875000e+03
1.937768798828125000e+03
1.242874877929687500e+03
1.280341064453125000e+03
1.855580688476562500e+03
1.782101196289062500e+03
1.484975952148437500e+03
1.298211059570312500e+03
1.214451049804687500e+03
1.181959716796875000e+03
1.346722167968750000e+03
2.057578613281250000e+03
1.659815429687500000e+03
1.510538818359375000e+03
1.531332641601562500e+03
1.652771606445312500e+03
1.469648315429687500e+03
1.264793212890625000e+03
1.288676391601562500e+03
1.587398681640625000e+03
2.071841064453125000e+03
1.358211425781250000e+03
1.207839111328125000e+03
1.212145263671875000e+03
1.519576660156250000e+03
1.953132812500000000e+03
1.692990356445312500e+03
1.296393188476562500e+03
1.325731445312500000e+03
1.623823608398437500e+03
1.833912109375000000e+03
1.613239013671875000e+03
1.347308837890625000e+03
1.370691284179687500e+03
1.619315795898437500e+03
1.797837768554687500e+03
1.390275024414062500e+03
1.191629760742187500e+03
1.297460571289062500e+03
1.819681274414062500e+03
1.933779174804687500e+03
1.206988037109375000e+03
1.198289794921875000e+03
1.747373657226562500e+03
1.925111206054687500e+03
1.433146362304687500e+03
1.200172119140625000e+03
1.156490844726562500e+03
1.243303344726562500e+03
1.672537353515625000e+03
1.957698974609375000e+03
1.261999755859375000e+03
1.128982910156250000e+03
1.478247802734375000e+03
2.147944335937500000e+03
1.455833862304687500e+03
1.171790283203125000e+03
1.253066528320312500e+03
1.585076782226562500e+03
1.781771850585937500e+03
1.528954467773437500e+03
1.300066772460937500e+03
1.227961547851562500e+03
1.291890014648437500e+03
1.420311523437500000e+03
1.621907470703125000e+03
1.586516601562500000e+03
1.336386962890625000e+03
1.164157958984375000e+03
1.119465942382812500e+03
1.127906127929687500e+03
1.312341186523437500e+03
1.927758789062500000e+03
1.823369506835937500e+03
1.202384399414062500e+03
1.100808349609375000e+03
1.335187377929687500e+03
1.916130126953125000e+03
1.568172851562500000e+03
1.176850341796875000e+03
1.165285766601562500e+03
1.493506103515625000e+03
2.016263183593750000e+03
1.516242431640625000e+03
1.199488769531250000e+03
1.133676513671875000e+03
1.195171386718750000e+03
1.376132690429687500e+03
1.724080688476562500e+03
1.600161132812500000e+03
1.306414916992187500e+03
1.110955200195312500e+03
1.166130371093750000e+03
1.654781494140625000e+03
1.962085449218750000e+03
1.152071533203125000e+03
1.130886108398437500e+03
1.692062011718750000e+03
1.954056640625000000e+03
1.331134033203125000e+03
1.116045776367187500e+03
1.137233764648437500e+03
1.296522338867187500e+03
1.744680664062500000e+03
1.704985351562500000e+03
1.235663085937500000e+03
1.082855957031250000e+03
1.053988037109375000e+03
1.052461914062500000e+03
1.057979370117187500e+03
1.100065429687500000e+03
1.268029785156250000e+03
1.919999267578125000e+03
1.723165527343750000e+03
1.181924682617187500e+03
1.102328857421875000e+03
1.488603637695312500e+03
2.046540161132812500e+03
1.300348754882812500e+03
1.068423095703125000e+03
1.114777221679687500e+03
1.441633300781250000e+03
2.026610595703125000e+03
1.449825805664062500e+03
1.149831787109375000e+03
1.118435424804687500e+03
1.159645019531250000e+03
1.268525878906250000e+03
1.575862426757812500e+03
1.658549194335937500e+03
1.325120971679687500e+03
1.099713012695312500e+03
1.045377075195312500e+03
1.038398193359375000e+03
1.056486572265625000e+03
1.214235595703125000e+03
1.878646118164062500e+03
1.509462036132812500e+03
1.250907470703125000e+03
1.304460205078125000e+03
1.277295776367187500e+03
1.344124633789062500e+03
1.183238769531250000e+03
1.136174682617187500e+03
1.130398193359375000e+03
1.334231445312500000e+03
1.937491455078125000e+03
1.289017700195312500e+03
1.119375366210937500e+03
1.169473388671875000e+03
1.303327026367187500e+03
1.656747192382812500e+03
1.425121459960937500e+03
1.235825317382812500e+03
1.069391601562500000e+03
1.129461181640625000e+03
1.794868774414062500e+03
1.914867431640625000e+03
1.056462890625000000e+03
1.193657958984375000e+03
2.040560180664062500e+03
1.247764770507812500e+03
1.035157714843750000e+03
1.355444091796875000e+03
2.044200683593750000e+03
1.326449218750000000e+03
1.052189941406250000e+03
1.125380981445312500e+03
1.445838989257812500e+03
1.891301513671875000e+03
1.368853393554687500e+03
1.154092773437500000e+03
1.093465209960937500e+03
1.179088012695312500e+03
1.388213867187500000e+03
1.658361938476562500e+03
1.433166503906250000e+03
1.219936889648437500e+03
1.052248657226562500e+03
1.025939697265625000e+03
1.116516479492187500e+03
1.489057006835937500e+03
1.865208007812500000e+03
1.381436157226562500e+03
1.155299316406250000e+03
1.102666625976562500e+03
1.194720825195312500e+03
1.256828002929687500e+03
1.424321166992187500e+03
1.334470947265625000e+03
1.271915039062500000e+03
1.155859008789062500e+03
1.182548706054687500e+03
1.297047851562500000e+03
1.651928100585937500e+03
1.583718261718750000e+03
1.203791259765625000e+03
1.024865844726562500e+03
1.053570190429687500e+03
1.428003540039062500e+03
1.717388671875000000e+03
1.259407104492187500e+03
1.049108276367187500e+03
9.981965942382812500e+02
9.910997924804687500e+02
1.045823120117187500e+03
1.358397094726562500e+03
1.863773803710937500e+03
1.173450195312500000e+03
9.909130859375000000e+02
1.247229858398437500e+03
2.091695556640625000e+03
1.309705444335937500e+03
1.025205810546875000e+03
1.069211914062500000e+03
1.315278198242187500e+03
1.947218872070312500e+03
1.327848632812500000e+03
1.077902343750000000e+03
1.020730895996093750e+03
1.095659790039062500e+03
1.279355224609375000e+03
1.739863769531250000e+03
1.505175292968750000e+03
1.175294311523437500e+03
1.004316101074218750e+03
1.068012207031250000e+03
1.542955688476562500e+03
1.769954833984375000e+03
1.099205688476562500e+03
9.655003051757812500e+02
1.221114624023437500e+03
2.030235961914062500e+03
1.315247192382812500e+03
1.044528808593750000e+03
9.951117553710937500e+02
1.077967163085937500e+03
1.503676513671875000e+03
1.742069946289062500e+03
1.150769287109375000e+03
9.682783813476562500e+02
1.074389526367187500e+03
1.718642089843750000e+03
1.732138793945312500e+03
1.053916748046875000e+03
1.053833129882812500e+03
1.570569824218750000e+03
1.777667114257812500e+03
1.168315917968750000e+03
1.006328796386718750e+03
9.745541381835937500e+02
1.033804687500000000e+03
1.433859008789062500e+03
1.793572265625000000e+03
1.094013183593750000e+03
9.744804687500000000e+02
1.344392700195312500e+03
2.106941162109375000e+03
1.100520629882812500e+03
1.010280090332031250e+03
1.487905517578125000e+03
1.614095947265625000e+03
1.215326416015625000e+03
9.729568481445312500e+02
1.252103515625000000e+03
2.192915039062500000e+03
1.063984741210937500e+03
1.002938049316406250e+03
1.736161010742187500e+03
1.763788696289062500e+03
1.030169311523437500e+03
1.142136108398437500e+03
1.579478637695312500e+03
1.561311767578125000e+03
1.118268554687500000e+03
1.003480468750000000e+03
9.603114013671875000e+02
9.713928833007812500e+02
1.049926879882812500e+03
1.422208862304687500e+03
1.785017822265625000e+03
1.079682373046875000e+03
9.796744995117187500e+02
1.448493530273437500e+03
1.992645141601562500e+03
1.050914306640625000e+03
1.070367553710937500e+03
1.750847534179687500e+03
1.381676513671875000e+03
1.088667846679687500e+03
9.517988281250000000e+02
1.201005493164062500e+03
2.060484863281250000e+03
1.182048706054687500e+03
9.480433959960937500e+02
9.520422973632812500e+02
1.167970825195312500e+03
1.808508300781250000e+03
1.368327514648437500e+03
1.113021484375000000e+03
9.724431762695312500e+02
1.166098022460937500e+03
1.900000610351562500e+03
1.311532714843750000e+03
1.035888183593750000e+03
9.423803100585937500e+02
9.553143920898437500e+02
1.015185424804687500e+03
1.256798950195312500e+03
1.645188354492187500e+03
1.268177001953125000e+03
9.867811279296875000e+02
9.380750732421875000e+02
9.302698974609375000e+02
9.232635498046875000e+02
9.176136474609375000e+02
1.025496582031250000e+03
1.547605468750000000e+03
1.884838989257812500e+03
9.272459106445312500e+02
1.234896850585937500e+03
2.010668945312500000e+03
9.732479248046875000e+02
1.206797729492187500e+03
1.981034790039062500e+03
9.624345703125000000e+02
1.159111938476562500e+03
2.232571777343750000e+03
9.255000000000000000e+02
2.400979736328125000e+03
1.196817993164062500e+03
9.221754760742187500e+02
1.359514770507812500e+03
1.697705932617187500e+03
1.157594970703125000e+03
9.243400878906250000e+02
1.360292358398437500e+03
2.184557373046875000e+03
9.451397094726562500e+02
1.378960449218750000e+03
2.424332519531250000e+03
9.333450927734375000e+02
2.756250488281250000e+03
1.098664794921875000e+03
4.054529541015625000e+03
3.211094970703125000e+03
2.708514404296875000e+03
3.186752197265625000e+03
1.481125610351562500e+03
2.255086914062500000e+03
1.638023925781250000e+03
1.049224609375000000e+03
1.845239501953125000e+03
1.211271362304687500e+03
9.347798461914062500e+02
9.940043945312500000e+02
1.297362915039062500e+03
1.815251098632812500e+03
1.085403686523437500e+03
9.316056518554687500e+02
