1.107664062500000000e+05
1.106548125000000000e+05
1.106932500000000000e+05
1.106577812500000000e+05
1.107079062500000000e+05
1.105300703125000000e+05
1.104456328125000000e+05
1.106010156250000000e+05
1.107217500000000000e+05
1.106438593750000000e+05
1.107986562500000000e+05
1.106277421875000000e+05
1.107593515625000000e+05
1.106520859375000000e+05
1.108600859375000000e+05
1.106654140625000000e+05
1.107139843750000000e+05
1.106427578125000000e+05
1.104869218750000000e+05
1.105626328125000000e+05
1.107078359375000000e+05
1.108241875000000000e+05
1.106352421875000000e+05
1.106142734375000000e+05
1.102738125000000000e+05
1.106213750000000000e+05
1.107964140625000000e+05
1.102322109375000000e+05
1.108295859375000000e+05
1.107877968750000000e+05
1.105068281250000000e+05
1.104883203125000000e+05
1.107730546875000000e+05
1.106918281250000000e+05
1.106221093750000000e+05
1.105435859375000000e+05
1.105935234375000000e+05
1.105234453125000000e+05
1.106527578125000000e+05
1.105715625000000000e+05
1.106868359375000000e+05
1.106216328125000000e+05
1.106002421875000000e+05
1.104312109375000000e+05
1.105584843750000000e+05
1.108509140625000000e+05
1.105431484375000000e+05
1.104013984375000000e+05
1.108695312500000000e+05
1.105848515625000000e+05
1.103913906250000000e+05
1.106724609375000000e+05
1.105126250000000000e+05
1.105135234375000000e+05
1.104792812500000000e+05
1.109253750000000000e+05
1.105336484375000000e+05
1.107948125000000000e+05
1.103059843750000000e+05
1.105230078125000000e+05
1.109243203125000000e+05
1.106498046875000000e+05
1.107197031250000000e+05
1.104347968750000000e+05
1.108296406250000000e+05
1.106352812500000000e+05
1.105708125000000000e+05
1.105753359375000000e+05
1.106992500000000000e+05
1.106058359375000000e+05
1.105921718750000000e+05
1.106315859375000000e+05
1.107233125000000000e+05
1.104844921875000000e+05
1.103364375000000000e+05
1.105293515625000000e+05
1.105388046875000000e+05
1.108259531250000000e+05
1.104483281250000000e+05
1.103195312500000000e+05
1.104092109375000000e+05
1.104806562500000000e+05
1.105377812500000000e+05
1.103951171875000000e+05
1.107230625000000000e+05
1.107544062500000000e+05
1.105476171875000000e+05
1.102252500000000000e+05
1.105444140625000000e+05
1.106478671875000000e+05
1.106915156250000000e+05
1.106093437500000000e+05
1.107050312500000000e+05
1.109650625000000000e+05
1.105932265625000000e+05
1.109124921875000000e+05
1.106953281250000000e+05
1.106277734375000000e+05
1.105528984375000000e+05
1.107107500000000000e+05
1.105771484375000000e+05
1.104878203125000000e+05
1.104587187500000000e+05
1.104250312500000000e+05
1.106259687500000000e+05
1.107469218750000000e+05
1.104640546875000000e+05
1.107142500000000000e+05
1.107662578125000000e+05
1.106081562500000000e+05
1.104905781250000000e+05
1.107689687500000000e+05
1.104088593750000000e+05
1.104395546875000000e+05
1.105530546875000000e+05
1.105491484375000000e+05
1.107251953125000000e+05
1.105770546875000000e+05
1.105946406250000000e+05
1.105797031250000000e+05
1.107946953125000000e+05
1.106047890625000000e+05
1.105833125000000000e+05
1.107011953125000000e+05
1.106604218750000000e+05
1.107390312500000000e+05
1.105778046875000000e+05
1.105716250000000000e+05
1.104957343750000000e+05
1.105714843750000000e+05
1.104897812500000000e+05
1.105351250000000000e+05
1.108746796875000000e+05
1.105274218750000000e+05
1.105402890625000000e+05
1.105338359375000000e+05
1.106758515625000000e+05
1.106294531250000000e+05
1.107222500000000000e+05
1.106491406250000000e+05
1.105652812500000000e+05
1.106420781250000000e+05
1.104933515625000000e+05
1.107386640625000000e+05
1.107112109375000000e+05
1.105208203125000000e+05
1.106810156250000000e+05
1.105344531250000000e+05
1.106850937500000000e+05
1.106695312500000000e+05
1.106981953125000000e+05
1.107297265625000000e+05
1.108571796875000000e+05
1.106883906250000000e+05
1.105340703125000000e+05
1.106067109375000000e+05
1.105638515625000000e+05
1.104423203125000000e+05
1.105108750000000000e+05
1.105828437500000000e+05
1.106994140625000000e+05
1.106525000000000000e+05
1.108020078125000000e+05
1.108285234375000000e+05
1.104528750000000000e+05
1.106552812500000000e+05
1.106001718750000000e+05
1.105581640625000000e+05
1.105617578125000000e+05
1.107576328125000000e+05
1.104771484375000000e+05
1.107527812500000000e+05
1.106760000000000000e+05
1.107213828125000000e+05
1.105802968750000000e+05
1.106157187500000000e+05
1.105372656250000000e+05
1.105216015625000000e+05
1.104834140625000000e+05
1.102900546875000000e+05
1.108099921875000000e+05
1.104553125000000000e+05
1.108411484375000000e+05
1.102604062500000000e+05
1.106432187500000000e+05
1.105871562500000000e+05
1.105947109375000000e+05
1.104767812500000000e+05
1.105967031250000000e+05
1.103913359375000000e+05
1.105321406250000000e+05
1.107550000000000000e+05
1.106032421875000000e+05
1.107889140625000000e+05
1.105127578125000000e+05
1.108274531250000000e+05
1.105735234375000000e+05
1.105795703125000000e+05
1.105247812500000000e+05
1.105676562500000000e+05
1.106149843750000000e+05
1.104989765625000000e+05
1.104251953125000000e+05
1.105999375000000000e+05
1.106111796875000000e+05
1.105544843750000000e+05
1.106584531250000000e+05
1.106256875000000000e+05
1.108343906250000000e+05
1.104474140625000000e+05
1.108467578125000000e+05
1.106218750000000000e+05
1.108367890625000000e+05
1.109305234375000000e+05
1.107081171875000000e+05
1.104816484375000000e+05
1.104797734375000000e+05
1.106080000000000000e+05
1.105486562500000000e+05
1.105736640625000000e+05
1.105912968750000000e+05
1.106792968750000000e+05
1.103764921875000000e+05
1.105588437500000000e+05
1.104635000000000000e+05
1.105976484375000000e+05
1.104744921875000000e+05
1.107481875000000000e+05
1.105264453125000000e+05
1.106503750000000000e+05
1.106849453125000000e+05
1.109485000000000000e+05
1.106557500000000000e+05
1.106995156250000000e+05
1.105035390625000000e+05
1.106630078125000000e+05
1.107099218750000000e+05
1.107788671875000000e+05
1.107054375000000000e+05
1.105808437500000000e+05
1.106406953125000000e+05
1.109136093750000000e+05
1.107533125000000000e+05
1.105206171875000000e+05
1.106013671875000000e+05
1.104693515625000000e+05
1.106711875000000000e+05
1.106625703125000000e+05
1.107306953125000000e+05
1.105877343750000000e+05
1.105010468750000000e+05
1.105861718750000000e+05
1.106111562500000000e+05
1.106903359375000000e+05
1.105562734375000000e+05
1.105599218750000000e+05
1.107342734375000000e+05
1.106507500000000000e+05
1.105020078125000000e+05
1.105015000000000000e+05
1.107988984375000000e+05
1.107686562500000000e+05
1.106480312500000000e+05
1.105701875000000000e+05
1.106366953125000000e+05
1.106722109375000000e+05
1.106661875000000000e+05
1.106597109375000000e+05
1.105424531250000000e+05
1.106504062500000000e+05
1.105252812500000000e+05
1.108663203125000000e+05
1.106708984375000000e+05
1.106536953125000000e+05
1.107727343750000000e+05
1.104725078125000000e+05
1.107433359375000000e+05
1.104367656250000000e+05
1.103814531250000000e+05
1.105004921875000000e+05
1.106931953125000000e+05
1.107054687500000000e+05
1.105696328125000000e+05
1.105305468750000000e+05
1.106130312500000000e+05
1.103980781250000000e+05
1.105297500000000000e+05
1.104351250000000000e+05
1.105562968750000000e+05
1.106410546875000000e+05
1.107472500000000000e+05
1.104363437500000000e+05
1.104153281250000000e+05
1.105341875000000000e+05
1.106418203125000000e+05
1.104689140625000000e+05
1.106444062500000000e+05
1.105792656250000000e+05
1.105439218750000000e+05
1.107181093750000000e+05
1.107633906250000000e+05
1.103097187500000000e+05
1.107330234375000000e+05
1.105124609375000000e+05
1.107532812500000000e+05
1.105397187500000000e+05
1.104863046875000000e+05
1.105583593750000000e+05
1.105793046875000000e+05
1.104725390625000000e+05
1.106032187500000000e+05
1.106427734375000000e+05
1.105268671875000000e+05
1.108223125000000000e+05
1.107591953125000000e+05
1.106262578125000000e+05
1.103004921875000000e+05
1.106484687500000000e+05
1.105380390625000000e+05
1.105180234375000000e+05
1.108251953125000000e+05
1.104914687500000000e+05
1.106480546875000000e+05
1.106776328125000000e+05
1.108105703125000000e+05
1.105111640625000000e+05
1.106419296875000000e+05
1.105293750000000000e+05
1.106378671875000000e+05
1.106040859375000000e+05
1.107393281250000000e+05
1.104416328125000000e+05
1.106171640625000000e+05
1.105635625000000000e+05
1.105086171875000000e+05
1.104343046875000000e+05
1.107070078125000000e+05
1.107407890625000000e+05
1.106079140625000000e+05
1.107140234375000000e+05
1.108333671875000000e+05
1.107093828125000000e+05
1.107128281250000000e+05
1.105880078125000000e+05
1.106128203125000000e+05
1.104707421875000000e+05
1.105368515625000000e+05
1.104721875000000000e+05
1.104769687500000000e+05
1.104883515625000000e+05
1.106925390625000000e+05
1.105460078125000000e+05
1.106111875000000000e+05
1.105583046875000000e+05
1.105775781250000000e+05
1.105125000000000000e+05
1.107942890625000000e+05
1.106197500000000000e+05
1.106941250000000000e+05
1.106768828125000000e+05
1.105777890625000000e+05
1.106777812500000000e+05
1.106287656250000000e+05
1.105536640625000000e+05
1.105357500000000000e+05
1.107670312500000000e+05
1.106265234375000000e+05
1.106609687500000000e+05
1.106348437500000000e+05
1.105579375000000000e+05
1.107907812500000000e+05
1.106502500000000000e+05
1.105785468750000000e+05
1.104230078125000000e+05
1.106760390625000000e+05
1.107266796875000000e+05
1.106569921875000000e+05
1.106949218750000000e+05
1.104347968750000000e+05
1.106775468750000000e+05
1.106556015625000000e+05
1.105946953125000000e+05
1.107448125000000000e+05
1.105638593750000000e+05
1.105821015625000000e+05
1.104340546875000000e+05
1.105395390625000000e+05
1.108901250000000000e+05
1.106437734375000000e+05
1.105933750000000000e+05
1.105241406250000000e+05
1.107033984375000000e+05
1.105402109375000000e+05
1.106946328125000000e+05
1.105729609375000000e+05
1.108182031250000000e+05
1.105856484375000000e+05
1.108619375000000000e+05
1.103916562500000000e+05
1.105478593750000000e+05
1.107032421875000000e+05
1.105150781250000000e+05
1.106221328125000000e+05
1.105447265625000000e+05
1.106836796875000000e+05
1.104317343750000000e+05
1.106436015625000000e+05
1.104195937500000000e+05
1.105416093750000000e+05
1.107664296875000000e+05
1.105226406250000000e+05
1.107779296875000000e+05
1.104889375000000000e+05
1.106298515625000000e+05
1.108443750000000000e+05
1.107574843750000000e+05
1.105997031250000000e+05
1.106447031250000000e+05
1.106374687500000000e+05
1.104498750000000000e+05
1.107334687500000000e+05
1.105036015625000000e+05
1.104602890625000000e+05
1.105880234375000000e+05
1.106503437500000000e+05
1.107018984375000000e+05
1.106481093750000000e+05
1.105058671875000000e+05
1.106654375000000000e+05
1.104833046875000000e+05
1.105927812500000000e+05
1.105065781250000000e+05
1.104724609375000000e+05
1.106389296875000000e+05
1.106772812500000000e+05
1.106394765625000000e+05
1.103263593750000000e+05
1.106271875000000000e+05
1.104936484375000000e+05
1.104984531250000000e+05
1.106580781250000000e+05
1.106408750000000000e+05
1.103979531250000000e+05
1.104651953125000000e+05
1.103716562500000000e+05
1.106494375000000000e+05
1.106417578125000000e+05
1.104591796875000000e+05
1.105745625000000000e+05
1.106323906250000000e+05
1.109980546875000000e+05
1.105449921875000000e+05
1.104060156250000000e+05
1.107412968750000000e+05
1.107920546875000000e+05
1.105962890625000000e+05
1.105337656250000000e+05
1.107144296875000000e+05
1.107379609375000000e+05
1.108219687500000000e+05
1.107215781250000000e+05
1.107711484375000000e+05
1.105294062500000000e+05
1.105309531250000000e+05
1.107629453125000000e+05
1.107578671875000000e+05
1.107366562500000000e+05
1.108063359375000000e+05
1.103160000000000000e+05
1.107512656250000000e+05
1.110405625000000000e+05
1.105774062500000000e+05
1.107339921875000000e+05
1.106552187500000000e+05
1.106341328125000000e+05
1.106311875000000000e+05
1.105213125000000000e+05
1.107947812500000000e+05
1.107080234375000000e+05
1.106324765625000000e+05
1.106445078125000000e+05
1.104529375000000000e+05
1.106341015625000000e+05
1.106344296875000000e+05
1.106416171875000000e+05
1.104837890625000000e+05
1.103922343750000000e+05
1.108860468750000000e+05
1.105391484375000000e+05
1.107982187500000000e+05
1.105203515625000000e+05
1.105467578125000000e+05
1.104804062500000000e+05
1.105015546875000000e+05
1.105763515625000000e+05
1.105202421875000000e+05
1.105984531250000000e+05
1.105685937500000000e+05
1.104454296875000000e+05
1.104402656250000000e+05
1.107291171875000000e+05
1.108336171875000000e+05
1.105252109375000000e+05
1.106037109375000000e+05
1.106890156250000000e+05
1.107314765625000000e+05
1.104498671875000000e+05
1.106522890625000000e+05
1.105169453125000000e+05
1.106872343750000000e+05
1.107803203125000000e+05
1.107048828125000000e+05
1.105142421875000000e+05
1.106619687500000000e+05
1.105701406250000000e+05
1.106410625000000000e+05
1.105197187500000000e+05
1.105170937500000000e+05
1.104826250000000000e+05
1.107301640625000000e+05
1.103826796875000000e+05
1.107056015625000000e+05
1.105386796875000000e+05
1.106770156250000000e+05
1.107983984375000000e+05
1.106586015625000000e+05
1.107342031250000000e+05
1.106453515625000000e+05
1.105150703125000000e+05
1.106927343750000000e+05
1.105019609375000000e+05
1.105459296875000000e+05
1.105769140625000000e+05
1.104647656250000000e+05
1.106421015625000000e+05
1.107336093750000000e+05
1.105771406250000000e+05
1.105879375000000000e+05
1.104149453125000000e+05
1.106570468750000000e+05
1.105933671875000000e+05
1.104813671875000000e+05
1.105844140625000000e+05
1.106482109375000000e+05
1.106629843750000000e+05
1.104821953125000000e+05
1.108973203125000000e+05
1.108816171875000000e+05
1.106308750000000000e+05
1.106077109375000000e+05
1.105164921875000000e+05
1.105977578125000000e+05
1.105097500000000000e+05
1.106829453125000000e+05
1.107017187500000000e+05
1.106704531250000000e+05
1.105353828125000000e+05
1.108349531250000000e+05
1.107441875000000000e+05
1.107273828125000000e+05
1.107271796875000000e+05
1.106329296875000000e+05
1.106484140625000000e+05
1.105908671875000000e+05
1.108387968750000000e+05
1.108113828125000000e+05
1.107115625000000000e+05
1.104782187500000000e+05
1.107368593750000000e+05
1.106994140625000000e+05
1.107757890625000000e+05
1.105767968750000000e+05
1.104572343750000000e+05
1.104731718750000000e+05
1.107430312500000000e+05
1.106431015625000000e+05
1.105739687500000000e+05
1.106212343750000000e+05
1.107436562500000000e+05
1.105330312500000000e+05
1.107735703125000000e+05
1.107338671875000000e+05
1.106262265625000000e+05
1.104526562500000000e+05
1.105511953125000000e+05
1.108660078125000000e+05
1.104193671875000000e+05
1.106297031250000000e+05
1.105708437500000000e+05
1.105866875000000000e+05
1.105921875000000000e+05
1.106421875000000000e+05
1.105147812500000000e+05
1.104901250000000000e+05
1.107400390625000000e+05
1.107433671875000000e+05
1.108257343750000000e+05
1.108554687500000000e+05
1.107245546875000000e+05
1.108940781250000000e+05
1.106924140625000000e+05
1.107364140625000000e+05
1.107173671875000000e+05
1.104388593750000000e+05
1.104565625000000000e+05
1.107703671875000000e+05
1.104726406250000000e+05
1.106222500000000000e+05
1.106404062500000000e+05
1.106690546875000000e+05
1.105663906250000000e+05
1.107143203125000000e+05
1.106253359375000000e+05
1.106253671875000000e+05
1.108154218750000000e+05
1.104985234375000000e+05
1.105982890625000000e+05
1.103653437500000000e+05
1.105941406250000000e+05
1.105756718750000000e+05
1.105520546875000000e+05
1.105968437500000000e+05
1.105476250000000000e+05
1.106668437500000000e+05
1.104346015625000000e+05
1.106565859375000000e+05
1.106653359375000000e+05
1.104706640625000000e+05
1.107100703125000000e+05
1.105586875000000000e+05
1.106062734375000000e+05
1.106168593750000000e+05
1.105633515625000000e+05
1.106752421875000000e+05
1.106697812500000000e+05
1.106263750000000000e+05
1.107421093750000000e+05
1.105310156250000000e+05
1.107538671875000000e+05
1.106671640625000000e+05
1.104650468750000000e+05
1.104240312500000000e+05
1.105279453125000000e+05
1.105661406250000000e+05
1.106446171875000000e+05
1.105991484375000000e+05
1.105932656250000000e+05
1.107221015625000000e+05
1.106719531250000000e+05
1.107850937500000000e+05
1.106661953125000000e+05
1.105951640625000000e+05
1.105282578125000000e+05
1.106652031250000000e+05
1.106368281250000000e+05
1.107658046875000000e+05
1.106098203125000000e+05
1.106923750000000000e+05
1.106916250000000000e+05
1.104913046875000000e+05
1.104611484375000000e+05
1.107101875000000000e+05
1.103658984375000000e+05
1.106573515625000000e+05
1.107744765625000000e+05
1.106191015625000000e+05
1.106186953125000000e+05
1.105960078125000000e+05
1.104652656250000000e+05
1.105597343750000000e+05
1.105842656250000000e+05
1.106154765625000000e+05
1.105798281250000000e+05
1.106093984375000000e+05
1.106489609375000000e+05
1.106099609375000000e+05
1.105812031250000000e+05
1.104787421875000000e+05
1.105307187500000000e+05
1.105082578125000000e+05
1.106416093750000000e+05
1.104793046875000000e+05
1.105989218750000000e+05
1.104577656250000000e+05
1.106956875000000000e+05
1.103760546875000000e+05
1.105897578125000000e+05
1.105602109375000000e+05
1.105661093750000000e+05
1.104276328125000000e+05
1.108072109375000000e+05
1.106960546875000000e+05
1.105602734375000000e+05
1.108678515625000000e+05
1.107287031250000000e+05
1.107205390625000000e+05
1.106541718750000000e+05
1.106684375000000000e+05
1.105935781250000000e+05
1.104769453125000000e+05
1.105064296875000000e+05
1.106778984375000000e+05
1.106380234375000000e+05
1.108394218750000000e+05
1.105140468750000000e+05
1.105986250000000000e+05
1.105076875000000000e+05
1.106165859375000000e+05
1.105574921875000000e+05
1.105879531250000000e+05
1.106164140625000000e+05
1.105745078125000000e+05
1.105245859375000000e+05
1.108135703125000000e+05
1.107044375000000000e+05
1.107630312500000000e+05
1.107107265625000000e+05
1.108544062500000000e+05
1.104658984375000000e+05
1.108124062500000000e+05
1.104416406250000000e+05
1.107145078125000000e+05
1.105226796875000000e+05
1.105565937500000000e+05
1.104895546875000000e+05
1.108024609375000000e+05
1.105787968750000000e+05
1.104922343750000000e+05
1.106361796875000000e+05
1.105986250000000000e+05
1.105118671875000000e+05
1.106885859375000000e+05
1.105704218750000000e+05
1.105497890625000000e+05
1.105302812500000000e+05
1.107594140625000000e+05
1.104406171875000000e+05
1.107309765625000000e+05
1.105475859375000000e+05
1.104642109375000000e+05
1.105791171875000000e+05
1.104749218750000000e+05
1.105908437500000000e+05
1.108322578125000000e+05
1.105264765625000000e+05
1.106436796875000000e+05
1.110069531250000000e+05
1.107557187500000000e+05
1.106411718750000000e+05
1.106247031250000000e+05
1.102675078125000000e+05
1.107523828125000000e+05
1.106924765625000000e+05
1.106856718750000000e+05
1.106113359375000000e+05
1.107980859375000000e+05
1.106434765625000000e+05
1.107800390625000000e+05
1.107292578125000000e+05
1.108097890625000000e+05
1.105892890625000000e+05
1.104947265625000000e+05
1.106557500000000000e+05
1.108205078125000000e+05
1.106295156250000000e+05
1.105775000000000000e+05
1.107440546875000000e+05
1.104313984375000000e+05
1.105220390625000000e+05
1.105280625000000000e+05
1.104822734375000000e+05
1.105856718750000000e+05
1.106888437500000000e+05
1.107347734375000000e+05
1.102989843750000000e+05
1.103679765625000000e+05
1.106497812500000000e+05
1.106430937500000000e+05
1.104626953125000000e+05
1.104263906250000000e+05
1.106362968750000000e+05
1.107162656250000000e+05
1.106149453125000000e+05
1.106117421875000000e+05
1.105548046875000000e+05
1.107975546875000000e+05
1.103979375000000000e+05
1.105913828125000000e+05
1.105051640625000000e+05
1.106609609375000000e+05
1.106008828125000000e+05
1.106123046875000000e+05
1.106279687500000000e+05
1.108701093750000000e+05
1.105840625000000000e+05
1.105080703125000000e+05
1.105635390625000000e+05
1.104554140625000000e+05
1.104141953125000000e+05
1.105652343750000000e+05
1.106701015625000000e+05
1.105800937500000000e+05
1.105927656250000000e+05
1.105274453125000000e+05
1.109830312500000000e+05
1.106597109375000000e+05
1.106012968750000000e+05
1.108255859375000000e+05
1.105139218750000000e+05
1.106152500000000000e+05
1.107724140625000000e+05
1.107462031250000000e+05
1.106235078125000000e+05
1.106582734375000000e+05
1.107604687500000000e+05
1.108644140625000000e+05
1.105990390625000000e+05
1.107280234375000000e+05
1.108407421875000000e+05
1.105167578125000000e+05
1.106231875000000000e+05
1.107914296875000000e+05
1.105350078125000000e+05
1.106170546875000000e+05
1.108270937500000000e+05
1.107272812500000000e+05
1.105781953125000000e+05
1.108193828125000000e+05
1.106259375000000000e+05
1.106509843750000000e+05
1.104899843750000000e+05
1.108806718750000000e+05
1.106270703125000000e+05
1.104511250000000000e+05
1.106200234375000000e+05
1.107626875000000000e+05
1.108964375000000000e+05
1.105524062500000000e+05
1.107574609375000000e+05
1.106450468750000000e+05
1.106400703125000000e+05
1.106982890625000000e+05
1.105945156250000000e+05
1.105062812500000000e+05
1.105021953125000000e+05
1.106360234375000000e+05
1.105999765625000000e+05
1.105062265625000000e+05
1.105278515625000000e+05
1.105551171875000000e+05
1.106776718750000000e+05
1.106300390625000000e+05
1.104059218750000000e+05
1.105438515625000000e+05
1.103696875000000000e+05
1.108893437500000000e+05
1.105819296875000000e+05
1.107988671875000000e+05
1.106387421875000000e+05
1.106318281250000000e+05
1.103171796875000000e+05
1.104323906250000000e+05
1.107789765625000000e+05
1.105349296875000000e+05
1.106368828125000000e+05
1.104412968750000000e+05
1.105913046875000000e+05
1.104237734375000000e+05
1.106617578125000000e+05
1.106249375000000000e+05
1.107458359375000000e+05
1.106596718750000000e+05
1.105845859375000000e+05
1.107385625000000000e+05
1.104884062500000000e+05
1.103732109375000000e+05
1.105147500000000000e+05
1.103862265625000000e+05
1.105676250000000000e+05
1.105123750000000000e+05
1.105036562500000000e+05
1.106287421875000000e+05
1.105093515625000000e+05
1.105987968750000000e+05
1.104880546875000000e+05
1.106338437500000000e+05
1.104590078125000000e+05
1.106784609375000000e+05
1.108017578125000000e+05
1.103386875000000000e+05
1.104636484375000000e+05
1.106517031250000000e+05
1.107130781250000000e+05
1.105884921875000000e+05
1.106331093750000000e+05
1.104025468750000000e+05
1.107240078125000000e+05
1.106672421875000000e+05
1.105834296875000000e+05
1.106137656250000000e+05
1.106740234375000000e+05
1.105611953125000000e+05
1.106332109375000000e+05
1.106639375000000000e+05
1.108106093750000000e+05
1.107926250000000000e+05
1.106821093750000000e+05
1.106308750000000000e+05
1.104801718750000000e+05
1.107305234375000000e+05
1.105926250000000000e+05
1.104746250000000000e+05
1.105883593750000000e+05
1.107548750000000000e+05
1.107039687500000000e+05
1.106482109375000000e+05
1.106678593750000000e+05
1.109327890625000000e+05
1.104729062500000000e+05
1.106927578125000000e+05
1.107125390625000000e+05
1.105292500000000000e+05
1.105634531250000000e+05
1.105346796875000000e+05
1.105814687500000000e+05
1.107872734375000000e+05
1.106282656250000000e+05
1.106050156250000000e+05
1.106685234375000000e+05
1.103621953125000000e+05
1.107254375000000000e+05
1.107413125000000000e+05
1.105645781250000000e+05
1.101870000000000000e+05
1.105733515625000000e+05
1.106986406250000000e+05
1.104157421875000000e+05
1.107118203125000000e+05
1.105299218750000000e+05
1.105444765625000000e+05
1.105415546875000000e+05
1.102874687500000000e+05
1.105855781250000000e+05
1.109006171875000000e+05
1.106560000000000000e+05
1.107626640625000000e+05
1.106903125000000000e+05
1.105153593750000000e+05
1.104855468750000000e+05
1.106209765625000000e+05
1.106337656250000000e+05
1.105987265625000000e+05
1.105597734375000000e+05
1.106088203125000000e+05
1.108791250000000000e+05
1.107147968750000000e+05
1.104628125000000000e+05
1.106116171875000000e+05
1.105020703125000000e+05
1.104494062500000000e+05
1.107569687500000000e+05
1.104126718750000000e+05
1.107162890625000000e+05
1.104770000000000000e+05
1.105561250000000000e+05
1.108643203125000000e+05
1.106666562500000000e+05
1.105948984375000000e+05
1.105657187500000000e+05
1.107469765625000000e+05
1.106663203125000000e+05
1.107641875000000000e+05
1.107440859375000000e+05
1.107589453125000000e+05
1.107733671875000000e+05
1.106385703125000000e+05
1.106368593750000000e+05
1.106600703125000000e+05
1.104920390625000000e+05
1.105435312500000000e+05
1.106231640625000000e+05
1.106351250000000000e+05
1.107790468750000000e+05
1.105885546875000000e+05
1.104852968750000000e+05
1.107288281250000000e+05
1.105288828125000000e+05
1.107039218750000000e+05
1.105136640625000000e+05
1.104844687500000000e+05
1.107922656250000000e+05
1.107757421875000000e+05
1.104959765625000000e+05
1.106601875000000000e+05
1.106690156250000000e+05
1.104392656250000000e+05
1.106824843750000000e+05
1.104943671875000000e+05
1.105057578125000000e+05
1.105615703125000000e+05
