1.107875390625000000e+05
9.973842968750000000e+04
8.888955468750000000e+04
7.788082031250000000e+04
6.730125781250000000e+04
5.693337500000000000e+04
4.773142187500000000e+04
3.989177734375000000e+04
3.366691015625000000e+04
2.897350585937500000e+04
2.667958593750000000e+04
2.624992187500000000e+04
2.723053515625000000e+04
2.963157617187500000e+04
3.196313085937500000e+04
3.416372656250000000e+04
3.532917968750000000e+04
3.543971875000000000e+04
3.483473046875000000e+04
3.328243750000000000e+04
3.135221875000000000e+04
2.941865039062500000e+04
2.794373046875000000e+04
2.692610937500000000e+04
2.624418359375000000e+04
2.588732226562500000e+04
2.606228515625000000e+04
2.634814843750000000e+04
2.676262109375000000e+04
2.727085351562500000e+04
2.743469921875000000e+04
2.773822656250000000e+04
2.777738671875000000e+04
2.772009375000000000e+04
2.740068945312500000e+04
2.696823632812500000e+04
2.657136718750000000e+04
2.626808203125000000e+04
2.606828515625000000e+04
2.578756445312500000e+04
2.570905664062500000e+04
2.557484570312500000e+04
2.561492578125000000e+04
2.574543164062500000e+04
2.592865820312500000e+04
2.582860546875000000e+04
2.592796484375000000e+04
2.603434179687500000e+04
2.580377343750000000e+04
2.571029492187500000e+04
2.560434179687500000e+04
2.547524414062500000e+04
2.532870898437500000e+04
2.542432812500000000e+04
2.531034375000000000e+04
2.526728515625000000e+04
2.508465234375000000e+04
2.528413867187500000e+04
2.532907617187500000e+04
2.516803906250000000e+04
2.521147656250000000e+04
2.531329882812500000e+04
2.510887500000000000e+04
2.500594726562500000e+04
2.490376562500000000e+04
2.490076757812500000e+04
2.474741210937500000e+04
2.478832226562500000e+04
2.486452148437500000e+04
2.466374609375000000e+04
2.468827734375000000e+04
2.462492187500000000e+04
2.454224804687500000e+04
2.455168164062500000e+04
2.449202148437500000e+04
2.457430078125000000e+04
2.445401562500000000e+04
2.431467187500000000e+04
2.432501367187500000e+04
2.428176757812500000e+04
2.416102148437500000e+04
2.410229296875000000e+04
2.405561132812500000e+04
2.393830468750000000e+04
2.387820507812500000e+04
2.380303515625000000e+04
2.369827734375000000e+04
2.361135156250000000e+04
2.358928320312500000e+04
2.354948828125000000e+04
2.351502343750000000e+04
2.337690039062500000e+04
2.319808789062500000e+04
2.328738085937500000e+04
2.309887890625000000e+04
2.289023632812500000e+04
2.303974023437500000e+04
2.269103515625000000e+04
2.264563476562500000e+04
2.261527148437500000e+04
2.243516992187500000e+04
2.237244726562500000e+04
2.226192968750000000e+04
2.219853906250000000e+04
2.197479296875000000e+04
2.184516015625000000e+04
2.183514648437500000e+04
2.167768945312500000e+04
2.148645898437500000e+04
2.137515820312500000e+04
2.118475390625000000e+04
2.111258007812500000e+04
2.085942968750000000e+04
2.074887500000000000e+04
2.063320507812500000e+04
2.049016992187500000e+04
2.029464648437500000e+04
2.006559179687500000e+04
2.001260937500000000e+04
1.980333203125000000e+04
1.966472460937500000e+04
1.946979492187500000e+04
1.924471289062500000e+04
1.905652929687500000e+04
1.890085546875000000e+04
1.857796484375000000e+04
1.846497265625000000e+04
1.820192382812500000e+04
1.798829296875000000e+04
1.774867773437500000e+04
1.766336328125000000e+04
1.726101367187500000e+04
1.707423632812500000e+04
1.681131835937500000e+04
1.654696289062500000e+04
1.630246386718750000e+04
1.609197167968750000e+04
1.584518750000000000e+04
1.555156542968750000e+04
1.531708203125000000e+04
1.494717968750000000e+04
1.466307617187500000e+04
1.440125292968750000e+04
1.412311230468750000e+04
1.388947070312500000e+04
1.361561425781250000e+04
1.328182031250000000e+04
1.294975585937500000e+04
1.272356250000000000e+04
1.244122265625000000e+04
1.226197363281250000e+04
1.195397558593750000e+04
1.173060156250000000e+04
1.149948828125000000e+04
1.128094238281250000e+04
1.109881738281250000e+04
1.082891503906250000e+04
1.077741015625000000e+04
1.057822460937500000e+04
1.039546386718750000e+04
1.021371972656250000e+04
1.003933300781250000e+04
9.950076171875000000e+03
9.849291015625000000e+03
9.619440429687500000e+03
9.486807617187500000e+03
9.391616210937500000e+03
9.220984375000000000e+03
9.111111328125000000e+03
8.997582031250000000e+03
8.830950195312500000e+03
8.761415039062500000e+03
8.630773437500000000e+03
8.525754882812500000e+03
8.413740234375000000e+03
8.301325195312500000e+03
8.199375976562500000e+03
8.056199707031250000e+03
7.981147460937500000e+03
7.806709960937500000e+03
7.734761718750000000e+03
7.653153320312500000e+03
7.589143066406250000e+03
7.468975097656250000e+03
7.377438476562500000e+03
7.345387207031250000e+03
7.239461914062500000e+03
7.190861816406250000e+03
7.134580078125000000e+03
7.044393066406250000e+03
6.960843750000000000e+03
6.896564453125000000e+03
6.853454101562500000e+03
6.845921386718750000e+03
6.785873046875000000e+03
6.755994628906250000e+03
6.693872558593750000e+03
6.632300781250000000e+03
6.578286621093750000e+03
6.528513183593750000e+03
6.516793457031250000e+03
6.445423828125000000e+03
6.422367187500000000e+03
6.405615234375000000e+03
6.346861328125000000e+03
6.349496093750000000e+03
6.346735839843750000e+03
6.309872070312500000e+03
6.300855957031250000e+03
6.276527832031250000e+03
6.257212402343750000e+03
6.228893066406250000e+03
6.251036132812500000e+03
6.223812011718750000e+03
6.174600585937500000e+03
6.194892578125000000e+03
6.153011718750000000e+03
6.141637695312500000e+03
6.130863769531250000e+03
6.081492675781250000e+03
6.086147460937500000e+03
6.044342773437500000e+03
6.023315917968750000e+03
6.024256835937500000e+03
5.995955078125000000e+03
6.011324707031250000e+03
5.972056152343750000e+03
5.977171386718750000e+03
5.979822753906250000e+03
5.928850097656250000e+03
5.926907714843750000e+03
5.939994140625000000e+03
5.900456054687500000e+03
5.858623046875000000e+03
5.827704589843750000e+03
5.849013183593750000e+03
5.792504394531250000e+03
5.797328125000000000e+03
5.803670410156250000e+03
5.778878417968750000e+03
5.731538085937500000e+03
5.733332519531250000e+03
5.740438476562500000e+03
5.715129882812500000e+03
5.655932128906250000e+03
5.626341796875000000e+03
5.635947753906250000e+03
5.602186035156250000e+03
5.607059082031250000e+03
5.570093750000000000e+03
5.563250000000000000e+03
5.539926757812500000e+03
5.550176269531250000e+03
5.525588378906250000e+03
5.512056640625000000e+03
5.504183105468750000e+03
5.489190429687500000e+03
5.470963378906250000e+03
5.420523925781250000e+03
5.423278808593750000e+03
5.455276367187500000e+03
5.422644042968750000e+03
5.364747558593750000e+03
5.373036621093750000e+03
5.329696777343750000e+03
5.309607421875000000e+03
5.325932617187500000e+03
5.268144042968750000e+03
5.287327148437500000e+03
5.280602539062500000e+03
5.248658203125000000e+03
5.271410644531250000e+03
5.255543945312500000e+03
5.210639160156250000e+03
5.201022460937500000e+03
5.169938476562500000e+03
5.170652832031250000e+03
5.151499023437500000e+03
5.115547851562500000e+03
5.122342285156250000e+03
5.115007324218750000e+03
5.064285156250000000e+03
5.058333007812500000e+03
5.061051757812500000e+03
5.013355468750000000e+03
5.028293457031250000e+03
4.992295410156250000e+03
5.005288085937500000e+03
4.941697265625000000e+03
4.964365722656250000e+03
4.950675292968750000e+03
4.916614257812500000e+03
4.883245117187500000e+03
4.886380859375000000e+03
4.887259277343750000e+03
4.867452148437500000e+03
4.848646484375000000e+03
4.863828125000000000e+03
4.821808593750000000e+03
4.782581054687500000e+03
4.768797363281250000e+03
4.785278808593750000e+03
4.789483398437500000e+03
4.730060058593750000e+03
4.784044433593750000e+03
4.727002929687500000e+03
4.710073730468750000e+03
4.680256835937500000e+03
4.661906738281250000e+03
4.650859375000000000e+03
4.642008789062500000e+03
4.606247070312500000e+03
4.586321777343750000e+03
4.629704101562500000e+03
4.584669433593750000e+03
4.552044921875000000e+03
4.564535156250000000e+03
4.527424804687500000e+03
4.523058593750000000e+03
4.500570800781250000e+03
4.524064941406250000e+03
4.463314453125000000e+03
4.478755371093750000e+03
4.453049316406250000e+03
4.462001953125000000e+03
4.400621093750000000e+03
4.414695800781250000e+03
4.381703125000000000e+03
4.391630859375000000e+03
4.386670410156250000e+03
4.332634277343750000e+03
4.343826660156250000e+03
4.345260742187500000e+03
4.312804199218750000e+03
4.287281738281250000e+03
4.273520019531250000e+03
4.290638183593750000e+03
4.264750488281250000e+03
4.264433593750000000e+03
4.222333984375000000e+03
4.221499511718750000e+03
4.226204589843750000e+03
4.197046875000000000e+03
4.173366210937500000e+03
4.142459472656250000e+03
4.129156738281250000e+03
4.152105468750000000e+03
4.121066894531250000e+03
4.128895507812500000e+03
4.113472167968750000e+03
4.087435546875000000e+03
4.089076171875000000e+03
4.091373046875000000e+03
4.056547607421875000e+03
4.046787597656250000e+03
4.022365966796875000e+03
4.050791259765625000e+03
4.020427978515625000e+03
4.016946533203125000e+03
4.006604248046875000e+03
3.984004638671875000e+03
3.972723388671875000e+03
3.979579345703125000e+03
3.964873046875000000e+03
3.941563964843750000e+03
3.925389404296875000e+03
3.921100585937500000e+03
3.893229003906250000e+03
3.893687988281250000e+03
3.880933837890625000e+03
3.865719726562500000e+03
3.850240966796875000e+03
3.842662597656250000e+03
3.825845947265625000e+03
3.805991699218750000e+03
3.814135009765625000e+03
3.804196044921875000e+03
3.786956054687500000e+03
3.789036865234375000e+03
3.788043212890625000e+03
3.796707275390625000e+03
3.763349365234375000e+03
3.812442382812500000e+03
3.793454589843750000e+03
3.732894531250000000e+03
3.742703369140625000e+03
3.721584716796875000e+03
3.692449218750000000e+03
3.679666259765625000e+03
3.668591064453125000e+03
3.655028564453125000e+03
3.643045410156250000e+03
3.637520507812500000e+03
3.631677246093750000e+03
3.606038574218750000e+03
3.647247070312500000e+03
3.629161865234375000e+03
3.633044921875000000e+03
3.637044921875000000e+03
3.662977294921875000e+03
3.651920898437500000e+03
3.611266845703125000e+03
3.548419189453125000e+03
3.576750976562500000e+03
3.582866943359375000e+03
3.599945068359375000e+03
3.608537841796875000e+03
3.581760009765625000e+03
3.530508300781250000e+03
3.512490722656250000e+03
3.550593750000000000e+03
3.600543212890625000e+03
3.588838623046875000e+03
3.511760009765625000e+03
3.478075195312500000e+03
3.512551025390625000e+03
3.551917236328125000e+03
3.541977539062500000e+03
3.469632080078125000e+03
3.454921875000000000e+03
3.493990722656250000e+03
3.478860351562500000e+03
3.419887695312500000e+03
3.396272949218750000e+03
3.417393554687500000e+03
3.429156005859375000e+03
3.435326904296875000e+03
3.396035888671875000e+03
3.370718750000000000e+03
3.412206298828125000e+03
3.414587890625000000e+03
3.421083984375000000e+03
3.361167968750000000e+03
3.356836181640625000e+03
3.353013671875000000e+03
3.374797607421875000e+03
3.351159667968750000e+03
3.348254882812500000e+03
3.315626708984375000e+03
3.301730224609375000e+03
3.313795410156250000e+03
3.357019531250000000e+03
3.314906005859375000e+03
3.315630615234375000e+03
3.281901855468750000e+03
3.313236328125000000e+03
3.297051269531250000e+03
3.313104736328125000e+03
3.296160644531250000e+03
3.307205566406250000e+03
3.238608398437500000e+03
3.255559326171875000e+03
3.267716064453125000e+03
3.255393066406250000e+03
3.244130371093750000e+03
3.258935302734375000e+03
3.226975585937500000e+03
3.191731689453125000e+03
3.225506347656250000e+03
3.222770751953125000e+03
3.254171630859375000e+03
3.216242187500000000e+03
3.208801513671875000e+03
3.187548339843750000e+03
3.179849853515625000e+03
3.173495849609375000e+03
3.174538085937500000e+03
3.163188964843750000e+03
3.135395019531250000e+03
3.152710205078125000e+03
3.140714599609375000e+03
3.143362548828125000e+03
3.139165283203125000e+03
3.127943603515625000e+03
3.128145019531250000e+03
3.132437255859375000e+03
3.150398681640625000e+03
3.139841064453125000e+03
3.111792236328125000e+03
3.132919677734375000e+03
3.145971191406250000e+03
3.113794921875000000e+03
3.113945068359375000e+03
3.118458007812500000e+03
3.089302246093750000e+03
3.092886230468750000e+03
3.066220703125000000e+03
3.044224853515625000e+03
3.042473876953125000e+03
3.064923583984375000e+03
3.072500000000000000e+03
3.155401611328125000e+03
3.229191650390625000e+03
3.305128906250000000e+03
3.231406982421875000e+03
3.098805419921875000e+03
3.007223876953125000e+03
3.070212646484375000e+03
3.163787597656250000e+03
3.155655517578125000e+03
3.034626708984375000e+03
3.002874267578125000e+03
2.998892333984375000e+03
3.040729248046875000e+03
3.019601562500000000e+03
3.024649658203125000e+03
2.974596191406250000e+03
2.974026855468750000e+03
2.973158691406250000e+03
3.011254638671875000e+03
3.015003906250000000e+03
2.981949951171875000e+03
2.951612304687500000e+03
2.943410888671875000e+03
2.925194580078125000e+03
2.933651367187500000e+03
2.946792236328125000e+03
2.942933593750000000e+03
2.929220214843750000e+03
2.920997070312500000e+03
2.892803710937500000e+03
2.912135009765625000e+03
2.902396240234375000e+03
2.882114257812500000e+03
2.897527587890625000e+03
2.898312988281250000e+03
2.905887207031250000e+03
2.905344726562500000e+03
2.891992919921875000e+03
2.927714599609375000e+03
2.922477294921875000e+03
2.907236572265625000e+03
2.886283935546875000e+03
2.875062255859375000e+03
2.864177734375000000e+03
2.855354980468750000e+03
2.852639892578125000e+03
2.866981201171875000e+03
2.890961914062500000e+03
2.922674560546875000e+03
2.926703857421875000e+03
2.939091552734375000e+03
2.902298583984375000e+03
2.871967285156250000e+03
2.829702880859375000e+03
2.827476318359375000e+03
2.810833007812500000e+03
2.808160644531250000e+03
2.800115722656250000e+03
2.821867675781250000e+03
2.825671386718750000e+03
2.797708740234375000e+03
2.818530029296875000e+03
2.803104248046875000e+03
2.781183349609375000e+03
2.790163085937500000e+03
2.758700195312500000e+03
2.760274902343750000e+03
2.765060546875000000e+03
2.764141113281250000e+03
2.798657958984375000e+03
2.826140625000000000e+03
2.858055908203125000e+03
2.911806396484375000e+03
2.881216064453125000e+03
2.824662597656250000e+03
2.771432861328125000e+03
2.719295410156250000e+03
2.743652343750000000e+03
2.777102783203125000e+03
2.831572265625000000e+03
2.806394531250000000e+03
2.751242187500000000e+03
2.715018798828125000e+03
2.707954345703125000e+03
2.697484863281250000e+03
2.710573242187500000e+03
2.694651367187500000e+03
2.741514404296875000e+03
2.734609863281250000e+03
2.720301025390625000e+03
2.731211914062500000e+03
2.697117919921875000e+03
2.669064208984375000e+03
2.657418212890625000e+03
2.645188232421875000e+03
2.671837402343750000e+03
2.709132568359375000e+03
2.771365722656250000e+03
2.803238037109375000e+03
2.828703857421875000e+03
2.802952880859375000e+03
2.774982421875000000e+03
2.737336914062500000e+03
2.663078857421875000e+03
2.615006591796875000e+03
2.647674072265625000e+03
2.689413330078125000e+03
2.692857666015625000e+03
2.698322265625000000e+03
2.667317871093750000e+03
2.623247558593750000e+03
2.622738037109375000e+03
2.596858886718750000e+03
2.600750244140625000e+03
2.610056396484375000e+03
2.598023437500000000e+03
2.622803710937500000e+03
2.641477294921875000e+03
2.632430419921875000e+03
2.605997070312500000e+03
2.582774658203125000e+03
2.577637939453125000e+03
2.568075195312500000e+03
2.571002441406250000e+03
2.561997070312500000e+03
2.573739257812500000e+03
2.620309082031250000e+03
2.651217285156250000e+03
2.651892089843750000e+03
2.633396728515625000e+03
2.604698242187500000e+03
2.599840087890625000e+03
2.599054199218750000e+03
2.569541015625000000e+03
2.522765136718750000e+03
2.541646240234375000e+03
2.506956054687500000e+03
2.509957519531250000e+03
2.517088378906250000e+03
2.497925537109375000e+03
2.505243408203125000e+03
2.508184082031250000e+03
2.520264404296875000e+03
2.492440185546875000e+03
2.493130126953125000e+03
2.486167724609375000e+03
2.515796875000000000e+03
2.541214843750000000e+03
2.563926269531250000e+03
2.636817382812500000e+03
2.718684814453125000e+03
2.811763671875000000e+03
2.800341064453125000e+03
2.716759033203125000e+03
2.538396240234375000e+03
2.478782226562500000e+03
2.486752685546875000e+03
2.564135253906250000e+03
2.609604248046875000e+03
2.596570068359375000e+03
2.563397705078125000e+03
2.496095703125000000e+03
2.449989257812500000e+03
2.433434082031250000e+03
2.434979248046875000e+03
2.431254150390625000e+03
2.418162109375000000e+03
2.447018066406250000e+03
2.481216064453125000e+03
2.571433593750000000e+03
2.614673583984375000e+03
2.576718261718750000e+03
2.482870605468750000e+03
2.417314453125000000e+03
2.417971923828125000e+03
2.457738769531250000e+03
2.535939208984375000e+03
2.579316406250000000e+03
2.567914306640625000e+03
2.482465820312500000e+03
2.432032470703125000e+03
2.382381591796875000e+03
2.399574218750000000e+03
2.443959716796875000e+03
2.497138916015625000e+03
2.516466064453125000e+03
2.497777343750000000e+03
2.431557373046875000e+03
2.383772216796875000e+03
2.353276367187500000e+03
2.376668701171875000e+03
2.409394775390625000e+03
2.419934082031250000e+03
2.362755859375000000e+03
2.357433593750000000e+03
2.341300537109375000e+03
2.337266845703125000e+03
2.345570068359375000e+03
2.369800781250000000e+03
2.365798828125000000e+03
2.387767089843750000e+03
2.381115966796875000e+03
2.378513671875000000e+03
2.330432373046875000e+03
2.314241455078125000e+03
2.324177734375000000e+03
2.302611572265625000e+03
2.305572753906250000e+03
2.337832031250000000e+03
2.331970214843750000e+03
2.344034912109375000e+03
2.348009765625000000e+03
2.336837402343750000e+03
2.316860351562500000e+03
2.308662597656250000e+03
2.289166503906250000e+03
2.278547607421875000e+03
2.279442382812500000e+03
2.281424560546875000e+03
2.261370849609375000e+03
2.275371337890625000e+03
2.274760009765625000e+03
2.246692871093750000e+03
2.282231933593750000e+03
2.290128906250000000e+03
2.298622802734375000e+03
2.295771728515625000e+03
2.345901367187500000e+03
2.359408691406250000e+03
2.441561035156250000e+03
2.492319824218750000e+03
2.537236572265625000e+03
2.472179931640625000e+03
2.437000976562500000e+03
2.304077880859375000e+03
2.250763427734375000e+03
2.233574951171875000e+03
2.264439941406250000e+03
2.313642089843750000e+03
2.399959228515625000e+03
2.472177734375000000e+03
2.443652587890625000e+03
2.379604736328125000e+03
2.271652832031250000e+03
2.207116699218750000e+03
2.206867919921875000e+03
2.247324707031250000e+03
2.333641113281250000e+03
2.414589355468750000e+03
2.450673095703125000e+03
2.390522949218750000e+03
2.312806884765625000e+03
2.218842041015625000e+03
2.180084228515625000e+03
2.186354248046875000e+03
2.218614013671875000e+03
2.243669921875000000e+03
2.254202148437500000e+03
2.234136962890625000e+03
2.229041992187500000e+03
2.193230224609375000e+03
2.164065429687500000e+03
2.150054443359375000e+03
2.161255371093750000e+03
2.168656250000000000e+03
2.202260742187500000e+03
2.238428222656250000e+03
2.243145996093750000e+03
2.230548339843750000e+03
2.231591308593750000e+03
2.189239501953125000e+03
2.157290527343750000e+03
2.145301269531250000e+03
2.117652587890625000e+03
2.145385498046875000e+03
2.151680908203125000e+03
2.193318115234375000e+03
2.247743896484375000e+03
2.333277099609375000e+03
2.399678710937500000e+03
2.359811523437500000e+03
2.235073730468750000e+03
2.157263183593750000e+03
2.121989013671875000e+03
2.133044921875000000e+03
2.178156738281250000e+03
2.202197998046875000e+03
2.220973388671875000e+03
2.248554931640625000e+03
2.204441162109375000e+03
2.189116210937500000e+03
2.198586669921875000e+03
2.162863037109375000e+03
2.161341796875000000e+03
2.108374023437500000e+03
2.090857177734375000e+03
2.088886962890625000e+03
2.083344238281250000e+03
2.099729003906250000e+03
2.101974853515625000e+03
2.164879882812500000e+03
2.192297363281250000e+03
2.272927246093750000e+03
2.292487548828125000e+03
2.243560058593750000e+03
2.164329345703125000e+03
2.099842285156250000e+03
2.059151611328125000e+03
2.063759033203125000e+03
2.097004394531250000e+03
2.111299072265625000e+03
2.125925292968750000e+03
2.134476074218750000e+03
2.167627929687500000e+03
2.195259033203125000e+03
2.192819091796875000e+03
2.140613281250000000e+03
2.101487792968750000e+03
2.041100463867187500e+03
2.023829833984375000e+03
2.045218872070312500e+03
2.061687744140625000e+03
2.100306396484375000e+03
2.149134765625000000e+03
2.191949218750000000e+03
2.193784667968750000e+03
2.173800781250000000e+03
2.105479736328125000e+03
2.069500000000000000e+03
2.030698974609375000e+03
2.013881103515625000e+03
2.002314331054687500e+03
2.017952148437500000e+03
2.031383178710937500e+03
2.074231689453125000e+03
2.151592041015625000e+03
2.192967285156250000e+03
2.169068603515625000e+03
2.118584716796875000e+03
2.067996093750000000e+03
2.011716796875000000e+03
1.977253662109375000e+03
1.991271606445312500e+03
2.010867431640625000e+03
2.052982421875000000e+03
2.060793945312500000e+03
2.086636718750000000e+03
2.060187744140625000e+03
2.076102539062500000e+03
2.050406738281250000e+03
2.030215332031250000e+03
2.002607421875000000e+03
1.982136962890625000e+03
1.949062255859375000e+03
1.946792480468750000e+03
1.983950317382812500e+03
2.041440673828125000e+03
2.151433593750000000e+03
2.225377197265625000e+03
2.162731689453125000e+03
2.056036376953125000e+03
1.991964965820312500e+03
1.931254760742187500e+03
1.952513305664062500e+03
1.957372436523437500e+03
1.992411987304687500e+03
2.033076293945312500e+03
2.050113525390625000e+03
2.076936279296875000e+03
2.075138916015625000e+03
2.045808471679687500e+03
2.011136108398437500e+03
1.981746459960937500e+03
1.933231201171875000e+03
1.920817016601562500e+03
1.906665527343750000e+03
1.913715820312500000e+03
1.906199707031250000e+03
1.902417602539062500e+03
1.904842285156250000e+03
1.950821533203125000e+03
2.038554687500000000e+03
2.142518798828125000e+03
2.217275390625000000e+03
2.140686279296875000e+03
2.025400268554687500e+03
1.921474487304687500e+03
1.889290039062500000e+03
1.918577514648437500e+03
1.969380004882812500e+03
2.048622070312500000e+03
2.107772216796875000e+03
2.064716064453125000e+03
1.987711669921875000e+03
1.916273193359375000e+03
1.887633789062500000e+03
1.867722167968750000e+03
1.859789184570312500e+03
1.864818969726562500e+03
1.885642822265625000e+03
1.895511108398437500e+03
1.954926635742187500e+03
2.012129516601562500e+03
2.085347900390625000e+03
2.072537109375000000e+03
2.037013793945312500e+03
1.964356811523437500e+03
1.905208862304687500e+03
1.847116455078125000e+03
1.840937622070312500e+03
1.856324462890625000e+03
1.876880615234375000e+03
1.927862426757812500e+03
1.967186767578125000e+03
2.014194702148437500e+03
2.060316406250000000e+03
2.016233520507812500e+03
1.941674926757812500e+03
1.897189086914062500e+03
1.834842651367187500e+03
1.826385864257812500e+03
1.838894531250000000e+03
1.854614013671875000e+03
1.929743652343750000e+03
2.014402343750000000e+03
2.025063964843750000e+03
2.019243286132812500e+03
1.946533691406250000e+03
1.870116943359375000e+03
1.844214355468750000e+03
1.814925537109375000e+03
1.809467773437500000e+03
1.791434448242187500e+03
1.783439941406250000e+03
1.806919189453125000e+03
1.792539428710937500e+03
1.809257934570312500e+03
1.835752807617187500e+03
1.942833496093750000e+03
2.083215087890625000e+03
2.152087158203125000e+03
2.035645141601562500e+03
1.916707641601562500e+03
1.808958984375000000e+03
1.786912841796875000e+03
1.814224975585937500e+03
1.879037841796875000e+03
1.957556030273437500e+03
2.003075927734375000e+03
1.947767333984375000e+03
1.914600463867187500e+03
1.865801269531250000e+03
1.799842651367187500e+03
1.790476318359375000e+03
1.760247192382812500e+03
1.769377319335937500e+03
1.763752197265625000e+03
1.755295776367187500e+03
1.749029785156250000e+03
1.765050781250000000e+03
1.832089965820312500e+03
1.975995849609375000e+03
2.105127197265625000e+03
2.098595947265625000e+03
1.902635009765625000e+03
1.779764282226562500e+03
1.745817504882812500e+03
1.763870849609375000e+03
1.822034301757812500e+03
1.914617797851562500e+03
1.947108520507812500e+03
1.898440185546875000e+03
1.825788330078125000e+03
1.770785522460937500e+03
1.743348144531250000e+03
1.735365844726562500e+03
1.707088500976562500e+03
1.725778686523437500e+03
1.735664428710937500e+03
1.738057617187500000e+03
1.808546142578125000e+03
1.956036865234375000e+03
2.048910400390625000e+03
2.020756469726562500e+03
1.882946533203125000e+03
1.762367187500000000e+03
1.703388671875000000e+03
1.711399536132812500e+03
1.729433837890625000e+03
1.794257934570312500e+03
1.841661987304687500e+03
1.891238525390625000e+03
1.888040161132812500e+03
1.846750366210937500e+03
1.769794921875000000e+03
1.718526123046875000e+03
1.698587036132812500e+03
1.680116943359375000e+03
1.693878662109375000e+03
1.691148803710937500e+03
1.692859985351562500e+03
1.736827758789062500e+03
1.800548339843750000e+03
1.909407592773437500e+03
1.987766845703125000e+03
1.933687500000000000e+03
1.801000854492187500e+03
1.702672851562500000e+03
1.677263305664062500e+03
1.670963623046875000e+03
1.692309448242187500e+03
1.732860473632812500e+03
1.817658935546875000e+03
1.901918457031250000e+03
1.947047485351562500e+03
1.854884765625000000e+03
1.729717651367187500e+03
1.702747802734375000e+03
1.667397949218750000e+03
1.649077026367187500e+03
1.644963012695312500e+03
1.646171630859375000e+03
1.672832275390625000e+03
1.685710693359375000e+03
1.774161987304687500e+03
1.917852783203125000e+03
2.032787963867187500e+03
1.886942871093750000e+03
1.766083862304687500e+03
1.686411621093750000e+03
1.658074829101562500e+03
1.635600708007812500e+03
1.632724609375000000e+03
1.647194335937500000e+03
1.663768676757812500e+03
1.698622436523437500e+03
1.803103149414062500e+03
1.960805175781250000e+03
1.898790649414062500e+03
1.798464843750000000e+03
1.706153198242187500e+03
1.664153930664062500e+03
1.647588134765625000e+03
1.632536010742187500e+03
1.637440307617187500e+03
1.643045288085937500e+03
1.679730346679687500e+03
1.727947021484375000e+03
1.819468994140625000e+03
1.919939453125000000e+03
1.861902343750000000e+03
1.772944702148437500e+03
1.700511474609375000e+03
1.647634277343750000e+03
1.650113769531250000e+03
1.644327636718750000e+03
1.691399780273437500e+03
1.689691040039062500e+03
1.722502929687500000e+03
1.763397949218750000e+03
1.786888183593750000e+03
1.792061035156250000e+03
1.754844360351562500e+03
1.697445922851562500e+03
1.684468627929687500e+03
1.671929809570312500e+03
1.677552001953125000e+03
1.676295654296875000e+03
1.676423706054687500e+03
1.676496337890625000e+03
1.695309936523437500e+03
1.713113647460937500e+03
1.747616333007812500e+03
1.745871337890625000e+03
1.739339843750000000e+03
1.703160156250000000e+03
1.686335815429687500e+03
1.656162963867187500e+03
1.642311767578125000e+03
1.611265625000000000e+03
1.629524291992187500e+03
1.649872436523437500e+03
1.674098022460937500e+03
1.722731201171875000e+03
1.790341796875000000e+03
1.823263305664062500e+03
1.762111694335937500e+03
1.650878295898437500e+03
1.607604980468750000e+03
1.588117431640625000e+03
1.590612182617187500e+03
1.568800170898437500e+03
1.588461669921875000e+03
1.590984497070312500e+03
1.645537963867187500e+03
1.752198852539062500e+03
1.797850341796875000e+03
1.781012817382812500e+03
1.687650512695312500e+03
1.617090942382812500e+03
1.577291015625000000e+03
1.560124633789062500e+03
1.540902954101562500e+03
1.532831298828125000e+03
1.544643188476562500e+03
1.550947265625000000e+03
1.558093505859375000e+03
1.609341796875000000e+03
1.750829101562500000e+03
1.838515014648437500e+03
1.851679931640625000e+03
1.690388427734375000e+03
1.572799316406250000e+03
1.535033935546875000e+03
1.521853149414062500e+03
1.529186767578125000e+03
1.546836425781250000e+03
1.579406005859375000e+03
1.667462158203125000e+03
1.842393920898437500e+03
1.832342529296875000e+03
1.762316528320312500e+03
1.628787109375000000e+03
1.570667968750000000e+03
1.526664184570312500e+03
1.532866699218750000e+03
1.521199951171875000e+03
1.546404785156250000e+03
1.593328125000000000e+03
1.654120361328125000e+03
1.790499267578125000e+03
1.868991943359375000e+03
1.711218261718750000e+03
1.565529296875000000e+03
1.523283813476562500e+03
1.509128540039062500e+03
1.496130126953125000e+03
1.510168945312500000e+03
1.511040283203125000e+03
1.517717163085937500e+03
1.611988037109375000e+03
1.787321166992187500e+03
1.950730590820312500e+03
1.703135009765625000e+03
1.560134765625000000e+03
1.517759277343750000e+03
1.494286499023437500e+03
1.491514038085937500e+03
1.503261352539062500e+03
1.536271362304687500e+03
1.578064819335937500e+03
1.667235961914062500e+03
1.804207153320312500e+03
1.746393798828125000e+03
1.654781127929687500e+03
1.553431762695312500e+03
1.493716674804687500e+03
1.477555664062500000e+03
1.459384277343750000e+03
1.466415527343750000e+03
1.474979003906250000e+03
1.497661376953125000e+03
1.564375976562500000e+03
1.713226440429687500e+03
1.830918334960937500e+03
1.854298461914062500e+03
1.619855468750000000e+03
1.510536376953125000e+03
1.476549194335937500e+03
1.459601684570312500e+03
1.470455688476562500e+03
1.472196655273437500e+03
1.505119140625000000e+03
1.603560791015625000e+03
1.732792480468750000e+03
1.765435791015625000e+03
1.721429443359375000e+03
1.596427612304687500e+03
1.532599121093750000e+03
1.508791625976562500e+03
1.516562866210937500e+03
1.548372680664062500e+03
1.612259765625000000e+03
1.681965087890625000e+03
1.716197265625000000e+03
1.610009277343750000e+03
1.525653198242187500e+03
1.469878173828125000e+03
1.463340698242187500e+03
1.452354980468750000e+03
1.454979858398437500e+03
1.450773925781250000e+03
1.511795654296875000e+03
1.631623779296875000e+03
1.819386596679687500e+03
1.732257690429687500e+03
1.621339477539062500e+03
1.505576171875000000e+03
1.477079101562500000e+03
1.489904174804687500e+03
1.506700439453125000e+03
1.546284423828125000e+03
1.584301757812500000e+03
1.619672607421875000e+03
1.624409667968750000e+03
1.587525146484375000e+03
1.542750854492187500e+03
1.506551635742187500e+03
1.506674682617187500e+03
1.517646118164062500e+03
1.532234619140625000e+03
1.549565307617187500e+03
1.593368530273437500e+03
1.624615844726562500e+03
1.629857666015625000e+03
1.572865478515625000e+03
1.528822875976562500e+03
1.482110595703125000e+03
1.443094604492187500e+03
1.433688964843750000e+03
1.439163330078125000e+03
1.438902709960937500e+03
1.473943969726562500e+03
1.527789428710937500e+03
1.650260375976562500e+03
1.674473754882812500e+03
1.636953491210937500e+03
1.566121459960937500e+03
1.539669433593750000e+03
1.507005371093750000e+03
1.480135009765625000e+03
1.482209594726562500e+03
1.483048339843750000e+03
1.493446533203125000e+03
1.515159301757812500e+03
1.538984619140625000e+03
1.562051147460937500e+03
1.580712524414062500e+03
1.604129638671875000e+03
1.572606933593750000e+03
1.527304321289062500e+03
1.480774658203125000e+03
1.472008666992187500e+03
1.486837280273437500e+03
1.502796508789062500e+03
1.529106933593750000e+03
1.563887695312500000e+03
1.535810791015625000e+03
1.502228515625000000e+03
1.475471801757812500e+03
1.456399291992187500e+03
1.471379516601562500e+03
1.500282470703125000e+03
1.553297851562500000e+03
1.617722290039062500e+03
1.558217041015625000e+03
1.512617309570312500e+03
1.464175292968750000e+03
1.445067993164062500e+03
1.442674682617187500e+03
1.453963012695312500e+03
1.496223876953125000e+03
1.524341186523437500e+03
1.534418334960937500e+03
1.567343872070312500e+03
1.536703125000000000e+03
1.506380859375000000e+03
1.476046630859375000e+03
1.471154663085937500e+03
1.457242187500000000e+03
1.488286499023437500e+03
1.509087524414062500e+03
1.530651367187500000e+03
1.514139770507812500e+03
1.498218139648437500e+03
1.476151855468750000e+03
1.460915039062500000e+03
1.439553100585937500e+03
1.468202148437500000e+03
1.447227661132812500e+03
1.482744262695312500e+03
1.502855346679687500e+03
1.525592529296875000e+03
1.501165771484375000e+03
1.494241943359375000e+03
1.467355346679687500e+03
1.462569458007812500e+03
1.440802612304687500e+03
1.451293701171875000e+03
1.457203491210937500e+03
1.473696289062500000e+03
1.442939697265625000e+03
1.450457641601562500e+03
1.464291015625000000e+03
1.504272460937500000e+03
1.529244995117187500e+03
1.576284790039062500e+03
1.529575317382812500e+03
1.468627685546875000e+03
1.414574462890625000e+03
1.400384643554687500e+03
1.395939208984375000e+03
1.399437377929687500e+03
1.415674316406250000e+03
1.458280517578125000e+03
1.498285522460937500e+03
1.530771362304687500e+03
1.497278198242187500e+03
1.461387451171875000e+03
1.432395507812500000e+03
1.436802490234375000e+03
1.453319946289062500e+03
1.476100830078125000e+03
1.466385620117187500e+03
1.461369995117187500e+03
1.448929809570312500e+03
1.430559204101562500e+03
1.423695312500000000e+03
1.437138183593750000e+03
1.439460937500000000e+03
1.482639282226562500e+03
1.492315429687500000e+03
1.532552001953125000e+03
1.499289428710937500e+03
1.473301635742187500e+03
1.426313842773437500e+03
1.373065185546875000e+03
1.357693237304687500e+03
1.352090820312500000e+03
1.363279541015625000e+03
1.367671752929687500e+03
1.412749511718750000e+03
1.499018432617187500e+03
1.573901489257812500e+03
1.578157592773437500e+03
1.469525634765625000e+03
1.404937133789062500e+03
1.386665771484375000e+03
1.375295410156250000e+03
1.357071044921875000e+03
1.393020874023437500e+03
1.442001953125000000e+03
1.502609863281250000e+03
1.527543334960937500e+03
1.502382202148437500e+03
1.416246459960937500e+03
1.360291625976562500e+03
1.356524780273437500e+03
1.347295654296875000e+03
1.363941040039062500e+03
1.431021484375000000e+03
1.470655151367187500e+03
1.542088867187500000e+03
1.487931030273437500e+03
1.436153808593750000e+03
1.378092651367187500e+03
1.352690917968750000e+03
1.329616699218750000e+03
1.329089111328125000e+03
1.337297607421875000e+03
1.330040893554687500e+03
1.375192626953125000e+03
1.452011474609375000e+03
1.532854858398437500e+03
1.581889770507812500e+03
1.495629760742187500e+03
1.417862670898437500e+03
1.372949584960937500e+03
1.345004882812500000e+03
1.344704467773437500e+03
1.355347534179687500e+03
1.381325683593750000e+03
1.434328002929687500e+03
1.468582641601562500e+03
1.488055175781250000e+03
1.451903442382812500e+03
1.421492431640625000e+03
1.365731689453125000e+03
1.354087036132812500e+03
1.336652221679687500e+03
1.365454101562500000e+03
1.418626098632812500e+03
1.487049438476562500e+03
1.485989990234375000e+03
1.452072021484375000e+03
1.404481201171875000e+03
1.366820434570312500e+03
1.349280029296875000e+03
1.348338134765625000e+03
1.366986572265625000e+03
1.414741821289062500e+03
1.473337524414062500e+03
1.506404296875000000e+03
1.466646118164062500e+03
1.421147705078125000e+03
1.352312133789062500e+03
1.344573608398437500e+03
1.343388183593750000e+03
1.334229248046875000e+03
1.354795532226562500e+03
1.381101440429687500e+03
1.414000610351562500e+03
1.432386840820312500e+03
1.442155761718750000e+03
1.438048950195312500e+03
1.382686767578125000e+03
1.346141967773437500e+03
1.340564453125000000e+03
1.319021118164062500e+03
1.307845458984375000e+03
1.327573608398437500e+03
1.364569458007812500e+03
1.422218505859375000e+03
1.448275024414062500e+03
1.495624877929687500e+03
1.448502807617187500e+03
1.419852539062500000e+03
1.350502929687500000e+03
1.310080688476562500e+03
1.295775512695312500e+03
1.296305786132812500e+03
1.328262329101562500e+03
1.361189697265625000e+03
1.434420532226562500e+03
1.516458862304687500e+03
1.460811645507812500e+03
1.401113525390625000e+03
1.335335205078125000e+03
1.310409667968750000e+03
1.292364990234375000e+03
1.308079467773437500e+03
1.312501953125000000e+03
1.354340942382812500e+03
1.411671264648437500e+03
1.497898803710937500e+03
1.481523193359375000e+03
1.432093017578125000e+03
1.356732299804687500e+03
1.315203613281250000e+03
1.285773803710937500e+03
1.276744262695312500e+03
1.283005859375000000e+03
1.303879150390625000e+03
1.352400878906250000e+03
1.420693603515625000e+03
1.480917480468750000e+03
1.485352172851562500e+03
1.389328735351562500e+03
1.347049316406250000e+03
1.313467285156250000e+03
1.295834838867187500e+03
1.290396850585937500e+03
1.318175903320312500e+03
1.382378051757812500e+03
1.453520019531250000e+03
1.493754760742187500e+03
1.458687622070312500e+03
1.364608154296875000e+03
1.305275634765625000e+03
1.261847778320312500e+03
1.253664062500000000e+03
1.250363037109375000e+03
1.247788696289062500e+03
1.251577270507812500e+03
1.253748046875000000e+03
1.257551025390625000e+03
1.280866699218750000e+03
1.342265502929687500e+03
1.450503173828125000e+03
1.476339965820312500e+03
1.485727539062500000e+03
1.363610717773437500e+03
1.303903686523437500e+03
1.259899902343750000e+03
1.253472778320312500e+03
1.237486206054687500e+03
1.249096679687500000e+03
1.235560791015625000e+03
1.246989135742187500e+03
1.242217041015625000e+03
1.245444335937500000e+03
1.254386108398437500e+03
1.259233642578125000e+03
1.293645385742187500e+03
1.405640502929687500e+03
1.503830810546875000e+03
1.542444824218750000e+03
1.404246948242187500e+03
1.304984008789062500e+03
1.246996459960937500e+03
1.241072021484375000e+03
1.236810791015625000e+03
1.244573730468750000e+03
1.256108764648437500e+03
1.301010498046875000e+03
1.387652465820312500e+03
1.518935180664062500e+03
1.515973999023437500e+03
1.458048339843750000e+03
1.344421630859375000e+03
1.282939819335937500e+03
1.252428344726562500e+03
1.250122314453125000e+03
1.258496948242187500e+03
1.302101440429687500e+03
1.370314819335937500e+03
1.496884155273437500e+03
1.505090454101562500e+03
1.444486206054687500e+03
1.303558959960937500e+03
1.266105957031250000e+03
1.241466674804687500e+03
1.229806640625000000e+03
1.230508666992187500e+03
1.249259521484375000e+03
1.289664428710937500e+03
1.401994018554687500e+03
1.530655517578125000e+03
1.539943359375000000e+03
1.380935791015625000e+03
1.281810302734375000e+03
1.239537109375000000e+03
1.227553955078125000e+03
1.221480468750000000e+03
1.251778320312500000e+03
1.352307495117187500e+03
1.485113769531250000e+03
1.531156860351562500e+03
1.434160766601562500e+03
1.329136352539062500e+03
1.267131835937500000e+03
1.245881591796875000e+03
1.250831542968750000e+03
1.251873291015625000e+03
1.240203613281250000e+03
1.255762695312500000e+03
1.291528686523437500e+03
1.389013793945312500e+03
1.462900268554687500e+03
1.489353271484375000e+03
1.397750610351562500e+03
1.325689941406250000e+03
1.268212524414062500e+03
1.231564453125000000e+03
1.232497314453125000e+03
1.238432006835937500e+03
1.257878173828125000e+03
1.296010620117187500e+03
1.371540893554687500e+03
1.497377197265625000e+03
1.476239257812500000e+03
1.385141967773437500e+03
1.292690185546875000e+03
1.247501831054687500e+03
1.219526855468750000e+03
1.218312255859375000e+03
1.224525268554687500e+03
1.237675537109375000e+03
1.262264282226562500e+03
1.336051391601562500e+03
1.487788208007812500e+03
1.524725463867187500e+03
1.394994262695312500e+03
1.300192382812500000e+03
1.231658447265625000e+03
1.215187988281250000e+03
1.194028686523437500e+03
1.209627929687500000e+03
1.220905883789062500e+03
1.250161621093750000e+03
1.297421752929687500e+03
1.397165771484375000e+03
1.472778442382812500e+03
1.428583984375000000e+03
1.354040649414062500e+03
1.285554443359375000e+03
1.227050537109375000e+03
1.216237548828125000e+03
1.192370361328125000e+03
1.194991699218750000e+03
1.192276611328125000e+03
1.195555419921875000e+03
1.194995239257812500e+03
1.224332763671875000e+03
1.273387695312500000e+03
1.397711914062500000e+03
1.482724121093750000e+03
1.504259643554687500e+03
1.331220092773437500e+03
1.234641845703125000e+03
1.194978271484375000e+03
1.196327392578125000e+03
1.242492919921875000e+03
1.310881591796875000e+03
1.442710815429687500e+03
1.491932983398437500e+03
1.381253173828125000e+03
1.265088623046875000e+03
1.210068603515625000e+03
1.198390258789062500e+03
1.198660278320312500e+03
1.187287719726562500e+03
1.186500244140625000e+03
1.192328613281250000e+03
1.206966186523437500e+03
1.221898681640625000e+03
1.295454467773437500e+03
1.418839965820312500e+03
1.519138671875000000e+03
1.406450317382812500e+03
1.285782592773437500e+03
1.210001464843750000e+03
1.198770263671875000e+03
1.180044799804687500e+03
1.186268554687500000e+03
1.191880004882812500e+03
1.191420654296875000e+03
1.215791381835937500e+03
1.272177368164062500e+03
1.417072021484375000e+03
1.540775146484375000e+03
1.493916259765625000e+03
1.284229003906250000e+03
1.200630493164062500e+03
1.176583984375000000e+03
1.223504150390625000e+03
1.344657104492187500e+03
1.469932128906250000e+03
1.450622680664062500e+03
1.326542358398437500e+03
1.224951660156250000e+03
1.197669433593750000e+03
1.171914550781250000e+03
1.184678100585937500e+03
1.189327758789062500e+03
1.194211547851562500e+03
1.233835937500000000e+03
1.323369506835937500e+03
1.465903808593750000e+03
1.464571289062500000e+03
1.392018798828125000e+03
1.276863281250000000e+03
1.217213500976562500e+03
1.180707763671875000e+03
1.193054077148437500e+03
1.179240356445312500e+03
1.184076904296875000e+03
1.211889404296875000e+03
1.249112915039062500e+03
1.357232299804687500e+03
1.482140991210937500e+03
1.455825683593750000e+03
1.363026245117187500e+03
1.246859130859375000e+03
1.188541381835937500e+03
1.170717407226562500e+03
1.167242553710937500e+03
1.200726684570312500e+03
1.259357788085937500e+03
1.359608398437500000e+03
1.466243041992187500e+03
1.428214111328125000e+03
1.305963500976562500e+03
1.219643188476562500e+03
1.190174926757812500e+03
1.171713012695312500e+03
1.171186279296875000e+03
1.161042236328125000e+03
1.160036376953125000e+03
1.160517211914062500e+03
1.171340698242187500e+03
1.208103027343750000e+03
1.308896118164062500e+03
1.469059936523437500e+03
1.476803833007812500e+03
1.375002441406250000e+03
1.244367919921875000e+03
1.181832397460937500e+03
1.169342895507812500e+03
1.155771362304687500e+03
1.167811279296875000e+03
1.213885009765625000e+03
1.298510742187500000e+03
1.414725708007812500e+03
1.477337036132812500e+03
1.375290039062500000e+03
1.275781250000000000e+03
1.212789672851562500e+03
1.184499877929687500e+03
1.167423706054687500e+03
1.161555908203125000e+03
1.157463500976562500e+03
1.158835205078125000e+03
1.167794433593750000e+03
1.185363647460937500e+03
1.230338134765625000e+03
1.306068847656250000e+03
1.414358764648437500e+03
1.445761108398437500e+03
1.313429321289062500e+03
1.227191406250000000e+03
1.169513793945312500e+03
1.155107788085937500e+03
1.159556152343750000e+03
1.187077270507812500e+03
1.272804687500000000e+03
1.408112426757812500e+03
1.494400268554687500e+03
1.360957763671875000e+03
1.244841308593750000e+03
1.188266235351562500e+03
1.171262084960937500e+03
1.159812500000000000e+03
1.148577880859375000e+03
1.139585693359375000e+03
1.147264038085937500e+03
1.171063110351562500e+03
1.216538940429687500e+03
1.312950439453125000e+03
1.416455688476562500e+03
1.479736206054687500e+03
1.337009765625000000e+03
1.242991088867187500e+03
1.174578735351562500e+03
1.144490966796875000e+03
1.157613769531250000e+03
1.182749755859375000e+03
1.294238891601562500e+03
1.433794677734375000e+03
1.473305175781250000e+03
1.328978149414062500e+03
1.236669067382812500e+03
1.183266601562500000e+03
1.168768310546875000e+03
1.155448364257812500e+03
1.159141357421875000e+03
1.171296020507812500e+03
1.200511108398437500e+03
1.239243041992187500e+03
1.326894897460937500e+03
1.380507690429687500e+03
1.368587402343750000e+03
1.303449951171875000e+03
1.232506225585937500e+03
1.191539916992187500e+03
1.157164306640625000e+03
1.148997436523437500e+03
1.133072509765625000e+03
1.126285522460937500e+03
1.140033081054687500e+03
1.155601196289062500e+03
1.190651489257812500e+03
1.279614257812500000e+03
1.395143676757812500e+03
1.482647827148437500e+03
1.342402099609375000e+03
1.239354736328125000e+03
1.167135375976562500e+03
1.143032226562500000e+03
1.138697753906250000e+03
1.131296630859375000e+03
1.164623168945312500e+03
1.215733764648437500e+03
1.317528564453125000e+03
1.429003784179687500e+03
1.436020629882812500e+03
1.289541259765625000e+03
1.184859130859375000e+03
1.140863281250000000e+03
1.128209716796875000e+03
1.129315795898437500e+03
1.130291870117187500e+03
1.169250366210937500e+03
1.245078369140625000e+03
1.389348388671875000e+03
1.447170288085937500e+03
1.355596191406250000e+03
1.243913696289062500e+03
1.180335571289062500e+03
1.156942138671875000e+03
1.154509521484375000e+03
1.129049560546875000e+03
1.132667480468750000e+03
1.124555786132812500e+03
1.126056762695312500e+03
1.133857543945312500e+03
1.119665039062500000e+03
1.141627197265625000e+03
1.172287963867187500e+03
1.233379516601562500e+03
1.354739013671875000e+03
1.392389770507812500e+03
1.382394287109375000e+03
1.254407592773437500e+03
1.185426757812500000e+03
1.154130493164062500e+03
1.147758178710937500e+03
1.134238525390625000e+03
1.141759399414062500e+03
1.156659667968750000e+03
1.214811279296875000e+03
1.303611572265625000e+03
1.408344116210937500e+03
1.391210205078125000e+03
1.304084106445312500e+03
1.194561645507812500e+03
1.132838623046875000e+03
1.120252929687500000e+03
1.137448242187500000e+03
1.178236572265625000e+03
1.275503295898437500e+03
1.394665649414062500e+03
1.408105834960937500e+03
1.296558959960937500e+03
1.207504394531250000e+03
1.162799438476562500e+03
1.135548461914062500e+03
1.136831542968750000e+03
1.108750610351562500e+03
1.111535278320312500e+03
1.118326660156250000e+03
1.127266357421875000e+03
1.129480957031250000e+03
1.165595092773437500e+03
1.255413940429687500e+03
1.373335449218750000e+03
1.386057128906250000e+03
1.322825195312500000e+03
1.189717895507812500e+03
1.141141113281250000e+03
1.108031860351562500e+03
1.121675781250000000e+03
1.097264892578125000e+03
1.113778198242187500e+03
1.111519409179687500e+03
1.144384033203125000e+03
1.216754272460937500e+03
1.356144287109375000e+03
1.507742309570312500e+03
1.352646118164062500e+03
1.225906005859375000e+03
1.139967773437500000e+03
1.107396362304687500e+03
1.132980224609375000e+03
1.226185791015625000e+03
1.352528198242187500e+03
1.419287963867187500e+03
1.316171020507812500e+03
1.209740722656250000e+03
1.157899536132812500e+03
1.126293090820312500e+03
1.120452758789062500e+03
1.106475463867187500e+03
1.108024414062500000e+03
1.135405883789062500e+03
1.196879272460937500e+03
1.320962524414062500e+03
1.414998291015625000e+03
1.394668945312500000e+03
1.264785278320312500e+03
1.160124877929687500e+03
1.125999755859375000e+03
1.115378173828125000e+03
1.097880126953125000e+03
1.104834106445312500e+03
1.120336791992187500e+03
1.138379516601562500e+03
1.238577514648437500e+03
1.385711669921875000e+03
1.452027954101562500e+03
1.298171997070312500e+03
1.192288696289062500e+03
1.134467895507812500e+03
1.114221435546875000e+03
1.101062988281250000e+03
1.098749389648437500e+03
1.102592773437500000e+03
1.092411376953125000e+03
1.107702880859375000e+03
1.117747680664062500e+03
1.126299194335937500e+03
1.178918701171875000e+03
1.296219970703125000e+03
1.400295166015625000e+03
1.403755126953125000e+03
1.240161010742187500e+03
1.146269042968750000e+03
1.096464355468750000e+03
1.090087402343750000e+03
1.126902709960937500e+03
1.203245727539062500e+03
1.341010864257812500e+03
1.407629516601562500e+03
1.341735839843750000e+03
1.208097656250000000e+03
1.134032348632812500e+03
1.094786743164062500e+03
1.100501708984375000e+03
1.119707275390625000e+03
1.150214599609375000e+03
1.217644775390625000e+03
1.329860961914062500e+03
1.387848266601562500e+03
1.299540039062500000e+03
1.190053344726562500e+03
1.150198852539062500e+03
1.124914794921875000e+03
1.099943115234375000e+03
1.101606201171875000e+03
1.102114135742187500e+03
1.090688354492187500e+03
1.102439208984375000e+03
1.122775756835937500e+03
1.187544677734375000e+03
1.339223144531250000e+03
1.415595458984375000e+03
1.336203857421875000e+03
1.204317260742187500e+03
1.138780273437500000e+03
1.102567871093750000e+03
1.079159179687500000e+03
1.087461791992187500e+03
1.087509765625000000e+03
1.122099365234375000e+03
1.185050292968750000e+03
1.303302124023437500e+03
1.399772460937500000e+03
1.389994628906250000e+03
1.238783813476562500e+03
1.157116577148437500e+03
1.114742675781250000e+03
1.092514160156250000e+03
1.077866210937500000e+03
1.096388671875000000e+03
1.126004394531250000e+03
1.204319946289062500e+03
1.328610107421875000e+03
1.402093994140625000e+03
1.324041748046875000e+03
1.207844726562500000e+03
1.138547607421875000e+03
1.106528686523437500e+03
1.086519775390625000e+03
1.077266845703125000e+03
1.095608764648437500e+03
1.091855102539062500e+03
1.137768554687500000e+03
1.215183349609375000e+03
1.348228515625000000e+03
1.405865600585937500e+03
1.297164306640625000e+03
1.196310791015625000e+03
1.132925903320312500e+03
1.109164062500000000e+03
1.092583374023437500e+03
1.102359863281250000e+03
1.101217285156250000e+03
1.113566040039062500e+03
1.156633911132812500e+03
1.237943237304687500e+03
1.350365356445312500e+03
1.372092773437500000e+03
1.254966552734375000e+03
1.158641845703125000e+03
1.107665527343750000e+03
1.086666503906250000e+03
1.075354370117187500e+03
1.082285034179687500e+03
1.110535766601562500e+03
1.149821289062500000e+03
1.251356933593750000e+03
1.373562255859375000e+03
1.362345947265625000e+03
1.241710571289062500e+03
1.161840332031250000e+03
1.107645263671875000e+03
1.089529541015625000e+03
1.076492431640625000e+03
1.074708740234375000e+03
1.072879882812500000e+03
1.073501342773437500e+03
1.072460205078125000e+03
1.065850097656250000e+03
1.073374877929687500e+03
1.064753906250000000e+03
1.060672973632812500e+03
1.084258789062500000e+03
1.099430541992187500e+03
1.128057495117187500e+03
1.188442016601562500e+03
1.310925781250000000e+03
1.359923828125000000e+03
1.299792358398437500e+03
1.193687377929687500e+03
1.125771362304687500e+03
1.110481445312500000e+03
1.099026977539062500e+03
1.102166381835937500e+03
1.106048828125000000e+03
1.135661621093750000e+03
1.230346313476562500e+03
1.325739868164062500e+03
1.382862182617187500e+03
1.259877075195312500e+03
1.165454711914062500e+03
1.100889770507812500e+03
1.075567871093750000e+03
1.067271362304687500e+03
1.066126708984375000e+03
