3.934267578125000000e+04
3.231278906250000000e+04
2.786095703125000000e+04
2.639692968750000000e+04
2.729641796875000000e+04
2.898853906250000000e+04
2.972866015625000000e+04
2.937075976562500000e+04
2.851168164062500000e+04
2.712290625000000000e+04
2.629006835937500000e+04
2.620588476562500000e+04
2.621298632812500000e+04
2.666887890625000000e+04
2.708597265625000000e+04
2.703363476562500000e+04
2.697068554687500000e+04
2.673171484375000000e+04
2.629371679687500000e+04
2.596974023437500000e+04
2.573501367187500000e+04
2.584881835937500000e+04
2.570974609375000000e+04
2.598500781250000000e+04
2.604436718750000000e+04
2.581635351562500000e+04
2.574600000000000000e+04
2.562975781250000000e+04
2.531163476562500000e+04
2.529728710937500000e+04
2.534013476562500000e+04
2.545016796875000000e+04
2.532149804687500000e+04
2.541970703125000000e+04
2.514477539062500000e+04
2.514338867187500000e+04
2.496559179687500000e+04
2.479824023437500000e+04
2.484744335937500000e+04
2.476658593750000000e+04
2.484956054687500000e+04
2.466341601562500000e+04
2.467659179687500000e+04
2.467024414062500000e+04
2.437949023437500000e+04
2.421580859375000000e+04
2.429810156250000000e+04
2.411860742187500000e+04
2.404381250000000000e+04
2.408532031250000000e+04
2.396459179687500000e+04
2.379518359375000000e+04
2.383306445312500000e+04
2.367405664062500000e+04
2.359811523437500000e+04
2.360627343750000000e+04
2.346669531250000000e+04
2.331918945312500000e+04
2.319465625000000000e+04
2.305027539062500000e+04
2.309631445312500000e+04
2.275842382812500000e+04
2.279156445312500000e+04
2.262550585937500000e+04
2.243950195312500000e+04
2.244124023437500000e+04
2.216190039062500000e+04
2.219128320312500000e+04
2.202778710937500000e+04
2.191412695312500000e+04
2.165403320312500000e+04
2.144547656250000000e+04
2.139788867187500000e+04
2.113550000000000000e+04
2.101437890625000000e+04
2.089021484375000000e+04
2.059984179687500000e+04
2.062856250000000000e+04
2.036023632812500000e+04
2.020065429687500000e+04
1.989032421875000000e+04
1.982390429687500000e+04
1.954084960937500000e+04
1.942766992187500000e+04
1.919866992187500000e+04
1.889030859375000000e+04
1.863211328125000000e+04
1.850587890625000000e+04
1.831725390625000000e+04
1.805195117187500000e+04
1.783335937500000000e+04
1.756916601562500000e+04
1.724514257812500000e+04
1.702435546875000000e+04
1.677507226562500000e+04
1.642394726562500000e+04
1.609597753906250000e+04
1.597294628906250000e+04
1.571152343750000000e+04
1.539340234375000000e+04
1.498161035156250000e+04
1.469643847656250000e+04
1.437170214843750000e+04
1.403127441406250000e+04
1.374562011718750000e+04
1.333172558593750000e+04
1.311218359375000000e+04
1.271018359375000000e+04
1.230545019531250000e+04
1.203800488281250000e+04
1.159797460937500000e+04
1.130412792968750000e+04
1.093905761718750000e+04
1.054840820312500000e+04
1.034105957031250000e+04
9.909557617187500000e+03
9.625125976562500000e+03
9.259146484375000000e+03
8.966479492187500000e+03
8.680082031250000000e+03
8.429083007812500000e+03
8.208794921875000000e+03
8.009960449218750000e+03
7.894647460937500000e+03
7.705383789062500000e+03
7.619538085937500000e+03
7.575409179687500000e+03
7.526586425781250000e+03
7.596067871093750000e+03
7.581295898437500000e+03
7.626288574218750000e+03
7.660014648437500000e+03
7.727545410156250000e+03
7.706961914062500000e+03
7.696040039062500000e+03
7.676391113281250000e+03
7.672739746093750000e+03
7.572929687500000000e+03
7.546404785156250000e+03
7.471206054687500000e+03
7.393334472656250000e+03
7.411629394531250000e+03
7.339383300781250000e+03
7.245981933593750000e+03
7.267903808593750000e+03
7.216757812500000000e+03
7.223510742187500000e+03
7.213547851562500000e+03
7.163054687500000000e+03
7.164803222656250000e+03
7.163634765625000000e+03
7.138058105468750000e+03
7.113110351562500000e+03
7.133914550781250000e+03
7.148315429687500000e+03
7.068449707031250000e+03
7.091874023437500000e+03
7.048956054687500000e+03
7.046719238281250000e+03
7.019005371093750000e+03
7.006585937500000000e+03
6.988491699218750000e+03
7.005890625000000000e+03
6.983512695312500000e+03
6.971528808593750000e+03
6.925321777343750000e+03
6.892568359375000000e+03
6.902433105468750000e+03
6.893327148437500000e+03
6.887800781250000000e+03
6.825870117187500000e+03
6.804069824218750000e+03
6.799376464843750000e+03
6.829030761718750000e+03
6.767638671875000000e+03
6.802622070312500000e+03
6.749731445312500000e+03
6.743808593750000000e+03
6.764202636718750000e+03
6.712687500000000000e+03
6.689614746093750000e+03
6.653076660156250000e+03
6.702413085937500000e+03
6.599667480468750000e+03
6.689191406250000000e+03
6.665514160156250000e+03
6.628639160156250000e+03
6.594652832031250000e+03
6.554454589843750000e+03
6.573787109375000000e+03
6.595593261718750000e+03
6.505013183593750000e+03
6.531825195312500000e+03
6.562479980468750000e+03
6.503832031250000000e+03
6.482863769531250000e+03
6.443189941406250000e+03
6.439942382812500000e+03
6.413278808593750000e+03
6.428855468750000000e+03
6.411146484375000000e+03
6.341917968750000000e+03
6.338165039062500000e+03
6.341337890625000000e+03
6.362323730468750000e+03
6.305737792968750000e+03
6.324383789062500000e+03
6.317465332031250000e+03
6.311647949218750000e+03
6.316125488281250000e+03
6.261982421875000000e+03
6.219122558593750000e+03
6.218191894531250000e+03
6.164989257812500000e+03
6.170108398437500000e+03
6.186264160156250000e+03
6.183209472656250000e+03
6.143235351562500000e+03
6.155673828125000000e+03
6.105049316406250000e+03
6.086828125000000000e+03
6.126193359375000000e+03
6.109995117187500000e+03
6.139053710937500000e+03
6.242680664062500000e+03
6.284302734375000000e+03
6.202775878906250000e+03
6.019395507812500000e+03
5.994626464843750000e+03
6.120527832031250000e+03
6.066017089843750000e+03
5.960583984375000000e+03
5.926428710937500000e+03
5.989946777343750000e+03
5.973467285156250000e+03
5.914233886718750000e+03
5.915232421875000000e+03
5.899845703125000000e+03
5.891290039062500000e+03
5.884996093750000000e+03
5.875379882812500000e+03
5.834551269531250000e+03
5.811118164062500000e+03
5.797921875000000000e+03
5.778585937500000000e+03
5.755245117187500000e+03
5.770156738281250000e+03
5.747386718750000000e+03
5.727746582031250000e+03
5.747854492187500000e+03
5.698376464843750000e+03
5.755949218750000000e+03
5.724551757812500000e+03
5.663442382812500000e+03
5.640036621093750000e+03
5.620989746093750000e+03
5.665208007812500000e+03
5.638053222656250000e+03
5.621275390625000000e+03
5.587572753906250000e+03
5.518181152343750000e+03
5.553325683593750000e+03
5.561867187500000000e+03
5.578095703125000000e+03
5.540677734375000000e+03
5.516077636718750000e+03
5.479708007812500000e+03
5.482049804687500000e+03
5.492150878906250000e+03
5.474522949218750000e+03
5.450516601562500000e+03
5.412111328125000000e+03
5.391513183593750000e+03
5.383406250000000000e+03
5.398656738281250000e+03
5.367926269531250000e+03
5.434905273437500000e+03
5.380885742187500000e+03
5.312529296875000000e+03
5.265018554687500000e+03
5.270237792968750000e+03
5.264743164062500000e+03
5.222761718750000000e+03
5.247122070312500000e+03
5.269011230468750000e+03
5.221451171875000000e+03
5.214218750000000000e+03
5.217845703125000000e+03
5.222449707031250000e+03
5.210444335937500000e+03
5.164582519531250000e+03
5.153069824218750000e+03
5.142445312500000000e+03
5.144041503906250000e+03
5.113427246093750000e+03
5.092442382812500000e+03
5.048629394531250000e+03
5.034095703125000000e+03
5.047042480468750000e+03
5.026990234375000000e+03
5.022256835937500000e+03
5.014038085937500000e+03
5.021270019531250000e+03
5.076285644531250000e+03
5.099580566406250000e+03
5.038436523437500000e+03
4.980016601562500000e+03
4.879429199218750000e+03
4.918541015625000000e+03
4.901412109375000000e+03
5.019735839843750000e+03
5.043878417968750000e+03
4.966995117187500000e+03
4.854344726562500000e+03
4.791934082031250000e+03
4.834261718750000000e+03
4.881178222656250000e+03
4.882001464843750000e+03
4.863359863281250000e+03
4.775119140625000000e+03
4.729313476562500000e+03
4.736378417968750000e+03
4.739007812500000000e+03
4.792102050781250000e+03
4.817458007812500000e+03
4.740857910156250000e+03
4.703000976562500000e+03
4.633746093750000000e+03
4.656123535156250000e+03
4.650391113281250000e+03
4.619214843750000000e+03
4.654634765625000000e+03
4.625746093750000000e+03
4.585894042968750000e+03
4.554340332031250000e+03
4.525827148437500000e+03
4.497582519531250000e+03
4.501830078125000000e+03
4.519919433593750000e+03
4.529492187500000000e+03
4.494522460937500000e+03
4.521646484375000000e+03
4.443271972656250000e+03
4.429144042968750000e+03
4.424246093750000000e+03
4.423655761718750000e+03
4.397540527343750000e+03
4.366937011718750000e+03
4.369703125000000000e+03
4.324530761718750000e+03
4.351567382812500000e+03
4.369941894531250000e+03
4.382977050781250000e+03
4.496181152343750000e+03
4.527125488281250000e+03
4.563121093750000000e+03
4.431510742187500000e+03
4.342096191406250000e+03
4.282411132812500000e+03
4.234440429687500000e+03
4.234541503906250000e+03
4.245208984375000000e+03
4.327261718750000000e+03
4.397997070312500000e+03
4.349553222656250000e+03
4.303041992187500000e+03
4.183419433593750000e+03
4.165548828125000000e+03
4.176121582031250000e+03
4.188422363281250000e+03
4.258214355468750000e+03
4.238907714843750000e+03
4.170626953125000000e+03
4.103194335937500000e+03
4.096771484375000000e+03
4.089071533203125000e+03
4.090000244140625000e+03
4.170938476562500000e+03
4.184318359375000000e+03
4.122383789062500000e+03
4.022327392578125000e+03
3.986456298828125000e+03
4.002006835937500000e+03
4.060137939453125000e+03
4.130528808593750000e+03
4.187702636718750000e+03
4.153466796875000000e+03
4.023675537109375000e+03
3.952069335937500000e+03
3.912822509765625000e+03
3.922576904296875000e+03
3.990452636718750000e+03
3.993302001953125000e+03
3.987252685546875000e+03
3.951964355468750000e+03
3.919312255859375000e+03
3.897401367187500000e+03
3.876738525390625000e+03
3.864320312500000000e+03
3.843925048828125000e+03
3.841531738281250000e+03
3.831593505859375000e+03
3.804931884765625000e+03
3.830786865234375000e+03
3.872510742187500000e+03
3.844323730468750000e+03
3.886363037109375000e+03
3.900944335937500000e+03
3.933390380859375000e+03
3.891351562500000000e+03
3.829158203125000000e+03
3.815781982421875000e+03
3.740104736328125000e+03
3.709150390625000000e+03
3.689907958984375000e+03
3.666849365234375000e+03
3.659062011718750000e+03
3.668090332031250000e+03
3.656532958984375000e+03
3.677790039062500000e+03
3.689541992187500000e+03
3.745062011718750000e+03
3.827189941406250000e+03
3.893154052734375000e+03
3.821315673828125000e+03
3.713952880859375000e+03
3.614210693359375000e+03
3.605251220703125000e+03
3.611244384765625000e+03
3.608239990234375000e+03
3.608110839843750000e+03
3.658979980468750000e+03
3.673766357421875000e+03
3.745422363281250000e+03
3.743363037109375000e+03
3.672505859375000000e+03
3.578453369140625000e+03
3.553348388671875000e+03
3.509755371093750000e+03
3.493547363281250000e+03
3.558872070312500000e+03
3.558285400390625000e+03
3.580090332031250000e+03
3.592594726562500000e+03
3.626535644531250000e+03
3.593575683593750000e+03
3.560936523437500000e+03
3.491340576171875000e+03
3.461919677734375000e+03
3.425806396484375000e+03
3.454083007812500000e+03
3.466868408203125000e+03
3.613623046875000000e+03
3.681008544921875000e+03
3.654541992187500000e+03
3.538014648437500000e+03
3.439080078125000000e+03
3.371693603515625000e+03
3.404882568359375000e+03
3.475731201171875000e+03
3.534247314453125000e+03
3.555436035156250000e+03
3.503793212890625000e+03
3.414002929687500000e+03
3.361512939453125000e+03
3.349416259765625000e+03
3.342473876953125000e+03
3.363477539062500000e+03
3.387911376953125000e+03
3.412089843750000000e+03
3.425411376953125000e+03
3.401280029296875000e+03
3.410600585937500000e+03
3.395542236328125000e+03
3.397259521484375000e+03
3.332641601562500000e+03
3.304328613281250000e+03
3.270626708984375000e+03
3.269665527343750000e+03
3.259780517578125000e+03
3.263248291015625000e+03
3.215805908203125000e+03
3.254610595703125000e+03
3.256247558593750000e+03
3.243350341796875000e+03
3.228069335937500000e+03
3.246635009765625000e+03
3.226385986328125000e+03
3.231148681640625000e+03
3.211545654296875000e+03
3.202775878906250000e+03
3.227154541015625000e+03
3.198005859375000000e+03
3.199432617187500000e+03
3.182813232421875000e+03
3.208440673828125000e+03
3.253825683593750000e+03
3.322047363281250000e+03
3.394173583984375000e+03
3.428056396484375000e+03
3.414554931640625000e+03
3.329284912109375000e+03
3.214914306640625000e+03
3.143988037109375000e+03
3.116276367187500000e+03
3.128996337890625000e+03
3.145377197265625000e+03
3.221118896484375000e+03
3.362383056640625000e+03
3.460329345703125000e+03
3.389354736328125000e+03
3.241406982421875000e+03
3.135604736328125000e+03
3.050239257812500000e+03
3.105367919921875000e+03
3.158953369140625000e+03
3.281251708984375000e+03
3.319441406250000000e+03
3.236906738281250000e+03
3.142812744140625000e+03
3.079176025390625000e+03
3.047591552734375000e+03
3.047882568359375000e+03
3.050576904296875000e+03
3.117145019531250000e+03
3.140989013671875000e+03
3.173773193359375000e+03
3.140146240234375000e+03
3.072364746093750000e+03
3.041928222656250000e+03
3.008967529296875000e+03
2.977151367187500000e+03
2.995227539062500000e+03
3.026492187500000000e+03
3.081255859375000000e+03
3.135438720703125000e+03
3.181028564453125000e+03
3.169499023437500000e+03
3.073197265625000000e+03
3.017925537109375000e+03
2.966971191406250000e+03
2.956216064453125000e+03
2.938343017578125000e+03
2.938902343750000000e+03
2.932742675781250000e+03
2.947171875000000000e+03
2.966603515625000000e+03
3.019483642578125000e+03
3.096609619140625000e+03
3.117961914062500000e+03
3.134284179687500000e+03
3.093856933593750000e+03
3.014286376953125000e+03
2.917970703125000000e+03
2.869625976562500000e+03
2.871114746093750000e+03
2.878500732421875000e+03
2.863246337890625000e+03
2.906363525390625000e+03
2.934466552734375000e+03
2.942080566406250000e+03
2.978213867187500000e+03
3.005896972656250000e+03
2.986406738281250000e+03
2.938064941406250000e+03
2.899201904296875000e+03
2.858723632812500000e+03
2.826768554687500000e+03
2.802851318359375000e+03
2.800509521484375000e+03
2.838117919921875000e+03
2.857334716796875000e+03
2.876917724609375000e+03
2.911667236328125000e+03
2.963382568359375000e+03
3.007341308593750000e+03
2.955079345703125000e+03
2.865782226562500000e+03
2.813201416015625000e+03
2.778451171875000000e+03
2.770877929687500000e+03
2.853782714843750000e+03
2.877997558593750000e+03
2.945911865234375000e+03
2.970222656250000000e+03
2.940585937500000000e+03
2.850213378906250000e+03
2.793015625000000000e+03
2.740108886718750000e+03
2.725099609375000000e+03
2.743011962890625000e+03
2.761379638671875000e+03
2.815162597656250000e+03
2.854616699218750000e+03
2.929172851562500000e+03
2.933236328125000000e+03
2.917096679687500000e+03
2.846720214843750000e+03
2.744487792968750000e+03
2.692691406250000000e+03
2.670041503906250000e+03
2.708356445312500000e+03
2.775534179687500000e+03
2.859226318359375000e+03
2.877489013671875000e+03
2.872497558593750000e+03
2.783095458984375000e+03
2.721000244140625000e+03
2.658245361328125000e+03
2.636314208984375000e+03
2.664050537109375000e+03
2.668919921875000000e+03
2.748834960937500000e+03
2.837237060546875000e+03
2.900252197265625000e+03
2.866116210937500000e+03
2.803956054687500000e+03
2.717875244140625000e+03
2.691256835937500000e+03
2.606020996093750000e+03
2.588375732421875000e+03
2.622640869140625000e+03
2.695728515625000000e+03
2.788015625000000000e+03
2.824345214843750000e+03
2.814227294921875000e+03
2.711382080078125000e+03
2.632351562500000000e+03
2.545629394531250000e+03
2.547273437500000000e+03
2.609876220703125000e+03
2.696415283203125000e+03
2.875968017578125000e+03
2.877266357421875000e+03
2.763566894531250000e+03
2.612499267578125000e+03
2.525985595703125000e+03
2.535419189453125000e+03
2.552390869140625000e+03
2.566094238281250000e+03
2.601156494140625000e+03
2.676446044921875000e+03
2.691511474609375000e+03
2.666511718750000000e+03
2.622206054687500000e+03
2.583916503906250000e+03
2.532062255859375000e+03
2.525500732421875000e+03
2.495724853515625000e+03
2.484045898437500000e+03
2.469587890625000000e+03
2.461265380859375000e+03
2.476960205078125000e+03
2.503387695312500000e+03
2.542627685546875000e+03
2.527038085937500000e+03
2.521626220703125000e+03
2.539846191406250000e+03
2.556259765625000000e+03
2.563503417968750000e+03
2.559169677734375000e+03
2.529515380859375000e+03
2.571837402343750000e+03
2.563476074218750000e+03
2.584000732421875000e+03
2.574914062500000000e+03
2.568809814453125000e+03
2.582162109375000000e+03
2.561061035156250000e+03
2.523234375000000000e+03
2.498920166015625000e+03
2.451000244140625000e+03
2.425531005859375000e+03
2.398940917968750000e+03
2.370478759765625000e+03
2.356124023437500000e+03
2.383249511718750000e+03
2.385085449218750000e+03
2.401203613281250000e+03
2.439354003906250000e+03
2.432831054687500000e+03
2.541084228515625000e+03
2.614514404296875000e+03
2.664568847656250000e+03
2.581578857421875000e+03
2.479783203125000000e+03
2.402600585937500000e+03
2.355309570312500000e+03
2.338727783203125000e+03
2.320388427734375000e+03
2.324108886718750000e+03
2.326188476562500000e+03
2.326166992187500000e+03
2.352768066406250000e+03
2.392682861328125000e+03
2.475840820312500000e+03
2.609458251953125000e+03
2.670660400390625000e+03
2.622555175781250000e+03
2.471803222656250000e+03
2.362805908203125000e+03
2.298894042968750000e+03
2.275931396484375000e+03
2.280447021484375000e+03
2.270101562500000000e+03
2.281529785156250000e+03
2.301183593750000000e+03
2.355531250000000000e+03
2.422840820312500000e+03
2.578563476562500000e+03
2.582023437500000000e+03
2.508186523437500000e+03
2.368919921875000000e+03
2.296196533203125000e+03
2.237052246093750000e+03
2.251570556640625000e+03
2.231194580078125000e+03
2.226851074218750000e+03
2.226062011718750000e+03
2.217476562500000000e+03
2.251795166015625000e+03
2.280687744140625000e+03
2.403558837890625000e+03
2.516091064453125000e+03
2.612467529296875000e+03
2.508326904296875000e+03
2.383944580078125000e+03
2.262810058593750000e+03
2.225521240234375000e+03
2.204882812500000000e+03
2.202482910156250000e+03
2.180401367187500000e+03
2.190629150390625000e+03
2.211585693359375000e+03
2.248738769531250000e+03
2.346356689453125000e+03
2.424512695312500000e+03
2.517215087890625000e+03
2.504464599609375000e+03
2.350896240234375000e+03
2.234363769531250000e+03
2.170072753906250000e+03
2.146991455078125000e+03
2.138341552734375000e+03
2.147652099609375000e+03
2.182970214843750000e+03
2.283269042968750000e+03
2.498145751953125000e+03
2.588021728515625000e+03
2.450268066406250000e+03
2.246530029296875000e+03
2.155490234375000000e+03
2.102434570312500000e+03
2.142521728515625000e+03
2.265929199218750000e+03
2.436470214843750000e+03
2.570388183593750000e+03
2.416603271484375000e+03
2.224158691406250000e+03
2.132447753906250000e+03
2.114561279296875000e+03
2.093990722656250000e+03
2.067236572265625000e+03
2.074170410156250000e+03
2.067716064453125000e+03
2.069411865234375000e+03
2.073432861328125000e+03
2.113359130859375000e+03
2.234454345703125000e+03
2.349287841796875000e+03
2.416041748046875000e+03
2.357635742187500000e+03
2.262986083984375000e+03
2.148076904296875000e+03
2.112199218750000000e+03
2.073697265625000000e+03
2.067563232421875000e+03
2.065419189453125000e+03
2.092422119140625000e+03
2.157268554687500000e+03
2.263041259765625000e+03
2.341804199218750000e+03
2.294082519531250000e+03
2.200276123046875000e+03
2.087433593750000000e+03
2.048132080078125000e+03
2.015385864257812500e+03
2.003080688476562500e+03
1.994636962890625000e+03
1.989449829101562500e+03
1.984289306640625000e+03
2.002388427734375000e+03
1.993561523437500000e+03
2.040039794921875000e+03
2.140349853515625000e+03
2.318709228515625000e+03
2.398765869140625000e+03
2.308190917968750000e+03
2.134614257812500000e+03
2.016416015625000000e+03
1.964793090820312500e+03
1.962124755859375000e+03
1.980475463867187500e+03
1.996245849609375000e+03
2.036474365234375000e+03
2.199334228515625000e+03
2.381446533203125000e+03
2.367150878906250000e+03
2.146827880859375000e+03
2.021897460937500000e+03
1.966184448242187500e+03
1.956976196289062500e+03
1.943567504882812500e+03
1.928302978515625000e+03
1.945077270507812500e+03
1.984903198242187500e+03
2.086174560546875000e+03
2.273631591796875000e+03
2.360414794921875000e+03
2.254790283203125000e+03
2.075456054687500000e+03
1.950749267578125000e+03
1.928969848632812500e+03
1.919770141601562500e+03
1.918130859375000000e+03
1.963357421875000000e+03
2.051320800781250000e+03
2.219927490234375000e+03
2.323210693359375000e+03
2.238147460937500000e+03
2.029041503906250000e+03
1.940298706054687500e+03
1.901834594726562500e+03
1.884970825195312500e+03
1.884843994140625000e+03
1.905473999023437500e+03
1.949547485351562500e+03
2.030843505859375000e+03
2.130135986328125000e+03
2.219676025390625000e+03
2.219868896484375000e+03
2.089258544921875000e+03
1.987313964843750000e+03
1.928550170898437500e+03
1.876968505859375000e+03
1.866577758789062500e+03
1.890831176757812500e+03
1.935081665039062500e+03
2.045060180664062500e+03
2.198166259765625000e+03
2.226341064453125000e+03
2.062784423828125000e+03
1.917830322265625000e+03
1.840542602539062500e+03
1.823109008789062500e+03
1.802990600585937500e+03
1.825561523437500000e+03
1.905201782226562500e+03
2.021181274414062500e+03
2.130582031250000000e+03
2.164236328125000000e+03
2.050912597656250000e+03
1.928716430664062500e+03
1.860580322265625000e+03
1.851860595703125000e+03
1.824007324218750000e+03
1.833541992187500000e+03
1.883212646484375000e+03
1.940395996093750000e+03
2.045098510742187500e+03
2.066916503906250000e+03
2.035774658203125000e+03
1.971671142578125000e+03
1.895421264648437500e+03
1.844366699218750000e+03
1.849137329101562500e+03
1.839874267578125000e+03
1.869070678710937500e+03
1.921905029296875000e+03
2.008932983398437500e+03
2.065374267578125000e+03
2.059693603515625000e+03
1.961186157226562500e+03
1.876479370117187500e+03
1.822665649414062500e+03
1.783817993164062500e+03
1.779166259765625000e+03
1.776333007812500000e+03
1.787544311523437500e+03
1.847598999023437500e+03
1.933903320312500000e+03
2.062301757812500000e+03
2.046337768554687500e+03
1.937472778320312500e+03
1.835953491210937500e+03
1.776370117187500000e+03
1.753943603515625000e+03
1.762978027343750000e+03
1.777047363281250000e+03
1.836462524414062500e+03
1.925367797851562500e+03
2.013957031250000000e+03
1.986022338867187500e+03
1.898364624023437500e+03
1.826714355468750000e+03
1.775015014648437500e+03
1.760171020507812500e+03
1.784170654296875000e+03
1.819363159179687500e+03
1.902013305664062500e+03
1.942531005859375000e+03
1.969215454101562500e+03
1.918166870117187500e+03
1.849995605468750000e+03
1.813182495117187500e+03
1.767149780273437500e+03
1.726502319335937500e+03
1.736483276367187500e+03
1.765935424804687500e+03
1.816271362304687500e+03
1.874810302734375000e+03
1.931181030273437500e+03
1.940975585937500000e+03
1.912693115234375000e+03
1.822014648437500000e+03
1.775978149414062500e+03
1.721610839843750000e+03
1.717795288085937500e+03
1.726304687500000000e+03
1.756013305664062500e+03
1.819295776367187500e+03
1.877197631835937500e+03
1.887020507812500000e+03
1.848328369140625000e+03
1.803951782226562500e+03
1.763675537109375000e+03
1.738175292968750000e+03
1.750764648437500000e+03
1.757424926757812500e+03
1.778752319335937500e+03
1.838827026367187500e+03
1.886305419921875000e+03
1.854437255859375000e+03
1.804747436523437500e+03
1.742922363281250000e+03
1.733621948242187500e+03
1.713554199218750000e+03
1.726084472656250000e+03
1.731204833984375000e+03
1.775541625976562500e+03
1.791123535156250000e+03
1.831406982421875000e+03
1.814612426757812500e+03
1.770867431640625000e+03
1.727727783203125000e+03
1.697448974609375000e+03
1.700282470703125000e+03
1.733944702148437500e+03
1.779104858398437500e+03
1.826715332031250000e+03
1.806438476562500000e+03
1.772071166992187500e+03
1.717002319335937500e+03
1.705407104492187500e+03
1.683956298828125000e+03
1.687967163085937500e+03
1.700544311523437500e+03
1.739715942382812500e+03
1.772700317382812500e+03
1.807487182617187500e+03
1.763271484375000000e+03
1.746280151367187500e+03
1.684209472656250000e+03
1.656865844726562500e+03
1.613459106445312500e+03
1.628226440429687500e+03
1.638401611328125000e+03
1.666947631835937500e+03
1.732206787109375000e+03
1.818317871093750000e+03
1.817929199218750000e+03
1.798776855468750000e+03
1.682798339843750000e+03
1.636221435546875000e+03
1.582572875976562500e+03
1.581584594726562500e+03
1.569711303710937500e+03
1.566136962890625000e+03
1.590950439453125000e+03
1.633537597656250000e+03
1.731775634765625000e+03
1.884519287109375000e+03
1.880855834960937500e+03
1.777918823242187500e+03
1.637745605468750000e+03
1.569000122070312500e+03
1.521136108398437500e+03
1.511783325195312500e+03
1.502271118164062500e+03
1.506851196289062500e+03
1.497992309570312500e+03
1.505611450195312500e+03
1.513715942382812500e+03
1.524843261718750000e+03
1.593146362304687500e+03
1.726822753906250000e+03
1.878431152343750000e+03
1.851195190429687500e+03
1.749745361328125000e+03
1.610004638671875000e+03
1.526545166015625000e+03
1.504445800781250000e+03
1.479007690429687500e+03
1.479235473632812500e+03
1.477203979492187500e+03
1.482140625000000000e+03
1.518817626953125000e+03
1.572265136718750000e+03
1.710799438476562500e+03
1.868906005859375000e+03
1.962341430664062500e+03
1.785450439453125000e+03
1.658543945312500000e+03
1.552642944335937500e+03
1.505083374023437500e+03
1.490294311523437500e+03
1.493224487304687500e+03
1.495175170898437500e+03
1.550032958984375000e+03
1.638472167968750000e+03
1.800191040039062500e+03
1.868433349609375000e+03
1.840469482421875000e+03
1.651544311523437500e+03
1.569861328125000000e+03
1.514731689453125000e+03
1.512955810546875000e+03
1.533185424804687500e+03
1.573718505859375000e+03
1.643461791992187500e+03
1.743538818359375000e+03
1.759410522460937500e+03
1.763824829101562500e+03
1.663386108398437500e+03
1.595982666015625000e+03
1.532240844726562500e+03
1.519137451171875000e+03
1.499336181640625000e+03
1.559222290039062500e+03
1.599319091796875000e+03
1.687327148437500000e+03
1.714731323242187500e+03
1.728061157226562500e+03
1.632696289062500000e+03
1.590666625976562500e+03
1.552104980468750000e+03
1.532065429687500000e+03
1.513670288085937500e+03
1.529079101562500000e+03
1.571355957031250000e+03
1.660763671875000000e+03
1.690575195312500000e+03
1.684725830078125000e+03
1.586453857421875000e+03
1.537891357421875000e+03
1.473646972656250000e+03
1.474769531250000000e+03
1.494797607421875000e+03
1.522829833984375000e+03
1.577988281250000000e+03
1.665757446289062500e+03
1.697760620117187500e+03
1.709201171875000000e+03
1.584399169921875000e+03
1.500863281250000000e+03
1.448358520507812500e+03
1.417620117187500000e+03
1.406990844726562500e+03
1.407214477539062500e+03
1.407045654296875000e+03
1.426410034179687500e+03
1.442145141601562500e+03
1.503010620117187500e+03
1.614030517578125000e+03
1.757956665039062500e+03
1.750983520507812500e+03
1.716557373046875000e+03
1.545057128906250000e+03
1.465523193359375000e+03
1.419661376953125000e+03
1.390510620117187500e+03
1.379301879882812500e+03
1.363734863281250000e+03
1.388167602539062500e+03
1.397401489257812500e+03
1.442676513671875000e+03
1.556207153320312500e+03
1.721175659179687500e+03
1.892770507812500000e+03
1.667408203125000000e+03
1.480257690429687500e+03
1.384356689453125000e+03
1.359254272460937500e+03
1.379677978515625000e+03
1.462206176757812500e+03
1.601687133789062500e+03
1.698126953125000000e+03
1.753083618164062500e+03
1.622641479492187500e+03
1.507979614257812500e+03
1.437082519531250000e+03
1.374969726562500000e+03
1.358421142578125000e+03
1.337946044921875000e+03
1.346673950195312500e+03
1.349268920898437500e+03
1.341056030273437500e+03
1.372625244140625000e+03
1.419794189453125000e+03
1.533171142578125000e+03
1.755705444335937500e+03
1.791188964843750000e+03
1.734604125976562500e+03
1.511429687500000000e+03
1.418218261718750000e+03
1.359238159179687500e+03
1.351791748046875000e+03
1.337659790039062500e+03
1.349931762695312500e+03
1.367234497070312500e+03
1.412395874023437500e+03
1.503693603515625000e+03
1.735310302734375000e+03
1.775858154296875000e+03
1.708991333007812500e+03
1.488813842773437500e+03
1.370058715820312500e+03
1.340183227539062500e+03
1.319758911132812500e+03
1.332507202148437500e+03
1.331569458007812500e+03
1.369626953125000000e+03
1.441380371093750000e+03
1.592593139648437500e+03
1.809665527343750000e+03
1.684441162109375000e+03
1.545183837890625000e+03
1.420030639648437500e+03
1.342472412109375000e+03
1.339529296875000000e+03
1.320596191406250000e+03
1.303291137695312500e+03
1.314928222656250000e+03
1.349093872070312500e+03
1.428602783203125000e+03
1.601275756835937500e+03
1.835699829101562500e+03
1.676104125976562500e+03
1.537128784179687500e+03
1.421142333984375000e+03
1.348245117187500000e+03
1.331102294921875000e+03
1.333381591796875000e+03
1.334681640625000000e+03
1.368064453125000000e+03
1.440284790039062500e+03
1.615281494140625000e+03
1.705715454101562500e+03
1.756081176757812500e+03
1.516817138671875000e+03
1.386937011718750000e+03
1.303749023437500000e+03
1.291523315429687500e+03
1.269323608398437500e+03
1.273675537109375000e+03
1.272079223632812500e+03
1.274396850585937500e+03
1.282505249023437500e+03
1.288500122070312500e+03
1.309495971679687500e+03
1.413454833984375000e+03
1.579265502929687500e+03
1.890567138671875000e+03
1.644422119140625000e+03
1.472533691406250000e+03
1.346820678710937500e+03
1.301268432617187500e+03
1.271070190429687500e+03
1.264271118164062500e+03
1.271728027343750000e+03
1.297942749023437500e+03
1.358006469726562500e+03
1.527517822265625000e+03
1.855938598632812500e+03
1.712535766601562500e+03
1.548885375976562500e+03
1.385621704101562500e+03
1.307320922851562500e+03
1.248817016601562500e+03
1.250971435546875000e+03
1.271507202148437500e+03
1.303475952148437500e+03
1.392869873046875000e+03
1.553071655273437500e+03
1.814931518554687500e+03
1.627802124023437500e+03
1.467379760742187500e+03
1.346576293945312500e+03
1.283921264648437500e+03
1.255185546875000000e+03
1.242051269531250000e+03
1.258968261718750000e+03
1.245286865234375000e+03
1.243746948242187500e+03
1.250521118164062500e+03
1.239941772460937500e+03
1.241701904296875000e+03
1.229772583007812500e+03
1.237722534179687500e+03
1.237310791015625000e+03
1.233632446289062500e+03
1.233249877929687500e+03
1.255854492187500000e+03
1.288741821289062500e+03
1.380735717773437500e+03
1.621109130859375000e+03
1.984613159179687500e+03
1.583537841796875000e+03
1.365726318359375000e+03
1.276170288085937500e+03
1.247375610351562500e+03
1.239918457031250000e+03
1.245931396484375000e+03
1.273320434570312500e+03
1.389476928710937500e+03
1.594441650390625000e+03
1.944870605468750000e+03
1.601650512695312500e+03
1.408133666992187500e+03
1.317373779296875000e+03
1.278211547851562500e+03
1.265300292968750000e+03
1.289744262695312500e+03
1.356077880859375000e+03
1.511610839843750000e+03
1.689248657226562500e+03
1.784359130859375000e+03
1.474400512695312500e+03
1.308079467773437500e+03
1.260437255859375000e+03
1.214637451171875000e+03
1.214142333984375000e+03
1.230510620117187500e+03
1.306973510742187500e+03
1.473353515625000000e+03
1.826371337890625000e+03
1.658718261718750000e+03
1.506117675781250000e+03
1.353286132812500000e+03
1.264853759765625000e+03
1.231300292968750000e+03
1.205957153320312500e+03
1.225392944335937500e+03
1.219224365234375000e+03
1.222742675781250000e+03
1.214078613281250000e+03
1.252291748046875000e+03
1.306399780273437500e+03
1.445021362304687500e+03
1.728171142578125000e+03
1.654420288085937500e+03
1.553516479492187500e+03
1.377902099609375000e+03
1.335999267578125000e+03
1.313274291992187500e+03
1.314675781250000000e+03
1.347925537109375000e+03
1.470639282226562500e+03
1.519032104492187500e+03
1.629974609375000000e+03
1.497673706054687500e+03
1.444070678710937500e+03
1.377946533203125000e+03
1.374509521484375000e+03
1.395246215820312500e+03
1.458869262695312500e+03
1.489623168945312500e+03
1.561262451171875000e+03
1.457051635742187500e+03
1.412124633789062500e+03
1.323798950195312500e+03
1.300088623046875000e+03
1.298249755859375000e+03
1.339492431640625000e+03
1.387746582031250000e+03
1.523998657226562500e+03
1.550215454101562500e+03
1.576114501953125000e+03
1.417407836914062500e+03
1.344934814453125000e+03
1.285891113281250000e+03
1.234468017578125000e+03
1.236751220703125000e+03
1.246923217773437500e+03
1.292335571289062500e+03
1.429962646484375000e+03
1.532418823242187500e+03
1.668580322265625000e+03
1.420156127929687500e+03
1.280328613281250000e+03
1.215124877929687500e+03
1.184217529296875000e+03
1.175920043945312500e+03
1.207452514648437500e+03
1.274522949218750000e+03
1.437494506835937500e+03
1.744224975585937500e+03
1.500283813476562500e+03
1.328257446289062500e+03
1.232379516601562500e+03
1.172820068359375000e+03
1.173267700195312500e+03
1.164400512695312500e+03
1.179795410156250000e+03
1.185814208984375000e+03
1.211685180664062500e+03
1.316419677734375000e+03
1.535120849609375000e+03
1.604474853515625000e+03
1.561138305664062500e+03
1.322750244140625000e+03
1.207881347656250000e+03
1.162210571289062500e+03
1.168074584960937500e+03
1.215326171875000000e+03
1.295998779296875000e+03
1.513750000000000000e+03
1.582373779296875000e+03
1.590451782226562500e+03
1.354204345703125000e+03
1.198705200195312500e+03
1.155613525390625000e+03
1.178797363281250000e+03
1.249232910156250000e+03
1.396475097656250000e+03
1.643275634765625000e+03
1.529632690429687500e+03
1.421061645507812500e+03
1.297706909179687500e+03
1.236182861328125000e+03
1.193692138671875000e+03
1.174168945312500000e+03
1.183668457031250000e+03
1.181369018554687500e+03
1.223569946289062500e+03
1.295779907226562500e+03
1.443602539062500000e+03
1.653150512695312500e+03
1.457179321289062500e+03
1.309502929687500000e+03
1.196790161132812500e+03
1.152063232421875000e+03
1.146229736328125000e+03
1.178283813476562500e+03
1.255344970703125000e+03
1.386670776367187500e+03
1.626588134765625000e+03
1.499891967773437500e+03
1.390518066406250000e+03
1.268125000000000000e+03
1.193819335937500000e+03
1.154685180664062500e+03
1.143169555664062500e+03
1.152093017578125000e+03
1.167556274414062500e+03
1.223583984375000000e+03
1.329609863281250000e+03
1.601242309570312500e+03
1.565806030273437500e+03
1.444444824218750000e+03
1.249208129882812500e+03
1.158639282226562500e+03
1.136415527343750000e+03
1.155144531250000000e+03
1.241371582031250000e+03
1.374031127929687500e+03
1.616787963867187500e+03
1.484507202148437500e+03
1.363329589843750000e+03
1.269471679687500000e+03
1.202836547851562500e+03
1.156382324218750000e+03
1.146820800781250000e+03
1.162075927734375000e+03
1.192704345703125000e+03
1.236892578125000000e+03
1.406812500000000000e+03
1.549143676757812500e+03
1.611998168945312500e+03
1.313680175781250000e+03
1.165503784179687500e+03
1.131319824218750000e+03
1.159491210937500000e+03
1.273759521484375000e+03
1.431130859375000000e+03
1.610366333007812500e+03
1.418093872070312500e+03
1.278003417968750000e+03
1.199298706054687500e+03
1.163619750976562500e+03
1.134499633789062500e+03
1.132095947265625000e+03
1.127973999023437500e+03
1.146540039062500000e+03
1.141990356445312500e+03
1.177158813476562500e+03
1.287302124023437500e+03
1.541709472656250000e+03
1.576915649414062500e+03
1.478501342773437500e+03
1.237609985351562500e+03
1.146077148437500000e+03
1.122450439453125000e+03
1.153513793945312500e+03
1.297886718750000000e+03
1.457224609375000000e+03
1.619988281250000000e+03
1.386207275390625000e+03
1.252392700195312500e+03
1.191625000000000000e+03
1.182874267578125000e+03
1.179407592773437500e+03
1.208722778320312500e+03
1.302906127929687500e+03
1.465954467773437500e+03
1.496783691406250000e+03
1.440251953125000000e+03
1.275401245117187500e+03
1.210540771484375000e+03
1.191437011718750000e+03
1.188139526367187500e+03
1.209094970703125000e+03
1.287287597656250000e+03
1.370179687500000000e+03
1.518286010742187500e+03
1.421898193359375000e+03
1.326676513671875000e+03
1.240345947265625000e+03
1.226880981445312500e+03
1.223951538085937500e+03
1.229542968750000000e+03
1.258548339843750000e+03
1.311109008789062500e+03
1.362338745117187500e+03
1.464926147460937500e+03
1.342560791015625000e+03
1.271145629882812500e+03
1.209892456054687500e+03
1.193100097656250000e+03
1.194372192382812500e+03
1.242764526367187500e+03
1.319175292968750000e+03
1.445058837890625000e+03
1.391623779296875000e+03
1.344862792968750000e+03
1.241530395507812500e+03
1.207293945312500000e+03
1.187855346679687500e+03
1.190143188476562500e+03
1.239461791992187500e+03
1.324544555664062500e+03
1.356913696289062500e+03
1.412311035156250000e+03
1.307302246093750000e+03
1.273050537109375000e+03
1.226715820312500000e+03
1.216286376953125000e+03
1.199663940429687500e+03
1.213801025390625000e+03
1.248619384765625000e+03
1.338609741210937500e+03
1.370505859375000000e+03
1.392724365234375000e+03
1.302517456054687500e+03
1.242842651367187500e+03
1.199188110351562500e+03
1.188632812500000000e+03
1.204173095703125000e+03
1.287503662109375000e+03
1.358717041015625000e+03
1.433330688476562500e+03
1.325892456054687500e+03
1.253008666992187500e+03
1.190204101562500000e+03
1.160946289062500000e+03
1.156717041015625000e+03
1.166891601562500000e+03
1.184942626953125000e+03
1.290653198242187500e+03
1.343218994140625000e+03
1.428654541015625000e+03
1.311426879882812500e+03
1.240504394531250000e+03
1.185568481445312500e+03
1.166974609375000000e+03
1.172274047851562500e+03
1.203555297851562500e+03
1.228349975585937500e+03
1.330792358398437500e+03
1.380752685546875000e+03
1.374121704101562500e+03
1.239963256835937500e+03
1.171860473632812500e+03
1.137932861328125000e+03
1.107736328125000000e+03
1.108895385742187500e+03
1.112287597656250000e+03
1.132967529296875000e+03
1.202295654296875000e+03
1.292328369140625000e+03
1.437338867187500000e+03
1.377666625976562500e+03
1.310394897460937500e+03
1.184805419921875000e+03
1.119349121093750000e+03
1.077332519531250000e+03
1.077034667968750000e+03
1.086818115234375000e+03
1.088850341796875000e+03
1.162309448242187500e+03
1.318800292968750000e+03
1.538713989257812500e+03
1.385532592773437500e+03
1.238683349609375000e+03
1.136237304687500000e+03
1.100209960937500000e+03
1.088687866210937500e+03
1.081544189453125000e+03
1.100777099609375000e+03
1.133041015625000000e+03
1.229161865234375000e+03
1.449711303710937500e+03
1.439685791015625000e+03
1.352899902343750000e+03
1.170392211914062500e+03
1.098283935546875000e+03
1.069235961914062500e+03
1.076175537109375000e+03
1.101694213867187500e+03
1.156709960937500000e+03
1.291569213867187500e+03
1.455125488281250000e+03
1.516105468750000000e+03
1.240972778320312500e+03
1.113447509765625000e+03
1.064354370117187500e+03
1.073010620117187500e+03
1.143126953125000000e+03
1.284036132812500000e+03
1.473089599609375000e+03
1.405741943359375000e+03
1.315041625976562500e+03
1.192718505859375000e+03
1.161520141601562500e+03
1.138746704101562500e+03
1.131368286132812500e+03
1.159239257812500000e+03
1.241746826171875000e+03
1.317451293945312500e+03
1.416994018554687500e+03
1.321655639648437500e+03
1.260689941406250000e+03
1.196771728515625000e+03
1.185387939453125000e+03
1.173229614257812500e+03
1.183618774414062500e+03
1.201440185546875000e+03
1.301529296875000000e+03
1.321848510742187500e+03
1.336963867187500000e+03
1.264564331054687500e+03
1.229321289062500000e+03
1.176185546875000000e+03
1.164020507812500000e+03
1.169946777343750000e+03
1.199066894531250000e+03
1.231336181640625000e+03
1.330216674804687500e+03
1.327189453125000000e+03
1.325477050781250000e+03
1.242222045898437500e+03
1.191558593750000000e+03
1.147116699218750000e+03
1.136404663085937500e+03
1.123943115234375000e+03
1.162504760742187500e+03
1.204676513671875000e+03
1.323778198242187500e+03
1.356464355468750000e+03
1.351656494140625000e+03
1.215938354492187500e+03
1.152909790039062500e+03
1.118963500976562500e+03
1.108205566406250000e+03
1.111501586914062500e+03
1.129683105468750000e+03
1.183736450195312500e+03
1.290973144531250000e+03
1.340434082031250000e+03
1.352411376953125000e+03
1.249318359375000000e+03
1.187491088867187500e+03
1.148647949218750000e+03
1.155026855468750000e+03
1.183032714843750000e+03
1.258205566406250000e+03
1.284307250976562500e+03
1.314283935546875000e+03
1.243591796875000000e+03
1.204897460937500000e+03
1.159666015625000000e+03
1.143154052734375000e+03
1.122919677734375000e+03
1.158158569335937500e+03
1.206434936523437500e+03
1.322109375000000000e+03
1.318876464843750000e+03
1.278529418945312500e+03
1.187261352539062500e+03
1.180680175781250000e+03
1.169257202148437500e+03
1.175023559570312500e+03
1.213202148437500000e+03
1.263673095703125000e+03
1.261231445312500000e+03
1.265494995117187500e+03
1.209482055664062500e+03
1.203120727539062500e+03
1.172511596679687500e+03
1.172879882812500000e+03
1.143542602539062500e+03
1.181031982421875000e+03
1.201504760742187500e+03
1.245401245117187500e+03
1.243353393554687500e+03
1.250320190429687500e+03
1.216186645507812500e+03
1.206426025390625000e+03
1.170008789062500000e+03
1.156289916992187500e+03
1.144746215820312500e+03
1.151549682617187500e+03
1.153207763671875000e+03
1.208258666992187500e+03
1.243041137695312500e+03
1.285092041015625000e+03
1.236258422851562500e+03
1.224786376953125000e+03
1.177154785156250000e+03
1.161248779296875000e+03
1.152765869140625000e+03
1.163473144531250000e+03
1.188270996093750000e+03
1.233519775390625000e+03
1.227591186523437500e+03
1.256834716796875000e+03
1.208719848632812500e+03
1.210680786132812500e+03
1.198129516601562500e+03
1.214483032226562500e+03
1.188772094726562500e+03
1.196658447265625000e+03
1.180062622070312500e+03
1.208507080078125000e+03
1.200408569335937500e+03
1.215966674804687500e+03
1.204443115234375000e+03
1.221074096679687500e+03
1.210015625000000000e+03
1.206449096679687500e+03
1.171103271484375000e+03
1.180314086914062500e+03
1.183086914062500000e+03
1.232289306640625000e+03
1.235596435546875000e+03
1.245098876953125000e+03
1.209552612304687500e+03
1.205950439453125000e+03
1.160665283203125000e+03
1.170305664062500000e+03
1.143795776367187500e+03
1.165250854492187500e+03
1.183190063476562500e+03
1.228715576171875000e+03
1.218480346679687500e+03
1.216001342773437500e+03
1.181177001953125000e+03
1.178146484375000000e+03
1.162681884765625000e+03
1.195737792968750000e+03
1.193866333007812500e+03
1.203513793945312500e+03
1.183913574218750000e+03
1.218089721679687500e+03
1.198493652343750000e+03
1.221261108398437500e+03
1.163380371093750000e+03
1.167489868164062500e+03
1.160766235351562500e+03
1.189446777343750000e+03
1.166067382812500000e+03
1.195733398437500000e+03
1.174550170898437500e+03
1.184264282226562500e+03
1.166021606445312500e+03
1.168176025390625000e+03
1.160612792968750000e+03
1.175257324218750000e+03
1.174049438476562500e+03
1.191572753906250000e+03
1.162852050781250000e+03
1.141182861328125000e+03
1.122462524414062500e+03
1.135094116210937500e+03
1.139156616210937500e+03
1.199984741210937500e+03
1.205090454101562500e+03
1.232181518554687500e+03
1.185492431640625000e+03
1.169827758789062500e+03
1.134752197265625000e+03
1.134137451171875000e+03
1.121606933593750000e+03
1.134186279296875000e+03
1.153042480468750000e+03
1.211407104492187500e+03
1.202856445312500000e+03
1.233749511718750000e+03
1.187088012695312500e+03
1.164644287109375000e+03
1.144160766601562500e+03
1.161241210937500000e+03
1.174594970703125000e+03
1.197477294921875000e+03
1.171492553710937500e+03
1.176966552734375000e+03
1.162054931640625000e+03
1.163782104492187500e+03
1.174434936523437500e+03
1.189125732421875000e+03
1.191686157226562500e+03
1.197606811523437500e+03
1.140431518554687500e+03
1.131041381835937500e+03
1.130693847656250000e+03
1.152885620117187500e+03
1.171105346679687500e+03
1.197188110351562500e+03
1.177619995117187500e+03
1.191856201171875000e+03
1.163607421875000000e+03
1.154959106445312500e+03
1.121413818359375000e+03
1.155767700195312500e+03
1.156507934570312500e+03
1.162139038085937500e+03
1.159307617187500000e+03
1.176892456054687500e+03
1.158490600585937500e+03
1.186804687500000000e+03
1.168412109375000000e+03
1.193358764648437500e+03
1.181709106445312500e+03
1.170690551757812500e+03
1.149702270507812500e+03
1.163797851562500000e+03
1.162639404296875000e+03
1.176876953125000000e+03
1.143406860351562500e+03
1.153054931640625000e+03
1.154260986328125000e+03
1.182182739257812500e+03
1.155986694335937500e+03
1.169449707031250000e+03
1.125664794921875000e+03
1.134674194335937500e+03
1.121804077148437500e+03
1.148354980468750000e+03
1.153845947265625000e+03
1.197558227539062500e+03
1.182054931640625000e+03
1.174283203125000000e+03
1.141852294921875000e+03
1.153805786132812500e+03
1.134108032226562500e+03
1.166235107421875000e+03
1.148343017578125000e+03
1.167029174804687500e+03
1.161902465820312500e+03
1.178980102539062500e+03
1.140846557617187500e+03
1.152923950195312500e+03
1.135013183593750000e+03
1.141388916015625000e+03
1.127993774414062500e+03
1.155919311523437500e+03
1.143901733398437500e+03
1.171949951171875000e+03
1.184849853515625000e+03
1.198125366210937500e+03
1.155705444335937500e+03
1.123663452148437500e+03
1.084916625976562500e+03
1.068755371093750000e+03
1.085036621093750000e+03
1.099488037109375000e+03
1.146002929687500000e+03
1.202304199218750000e+03
1.194891845703125000e+03
1.206147094726562500e+03
1.148484619140625000e+03
1.123946777343750000e+03
1.096889282226562500e+03
1.109861572265625000e+03
1.111073120117187500e+03
1.152915527343750000e+03
1.165855957031250000e+03
1.225346679687500000e+03
1.178793334960937500e+03
1.163628051757812500e+03
1.114206542968750000e+03
1.096639526367187500e+03
1.079791381835937500e+03
1.105208618164062500e+03
1.132774902343750000e+03
1.186374633789062500e+03
1.182808349609375000e+03
1.196425048828125000e+03
1.165983520507812500e+03
1.141366088867187500e+03
1.121951416015625000e+03
1.134508911132812500e+03
1.134072875976562500e+03
1.165319091796875000e+03
1.176828613281250000e+03
1.187116333007812500e+03
1.159298706054687500e+03
1.151335937500000000e+03
1.126411621093750000e+03
1.135721801757812500e+03
1.131728881835937500e+03
1.154716186523437500e+03
1.147689086914062500e+03
1.163196166992187500e+03
1.128647827148437500e+03
1.137104736328125000e+03
1.119409790039062500e+03
1.137184936523437500e+03
1.135585449218750000e+03
1.151476074218750000e+03
1.129620483398437500e+03
1.139790771484375000e+03
1.135025268554687500e+03
1.147033691406250000e+03
1.139529907226562500e+03
1.138271118164062500e+03
1.131041381835937500e+03
1.132272949218750000e+03
1.100271972656250000e+03
1.109217407226562500e+03
1.103494262695312500e+03
1.123821289062500000e+03
1.124566284179687500e+03
1.159426269531250000e+03
1.156060913085937500e+03
1.161815795898437500e+03
1.119679443359375000e+03
1.115991333007812500e+03
1.106853271484375000e+03
1.098918945312500000e+03
1.112365600585937500e+03
1.148576049804687500e+03
1.141795898437500000e+03
1.157759399414062500e+03
1.138538940429687500e+03
1.144720703125000000e+03
1.114639404296875000e+03
1.110689453125000000e+03
1.110087280273437500e+03
1.146300292968750000e+03
1.133361206054687500e+03
1.141807250976562500e+03
1.111390380859375000e+03
1.125574829101562500e+03
1.108113769531250000e+03
1.127384277343750000e+03
1.137323120117187500e+03
1.161393798828125000e+03
1.144327026367187500e+03
1.136403442382812500e+03
1.106094360351562500e+03
1.124747436523437500e+03
1.111657104492187500e+03
1.142580932617187500e+03
1.147443115234375000e+03
1.158124877929687500e+03
1.119561279296875000e+03
1.127818603515625000e+03
1.085290161132812500e+03
1.102293334960937500e+03
1.107031250000000000e+03
1.159602661132812500e+03
1.167644042968750000e+03
1.180299072265625000e+03
1.127799194335937500e+03
1.096417114257812500e+03
1.065096679687500000e+03
1.072260986328125000e+03
1.082960083007812500e+03
1.167754150390625000e+03
1.215225708007812500e+03
1.244629760742187500e+03
1.135093261718750000e+03
1.071703857421875000e+03
1.043883544921875000e+03
1.035135253906250000e+03
1.042056274414062500e+03
1.086432006835937500e+03
1.133551757812500000e+03
1.197314941406250000e+03
1.170869262695312500e+03
1.141420776367187500e+03
1.100225952148437500e+03
1.090348632812500000e+03
1.090736083984375000e+03
1.123357788085937500e+03
1.131265258789062500e+03
1.150037109375000000e+03
1.133522094726562500e+03
1.121958862304687500e+03
1.112370605468750000e+03
1.116536621093750000e+03
1.117640014648437500e+03
1.162570068359375000e+03
1.161858276367187500e+03
1.172547607421875000e+03
1.135932006835937500e+03
1.118131958007812500e+03
1.087517700195312500e+03
1.116870117187500000e+03
1.126502929687500000e+03
1.154298339843750000e+03
1.118758544921875000e+03
1.128870605468750000e+03
1.105026855468750000e+03
1.124817993164062500e+03
1.105012207031250000e+03
1.102268676757812500e+03
1.084995117187500000e+03
1.111279785156250000e+03
1.111263183593750000e+03
1.141119262695312500e+03
1.133629882812500000e+03
1.150411621093750000e+03
1.133752197265625000e+03
1.126201660156250000e+03
1.095689941406250000e+03
1.084868530273437500e+03
1.074817016601562500e+03
1.101233032226562500e+03
1.115870361328125000e+03
1.160897827148437500e+03
1.159700439453125000e+03
1.149158203125000000e+03
1.102430541992187500e+03
1.085363525390625000e+03
1.058093139648437500e+03
1.079821044921875000e+03
1.089896362304687500e+03
1.129245849609375000e+03
1.129063598632812500e+03
1.158420288085937500e+03
1.131451660156250000e+03
1.114289550781250000e+03
1.072588378906250000e+03
1.066566894531250000e+03
1.065306884765625000e+03
1.099365478515625000e+03
1.129773071289062500e+03
1.158417114257812500e+03
1.133712280273437500e+03
1.124408447265625000e+03
1.080742431640625000e+03
1.079644531250000000e+03
1.083075195312500000e+03
1.124118774414062500e+03
1.126387451171875000e+03
1.149981079101562500e+03
1.119019775390625000e+03
1.136098022460937500e+03
1.117168090820312500e+03
1.127925292968750000e+03
1.104963134765625000e+03
1.118080444335937500e+03
1.089217285156250000e+03
1.118437500000000000e+03
1.111962036132812500e+03
1.136563720703125000e+03
1.104263061523437500e+03
1.107895385742187500e+03
1.093047607421875000e+03
1.097848999023437500e+03
1.093801513671875000e+03
1.109581909179687500e+03
1.122373779296875000e+03
1.120671264648437500e+03
1.090782348632812500e+03
1.080317260742187500e+03
1.064060791015625000e+03
1.086233520507812500e+03
1.109676879882812500e+03
1.128985107421875000e+03
1.123191406250000000e+03
1.113857788085937500e+03
1.090659179687500000e+03
1.101340454101562500e+03
1.081245727539062500e+03
1.080857177734375000e+03
1.096387695312500000e+03
1.122149780273437500e+03
1.122552612304687500e+03
1.142977661132812500e+03
1.099583374023437500e+03
1.100372436523437500e+03
1.085844726562500000e+03
1.085972778320312500e+03
1.063496948242187500e+03
1.092071411132812500e+03
1.094167602539062500e+03
1.141770751953125000e+03
1.110775756835937500e+03
1.134354370117187500e+03
1.106389526367187500e+03
1.109749511718750000e+03
1.107873291015625000e+03
1.105143188476562500e+03
1.100543457031250000e+03
1.115353759765625000e+03
1.125263061523437500e+03
1.141313232421875000e+03
1.104189453125000000e+03
1.090650878906250000e+03
1.075428344726562500e+03
1.090632934570312500e+03
1.077425292968750000e+03
1.103290283203125000e+03
1.091124267578125000e+03
1.124187744140625000e+03
1.088895629882812500e+03
1.089608886718750000e+03
1.082556396484375000e+03
1.108626098632812500e+03
1.086811401367187500e+03
1.117425048828125000e+03
1.096159057617187500e+03
1.096012573242187500e+03
1.082051025390625000e+03
1.082150390625000000e+03
1.061497192382812500e+03
1.088869995117187500e+03
1.079902465820312500e+03
1.107072021484375000e+03
1.118616699218750000e+03
1.130439575195312500e+03
1.087526855468750000e+03
1.095648193359375000e+03
1.107197143554687500e+03
1.123661865234375000e+03
1.096859863281250000e+03
1.094175415039062500e+03
1.050037353515625000e+03
1.056375976562500000e+03
1.054837036132812500e+03
1.113209716796875000e+03
1.134828857421875000e+03
1.154290039062500000e+03
1.104027099609375000e+03
1.077069824218750000e+03
1.056457275390625000e+03
1.069837646484375000e+03
1.078788696289062500e+03
1.114923217773437500e+03
1.103308105468750000e+03
1.085276733398437500e+03
1.095186767578125000e+03
1.093318969726562500e+03
1.080687377929687500e+03
1.093316650390625000e+03
1.073827880859375000e+03
1.083377685546875000e+03
1.075760742187500000e+03
1.093535888671875000e+03
1.097441284179687500e+03
1.100325561523437500e+03
1.091979125976562500e+03
1.075576538085937500e+03
1.069670532226562500e+03
1.064670410156250000e+03
1.078455322265625000e+03
1.097257080078125000e+03
1.098423095703125000e+03
1.108354003906250000e+03
1.097735351562500000e+03
1.111743164062500000e+03
1.086685302734375000e+03
1.094419677734375000e+03
1.072267333984375000e+03
1.079555175781250000e+03
1.071837402343750000e+03
1.078943969726562500e+03
1.075111694335937500e+03
1.075826904296875000e+03
1.056605102539062500e+03
1.053686523437500000e+03
1.061083496093750000e+03
1.083713989257812500e+03
1.092724609375000000e+03
1.123530883789062500e+03
1.106821533203125000e+03
1.114266845703125000e+03
1.093479980468750000e+03
1.090402587890625000e+03
1.064643188476562500e+03
1.076611572265625000e+03
1.074206542968750000e+03
1.091326416015625000e+03
1.085100830078125000e+03
1.103407226562500000e+03
1.077324462890625000e+03
1.089641479492187500e+03
1.084253784179687500e+03
1.090098510742187500e+03
1.062205810546875000e+03
1.068858886718750000e+03
1.046759399414062500e+03
1.071584594726562500e+03
1.102129272460937500e+03
1.147505371093750000e+03
1.122386718750000000e+03
1.097517700195312500e+03
1.061550903320312500e+03
1.049453247070312500e+03
1.048612792968750000e+03
1.078071289062500000e+03
1.085973266601562500e+03
1.088835937500000000e+03
1.071612670898437500e+03
1.090802124023437500e+03
1.065542724609375000e+03
1.054707763671875000e+03
1.050273193359375000e+03
1.093387817382812500e+03
1.102067016601562500e+03
1.138422363281250000e+03
1.111578735351562500e+03
1.080763183593750000e+03
1.045687377929687500e+03
1.025286132812500000e+03
1.038142333984375000e+03
1.067592529296875000e+03
1.090725463867187500e+03
1.120330078125000000e+03
1.082922607421875000e+03
1.074453125000000000e+03
1.052002319335937500e+03
1.056952514648437500e+03
1.063242797851562500e+03
1.107689208984375000e+03
1.096785522460937500e+03
1.104340087890625000e+03
1.074454956054687500e+03
1.074990600585937500e+03
1.047397094726562500e+03
1.034806518554687500e+03
1.035262695312500000e+03
1.076037841796875000e+03
1.106295043945312500e+03
1.136712158203125000e+03
1.094075317382812500e+03
1.057218627929687500e+03
1.028506713867187500e+03
1.042190185546875000e+03
1.061376098632812500e+03
1.118154296875000000e+03
1.127190307617187500e+03
1.138274291992187500e+03
1.074118164062500000e+03
1.031864257812500000e+03
1.003836425781250000e+03
1.005117309570312500e+03
1.018178222656250000e+03
1.046057983398437500e+03
1.076005615234375000e+03
1.127789794921875000e+03
1.111322631835937500e+03
1.087544189453125000e+03
1.046816772460937500e+03
1.047478271484375000e+03
1.036446777343750000e+03
1.055830200195312500e+03
1.053949584960937500e+03
1.085333129882812500e+03
1.087324218750000000e+03
1.088681396484375000e+03
1.064026123046875000e+03
1.070931518554687500e+03
1.064292358398437500e+03
1.081512207031250000e+03
1.060532348632812500e+03
1.072044067382812500e+03
1.056926757812500000e+03
1.081092651367187500e+03
1.081539428710937500e+03
1.086359985351562500e+03
1.056729980468750000e+03
1.058015747070312500e+03
1.049589721679687500e+03
1.068909423828125000e+03
1.082157958984375000e+03
1.093073974609375000e+03
1.074865112304687500e+03
1.048114257812500000e+03
1.038483276367187500e+03
1.068668090820312500e+03
1.075470214843750000e+03
1.106506713867187500e+03
1.084402709960937500e+03
1.056191162109375000e+03
1.015603820800781250e+03
1.036236206054687500e+03
1.047265869140625000e+03
1.099541870117187500e+03
1.110619873046875000e+03
1.091956298828125000e+03
1.067922485351562500e+03
1.041146362304687500e+03
1.016207641601562500e+03
1.028861816406250000e+03
1.034762329101562500e+03
1.100638427734375000e+03
1.106406250000000000e+03
1.108180541992187500e+03
1.053013305664062500e+03
1.013842346191406250e+03
9.877927246093750000e+02
9.977078857421875000e+02
1.025829589843750000e+03
1.077565795898437500e+03
1.115497802734375000e+03
1.132056152343750000e+03
1.062887817382812500e+03
1.030489257812500000e+03
1.007459960937500000e+03
1.014366821289062500e+03
1.029154296875000000e+03
1.077938476562500000e+03
1.122587524414062500e+03
1.124620483398437500e+03
1.084015014648437500e+03
1.073995483398437500e+03
1.025846435546875000e+03
1.048449951171875000e+03
1.059676879882812500e+03
1.077227294921875000e+03
1.075493164062500000e+03
1.082633178710937500e+03
1.056461303710937500e+03
1.047880371093750000e+03
1.039829101562500000e+03
1.050419555664062500e+03
1.054886962890625000e+03
1.074120483398437500e+03
1.060051513671875000e+03
1.075142211914062500e+03
1.041348022460937500e+03
1.059551513671875000e+03
1.042202148437500000e+03
1.050664306640625000e+03
1.056921264648437500e+03
1.049369750976562500e+03
1.043940795898437500e+03
1.051218261718750000e+03
1.059168090820312500e+03
1.097227416992187500e+03
1.097063232421875000e+03
1.094728637695312500e+03
1.068564086914062500e+03
1.041982299804687500e+03
1.029899414062500000e+03
1.027114746093750000e+03
1.035880615234375000e+03
1.058327636718750000e+03
1.072016479492187500e+03
1.085267700195312500e+03
1.077050292968750000e+03
1.081145385742187500e+03
1.055860961914062500e+03
1.057434448242187500e+03
1.031458129882812500e+03
1.040561767578125000e+03
1.029956787109375000e+03
1.050229858398437500e+03
1.066042358398437500e+03
1.075133422851562500e+03
1.060131103515625000e+03
1.057733764648437500e+03
1.042734741210937500e+03
1.056707275390625000e+03
1.040742797851562500e+03
1.060797485351562500e+03
1.062162597656250000e+03
1.078073364257812500e+03
1.056038696289062500e+03
1.052708618164062500e+03
1.034074218750000000e+03
1.041962524414062500e+03
1.045224243164062500e+03
1.077421630859375000e+03
1.070173950195312500e+03
1.063271850585937500e+03
1.036003906250000000e+03
1.044151611328125000e+03
1.040746826171875000e+03
1.059774414062500000e+03
1.063649291992187500e+03
1.084362426757812500e+03
1.072760375976562500e+03
1.066005371093750000e+03
1.015286254882812500e+03
1.001463256835937500e+03
9.987807617187500000e+02
1.037291381835937500e+03
1.058845703125000000e+03
1.079150512695312500e+03
1.066877807617187500e+03
1.059642822265625000e+03
1.029675292968750000e+03
1.010266845703125000e+03
9.989108276367187500e+02
1.038499023437500000e+03
1.070054443359375000e+03
1.115686279296875000e+03
1.080649414062500000e+03
1.042339233398437500e+03
1.026796875000000000e+03
1.018891601562500000e+03
1.008141479492187500e+03
1.011796997070312500e+03
1.009729431152343750e+03
1.053444824218750000e+03
1.079455200195312500e+03
1.094283325195312500e+03
1.049586181640625000e+03
1.011427429199218750e+03
9.892982177734375000e+02
1.010317810058593750e+03
1.030422363281250000e+03
1.056901855468750000e+03
1.064098632812500000e+03
1.062066650390625000e+03
1.040868041992187500e+03
1.045962036132812500e+03
1.056046020507812500e+03
1.103113769531250000e+03
1.077889038085937500e+03
1.054480224609375000e+03
1.024512451171875000e+03
1.021551147460937500e+03
9.977356567382812500e+02
1.023042419433593750e+03
1.041500610351562500e+03
1.076649169921875000e+03
1.061828613281250000e+03
1.050633178710937500e+03
1.022079895019531250e+03
1.007600158691406250e+03
1.013575561523437500e+03
1.050785888671875000e+03
1.080351196289062500e+03
1.083083251953125000e+03
1.047543090820312500e+03
1.022398803710937500e+03
9.904439086914062500e+02
9.885092163085937500e+02
9.840689697265625000e+02
1.026970703125000000e+03
1.064017456054687500e+03
1.107142944335937500e+03
1.067236450195312500e+03
1.054966796875000000e+03
1.020907897949218750e+03
1.025764404296875000e+03
1.031165893554687500e+03
1.044517456054687500e+03
1.038830932617187500e+03
1.035552001953125000e+03
1.021341308593750000e+03
1.046380249023437500e+03
1.041559570312500000e+03
1.045833374023437500e+03
1.043957275390625000e+03
1.059596069335937500e+03
1.043742187500000000e+03
1.037958862304687500e+03
1.031552490234375000e+03
1.048762451171875000e+03
1.040134399414062500e+03
1.060588134765625000e+03
1.042089965820312500e+03
1.053593017578125000e+03
1.060592651367187500e+03
1.053076293945312500e+03
1.044892944335937500e+03
1.033231201171875000e+03
1.037708374023437500e+03
1.055585449218750000e+03
1.053643676757812500e+03
1.052804687500000000e+03
1.035803833007812500e+03
1.016297302246093750e+03
1.011511596679687500e+03
1.032718261718750000e+03
1.055217163085937500e+03
1.079856445312500000e+03
1.050518432617187500e+03
1.022692932128906250e+03
9.863518066406250000e+02
9.925477294921875000e+02
1.011595886230468750e+03
1.047101684570312500e+03
1.076762207031250000e+03
1.084078979492187500e+03
1.024826904296875000e+03
9.908682250976562500e+02
9.815865478515625000e+02
9.929332275390625000e+02
1.025677734375000000e+03
1.059971435546875000e+03
1.085877441406250000e+03
1.088230468750000000e+03
1.039445556640625000e+03
1.012104919433593750e+03
9.853369140625000000e+02
1.007102600097656250e+03
1.012393432617187500e+03
1.063107910156250000e+03
1.066343750000000000e+03
1.069724243164062500e+03
1.026834960937500000e+03
1.002802551269531250e+03
9.990695190429687500e+02
1.017209655761718750e+03
1.014768493652343750e+03
1.058444824218750000e+03
1.051343261718750000e+03
1.037404907226562500e+03
1.022838684082031250e+03
1.001648986816406250e+03
9.943499145507812500e+02
1.002993713378906250e+03
1.013829223632812500e+03
1.052426879882812500e+03
1.067831665039062500e+03
1.073824829101562500e+03
1.037399536132812500e+03
1.030576171875000000e+03
1.002752990722656250e+03
1.009732055664062500e+03
1.015254211425781250e+03
1.057723632812500000e+03
1.048258178710937500e+03
1.049035034179687500e+03
1.023345581054687500e+03
1.031334716796875000e+03
1.019475585937500000e+03
1.028749389648437500e+03
1.027188964843750000e+03
1.054537353515625000e+03
1.046432861328125000e+03
1.027758789062500000e+03
1.030196166992187500e+03
1.014470092773437500e+03
9.994644165039062500e+02
1.003926269531250000e+03
1.031601196289062500e+03
1.055626831054687500e+03
1.051253662109375000e+03
1.055905273437500000e+03
1.015571716308593750e+03
9.983563842773437500e+02
9.885264892578125000e+02
9.994367675781250000e+02
1.013677062988281250e+03
1.044965820312500000e+03
1.066139770507812500e+03
1.069278442382812500e+03
1.035051635742187500e+03
1.023360229492187500e+03
1.000531066894531250e+03
1.015733764648437500e+03
1.014063598632812500e+03
1.026451416015625000e+03
1.012893249511718750e+03
1.022510559082031250e+03
1.037208007812500000e+03
1.039817382812500000e+03
1.047054809570312500e+03
1.038316162109375000e+03
1.022944335937500000e+03
1.031938232421875000e+03
1.005646240234375000e+03
1.011168823242187500e+03
1.000082824707031250e+03
1.016238342285156250e+03
1.023339233398437500e+03
1.032651733398437500e+03
1.024164794921875000e+03
1.042419799804687500e+03
1.029238037109375000e+03
1.024296386718750000e+03
9.939514160156250000e+02
9.972798461914062500e+02
1.017932006835937500e+03
1.058563110351562500e+03
1.070653686523437500e+03
1.046334106445312500e+03
9.994393920898437500e+02
9.888209228515625000e+02
9.775540771484375000e+02
1.012893127441406250e+03
1.042721313476562500e+03
1.064686889648437500e+03
1.030383178710937500e+03
9.979924316406250000e+02
9.766119995117187500e+02
9.867538452148437500e+02
1.014035217285156250e+03
1.044533935546875000e+03
1.052345214843750000e+03
1.045634521484375000e+03
1.001742675781250000e+03
9.920341796875000000e+02
9.880969238281250000e+02
1.010954833984375000e+03
1.021646057128906250e+03
1.051482421875000000e+03
1.043719970703125000e+03
1.031832763671875000e+03
1.012592468261718750e+03
1.016674682617187500e+03
1.016010986328125000e+03
1.040056274414062500e+03
1.029065429687500000e+03
1.024960205078125000e+03
9.873362426757812500e+02
9.744935913085937500e+02
9.725912475585937500e+02
1.003055725097656250e+03
1.039329833984375000e+03
1.079453369140625000e+03
1.049172851562500000e+03
1.009435302734375000e+03
9.937598266601562500e+02
9.935733032226562500e+02
1.018260070800781250e+03
1.067520385742187500e+03
1.061846191406250000e+03
1.046351684570312500e+03
9.960252685546875000e+02
9.670684204101562500e+02
9.548590087890625000e+02
9.902315673828125000e+02
1.035922119140625000e+03
1.081474975585937500e+03
1.069648437500000000e+03
1.036743896484375000e+03
9.785721435546875000e+02
9.579011840820312500e+02
9.535098876953125000e+02
9.911982421875000000e+02
1.032513061523437500e+03
1.082731567382812500e+03
1.049590209960937500e+03
1.013724975585937500e+03
9.789205932617187500e+02
9.695390014648437500e+02
9.735719604492187500e+02
9.899979858398437500e+02
1.007186401367187500e+03
1.039276367187500000e+03
1.028229003906250000e+03
1.021660888671875000e+03
1.010584045410156250e+03
1.007783325195312500e+03
9.994537353515625000e+02
1.022632263183593750e+03
1.006473815917968750e+03
1.021336914062500000e+03
1.026693847656250000e+03
1.036154541015625000e+03
1.024354370117187500e+03
1.027467041015625000e+03
9.980847167968750000e+02
9.926184692382812500e+02
9.970210571289062500e+02
1.017792175292968750e+03
1.019575988769531250e+03
1.032912597656250000e+03
1.026007324218750000e+03
1.008170837402343750e+03
9.654756469726562500e+02
9.813696289062500000e+02
9.885859985351562500e+02
1.031144287109375000e+03
1.070532348632812500e+03
1.050127319335937500e+03
1.019931823730468750e+03
9.852995605468750000e+02
9.432285156250000000e+02
9.571325073242187500e+02
9.696056518554687500e+02
1.031844848632812500e+03
1.073280029296875000e+03
1.072642700195312500e+03
1.007293518066406250e+03
9.662489624023437500e+02
9.440084228515625000e+02
9.562950439453125000e+02
9.857672119140625000e+02
1.029363769531250000e+03
1.054074462890625000e+03
1.048109863281250000e+03
9.824779052734375000e+02
9.770912475585937500e+02
9.743795776367187500e+02
1.008216552734375000e+03
1.043515991210937500e+03
1.061560424804687500e+03
1.028577270507812500e+03
9.998059082031250000e+02
9.680565795898437500e+02
9.641304931640625000e+02
9.667789306640625000e+02
1.003807739257812500e+03
1.047161132812500000e+03
1.056335449218750000e+03
1.018273071289062500e+03
9.918076782226562500e+02
9.795868530273437500e+02
9.951296386718750000e+02
9.983152465820312500e+02
1.032297607421875000e+03
1.041579467773437500e+03
1.026638793945312500e+03
9.864473876953125000e+02
9.701030883789062500e+02
9.642698974609375000e+02
9.936408081054687500e+02
1.023989807128906250e+03
1.091348510742187500e+03
1.031745849609375000e+03
9.932551269531250000e+02
9.636962280273437500e+02
9.599995117187500000e+02
9.696272583007812500e+02
1.033794555664062500e+03
1.062789794921875000e+03
1.069872924804687500e+03
9.967807617187500000e+02
9.447110595703125000e+02
9.398790893554687500e+02
9.648496704101562500e+02
1.002065551757812500e+03
1.025908325195312500e+03
1.021849487304687500e+03
1.015714416503906250e+03
9.852621459960937500e+02
9.941742553710937500e+02
1.002214477539062500e+03
1.003911743164062500e+03
9.912655029296875000e+02
1.002227294921875000e+03
9.819397583007812500e+02
9.884671020507812500e+02
9.915982666015625000e+02
1.007843994140625000e+03
1.001804809570312500e+03
1.022169738769531250e+03
1.005786071777343750e+03
1.009591308593750000e+03
9.888520507812500000e+02
9.879902343750000000e+02
9.876717529296875000e+02
1.032479980468750000e+03
1.051985839843750000e+03
1.071812988281250000e+03
1.019634643554687500e+03
9.761162109375000000e+02
9.521056518554687500e+02
9.486250000000000000e+02
9.590056762695312500e+02
1.001719665527343750e+03
1.031758911132812500e+03
1.067106201171875000e+03
1.010333496093750000e+03
9.791610107421875000e+02
9.585021362304687500e+02
9.511481323242187500e+02
9.752791748046875000e+02
1.031745117187500000e+03
1.053173339843750000e+03
1.058310668945312500e+03
9.984871826171875000e+02
9.558634033203125000e+02
9.304060668945312500e+02
9.298342285156250000e+02
9.342788085937500000e+02
9.758934936523437500e+02
1.008444580078125000e+03
1.055925048828125000e+03
1.038268798828125000e+03
9.992581787109375000e+02
9.615399780273437500e+02
9.623932495117187500e+02
9.590725708007812500e+02
9.939256591796875000e+02
1.001815673828125000e+03
1.012687072753906250e+03
1.006565246582031250e+03
1.017784851074218750e+03
9.978593139648437500e+02
1.007483215332031250e+03
9.888928222656250000e+02
9.906911621093750000e+02
9.903156738281250000e+02
1.008338928222656250e+03
9.968084716796875000e+02
1.022388244628906250e+03
1.004609130859375000e+03
1.006891296386718750e+03
9.884458007812500000e+02
9.836109619140625000e+02
9.775531005859375000e+02
9.957317504882812500e+02
1.002854980468750000e+03
1.019744323730468750e+03
9.880894775390625000e+02
9.838822631835937500e+02
9.695194091796875000e+02
9.888398437500000000e+02
9.973544921875000000e+02
1.021259094238281250e+03
1.020292846679687500e+03
1.007938903808593750e+03
9.765889282226562500e+02
9.779825439453125000e+02
9.746808471679687500e+02
1.012077758789062500e+03
1.009722961425781250e+03
1.023492309570312500e+03
1.003331420898437500e+03
9.894158935546875000e+02
9.781168212890625000e+02
1.008059387207031250e+03
1.018717468261718750e+03
1.025966064453125000e+03
1.003069335937500000e+03
1.000825988769531250e+03
9.782045898437500000e+02
9.708257446289062500e+02
9.701574096679687500e+02
9.825780029296875000e+02
9.972675781250000000e+02
1.018189880371093750e+03
1.001638793945312500e+03
1.015815063476562500e+03
9.995385131835937500e+02
1.004736267089843750e+03
1.004572143554687500e+03
9.921141357421875000e+02
9.843326416015625000e+02
9.813547973632812500e+02
9.656253051757812500e+02
9.794304199218750000e+02
9.814931030273437500e+02
1.030312011718750000e+03
1.035734008789062500e+03
1.019784851074218750e+03
9.687504272460937500e+02
9.406619262695312500e+02
9.343723144531250000e+02
9.554618530273437500e+02
9.655256347656250000e+02
9.891870117187500000e+02
9.969503784179687500e+02
1.006847839355468750e+03
9.878739624023437500e+02
1.002378845214843750e+03
9.862895507812500000e+02
9.928730468750000000e+02
9.944651489257812500e+02
1.001401184082031250e+03
9.935271606445312500e+02
9.990463867187500000e+02
9.737413330078125000e+02
9.763204345703125000e+02
9.670502319335937500e+02
9.742746582031250000e+02
9.741977539062500000e+02
9.967945556640625000e+02
9.872760620117187500e+02
9.849557495117187500e+02
9.815184326171875000e+02
9.965812377929687500e+02
9.960675659179687500e+02
9.926142578125000000e+02
9.709497680664062500e+02
9.666790161132812500e+02
9.588634033203125000e+02
9.599805908203125000e+02
9.661174316406250000e+02
9.984667968750000000e+02
1.014066101074218750e+03
1.009034973144531250e+03
9.785786743164062500e+02
9.709627685546875000e+02
9.692514038085937500e+02
9.926154174804687500e+02
1.010860595703125000e+03
1.016408996582031250e+03
9.805685424804687500e+02
9.470725708007812500e+02
9.188854370117187500e+02
9.299525146484375000e+02
9.476674194335937500e+02
9.949274902343750000e+02
1.020281433105468750e+03
1.028412719726562500e+03
9.712561645507812500e+02
9.541633300781250000e+02
9.448209838867187500e+02
9.768442382812500000e+02
9.981699218750000000e+02
1.037326049804687500e+03
1.019781677246093750e+03
9.910874633789062500e+02
9.537897338867187500e+02
9.381963500976562500e+02
9.473780517578125000e+02
9.798440551757812500e+02
1.003875976562500000e+03
1.041049682617187500e+03
1.024474487304687500e+03
9.982550659179687500e+02
9.396864624023437500e+02
9.257102661132812500e+02
9.127656860351562500e+02
9.486418457031250000e+02
9.845860595703125000e+02
1.033177368164062500e+03
1.025126708984375000e+03
1.011408569335937500e+03
9.656854858398437500e+02
9.724177246093750000e+02
9.672487182617187500e+02
9.948197631835937500e+02
9.927534179687500000e+02
1.016510253906250000e+03
9.895168457031250000e+02
9.877749633789062500e+02
9.638383178710937500e+02
9.704252319335937500e+02
9.645324707031250000e+02
1.003351257324218750e+03
9.979882202148437500e+02
1.016132995605468750e+03
9.817160644531250000e+02
9.689462280273437500e+02
9.506088256835937500e+02
9.531029052734375000e+02
9.590166015625000000e+02
9.775654907226562500e+02
9.927056274414062500e+02
1.018459655761718750e+03
9.885029907226562500e+02
9.740032958984375000e+02
9.642461547851562500e+02
9.727721557617187500e+02
9.844296264648437500e+02
9.969580688476562500e+02
9.929144287109375000e+02
9.829562988281250000e+02
9.583506469726562500e+02
9.575506591796875000e+02
9.570123291015625000e+02
9.773154296875000000e+02
9.698777465820312500e+02
9.701325073242187500e+02
9.784544067382812500e+02
9.751293945312500000e+02
9.471463012695312500e+02
9.450605468750000000e+02
9.545079956054687500e+02
9.894844360351562500e+02
9.743139648437500000e+02
9.862484741210937500e+02
9.782265014648437500e+02
9.742808837890625000e+02
9.652119750976562500e+02
9.529797973632812500e+02
9.522139282226562500e+02
9.820921020507812500e+02
9.785615844726562500e+02
9.952080078125000000e+02
9.783690795898437500e+02
9.765576782226562500e+02
9.821845703125000000e+02
9.854776000976562500e+02
9.637147216796875000e+02
9.694411621093750000e+02
9.665235595703125000e+02
1.003110595703125000e+03
9.964434814453125000e+02
9.962692260742187500e+02
9.738024291992187500e+02
9.747709350585937500e+02
9.531929931640625000e+02
9.531397094726562500e+02
9.447935791015625000e+02
9.821884155273437500e+02
9.949931640625000000e+02
1.015224060058593750e+03
9.801326293945312500e+02
9.619542236328125000e+02
9.378266601562500000e+02
9.488688354492187500e+02
9.653640136718750000e+02
1.014509826660156250e+03
1.017752380371093750e+03
1.018242431640625000e+03
9.646045532226562500e+02
9.445374145507812500e+02
9.237272949218750000e+02
9.450923461914062500e+02
9.678881835937500000e+02
1.016794677734375000e+03
1.012501403808593750e+03
9.887204589843750000e+02
9.389176635742187500e+02
9.382647094726562500e+02
9.183746337890625000e+02
9.341234130859375000e+02
9.492623291015625000e+02
9.888221435546875000e+02
9.934697265625000000e+02
9.968359985351562500e+02
9.646939697265625000e+02
9.697216796875000000e+02
9.690890502929687500e+02
9.855736694335937500e+02
9.804747924804687500e+02
9.771113891601562500e+02
9.599887695312500000e+02
9.677108764648437500e+02
9.639396362304687500e+02
9.792164306640625000e+02
9.840435180664062500e+02
9.849301757812500000e+02
9.655582275390625000e+02
9.741929931640625000e+02
9.652684326171875000e+02
9.839915161132812500e+02
9.792869873046875000e+02
9.745103759765625000e+02
9.616965942382812500e+02
9.572257690429687500e+02
9.578009643554687500e+02
9.812727661132812500e+02
9.918742675781250000e+02
1.008394409179687500e+03
9.830657958984375000e+02
9.768940429687500000e+02
9.512205810546875000e+02
9.569395751953125000e+02
9.412926025390625000e+02
9.784958496093750000e+02
9.777220458984375000e+02
9.965734863281250000e+02
9.979190673828125000e+02
9.912523193359375000e+02
