3.934267578125000000e+04
3.231278906250000000e+04
2.786095703125000000e+04
2.639692968750000000e+04
2.729641796875000000e+04
2.898853906250000000e+04
2.972866015625000000e+04
2.937075976562500000e+04
2.851168164062500000e+04
2.712290625000000000e+04
2.629006835937500000e+04
2.620588476562500000e+04
2.621298632812500000e+04
2.666887890625000000e+04
2.708597265625000000e+04
2.703363476562500000e+04
2.697068554687500000e+04
2.673171484375000000e+04
2.629371679687500000e+04
2.596974023437500000e+04
2.573501367187500000e+04
2.584881835937500000e+04
2.570974609375000000e+04
2.598500781250000000e+04
2.604436718750000000e+04
2.581635351562500000e+04
2.574600000000000000e+04
2.562975781250000000e+04
2.531163476562500000e+04
2.529728710937500000e+04
2.534013476562500000e+04
2.545016796875000000e+04
2.532149804687500000e+04
2.541970703125000000e+04
2.514477539062500000e+04
2.514338867187500000e+04
2.496559179687500000e+04
2.479824023437500000e+04
2.484744335937500000e+04
2.476658593750000000e+04
2.484956054687500000e+04
2.466341601562500000e+04
2.467659179687500000e+04
2.467024414062500000e+04
2.437949023437500000e+04
2.421580859375000000e+04
2.429810156250000000e+04
2.411860742187500000e+04
2.404381250000000000e+04
2.408532031250000000e+04
2.396459179687500000e+04
2.379518359375000000e+04
2.383306445312500000e+04
2.367405664062500000e+04
2.359811523437500000e+04
2.360627343750000000e+04
2.346669531250000000e+04
2.331918945312500000e+04
2.319465625000000000e+04
2.305027539062500000e+04
2.309631445312500000e+04
2.275842382812500000e+04
2.279156445312500000e+04
2.262550585937500000e+04
2.243950195312500000e+04
2.244124023437500000e+04
2.216190039062500000e+04
2.219128320312500000e+04
2.202778710937500000e+04
2.191412695312500000e+04
2.165403320312500000e+04
2.144547656250000000e+04
2.139788867187500000e+04
2.113550000000000000e+04
2.101437890625000000e+04
2.089021484375000000e+04
2.059984179687500000e+04
2.062856250000000000e+04
2.036023632812500000e+04
2.020065429687500000e+04
1.989032421875000000e+04
1.982390429687500000e+04
1.954084960937500000e+04
1.942766992187500000e+04
1.919866992187500000e+04
1.889030859375000000e+04
1.863211328125000000e+04
1.850587890625000000e+04
1.831725390625000000e+04
1.805195117187500000e+04
1.783335937500000000e+04
1.756916601562500000e+04
1.724514257812500000e+04
1.702435546875000000e+04
1.677507226562500000e+04
1.642394726562500000e+04
1.609597753906250000e+04
1.597294628906250000e+04
1.571152343750000000e+04
1.539340234375000000e+04
1.498161035156250000e+04
1.469643847656250000e+04
1.437170214843750000e+04
1.403127441406250000e+04
1.374562011718750000e+04
1.333172558593750000e+04
1.311218359375000000e+04
1.271018359375000000e+04
1.230545019531250000e+04
1.203800488281250000e+04
1.159797460937500000e+04
1.130412792968750000e+04
1.093905761718750000e+04
1.054840820312500000e+04
1.034105957031250000e+04
9.909557617187500000e+03
9.625125976562500000e+03
9.259146484375000000e+03
8.966479492187500000e+03
8.680082031250000000e+03
8.429083007812500000e+03
8.208794921875000000e+03
8.009960449218750000e+03
7.894647460937500000e+03
7.705383789062500000e+03
7.619538085937500000e+03
7.575409179687500000e+03
7.526586425781250000e+03
7.596067871093750000e+03
7.581295898437500000e+03
7.626288574218750000e+03
7.660014648437500000e+03
7.727545410156250000e+03
7.706961914062500000e+03
7.696040039062500000e+03
7.676391113281250000e+03
7.672739746093750000e+03
7.572929687500000000e+03
7.546404785156250000e+03
7.471206054687500000e+03
7.393334472656250000e+03
7.411629394531250000e+03
7.339383300781250000e+03
7.245981933593750000e+03
7.267903808593750000e+03
7.216757812500000000e+03
7.223510742187500000e+03
7.213547851562500000e+03
7.163054687500000000e+03
7.164803222656250000e+03
7.163634765625000000e+03
7.138058105468750000e+03
7.113110351562500000e+03
7.133914550781250000e+03
7.148315429687500000e+03
7.068449707031250000e+03
7.091874023437500000e+03
7.048956054687500000e+03
7.046719238281250000e+03
7.019005371093750000e+03
7.006585937500000000e+03
6.988491699218750000e+03
7.005890625000000000e+03
6.983512695312500000e+03
6.971528808593750000e+03
6.925321777343750000e+03
6.892568359375000000e+03
6.902433105468750000e+03
6.893327148437500000e+03
6.887800781250000000e+03
6.825870117187500000e+03
6.804069824218750000e+03
6.799376464843750000e+03
6.829030761718750000e+03
6.767638671875000000e+03
6.802622070312500000e+03
6.749731445312500000e+03
6.743808593750000000e+03
6.764202636718750000e+03
6.712687500000000000e+03
6.689614746093750000e+03
6.653076660156250000e+03
6.702413085937500000e+03
6.599667480468750000e+03
6.689191406250000000e+03
6.665514160156250000e+03
6.628639160156250000e+03
6.594652832031250000e+03
6.554454589843750000e+03
6.573787109375000000e+03
6.595593261718750000e+03
6.505013183593750000e+03
6.531825195312500000e+03
6.562479980468750000e+03
6.503832031250000000e+03
6.482863769531250000e+03
6.443189941406250000e+03
6.439942382812500000e+03
6.413278808593750000e+03
6.428855468750000000e+03
6.411146484375000000e+03
6.341917968750000000e+03
6.338165039062500000e+03
6.341337890625000000e+03
6.362323730468750000e+03
6.305737792968750000e+03
6.324383789062500000e+03
6.317465332031250000e+03
6.311647949218750000e+03
6.316125488281250000e+03
6.261982421875000000e+03
6.219122558593750000e+03
6.218191894531250000e+03
6.164989257812500000e+03
6.170108398437500000e+03
6.186264160156250000e+03
6.183209472656250000e+03
6.143235351562500000e+03
6.155673828125000000e+03
6.105049316406250000e+03
6.086828125000000000e+03
6.126193359375000000e+03
6.109995117187500000e+03
6.139053710937500000e+03
6.242680664062500000e+03
6.284302734375000000e+03
6.202775878906250000e+03
6.019395507812500000e+03
5.994626464843750000e+03
6.120527832031250000e+03
6.066017089843750000e+03
5.960583984375000000e+03
5.926428710937500000e+03
5.989946777343750000e+03
5.973467285156250000e+03
5.914233886718750000e+03
5.915232421875000000e+03
5.899845703125000000e+03
5.891290039062500000e+03
5.884996093750000000e+03
5.875379882812500000e+03
5.834551269531250000e+03
5.811118164062500000e+03
5.797921875000000000e+03
5.778585937500000000e+03
5.755245117187500000e+03
5.770156738281250000e+03
5.747386718750000000e+03
5.727746582031250000e+03
5.747854492187500000e+03
5.698376464843750000e+03
5.755949218750000000e+03
5.724551757812500000e+03
5.663442382812500000e+03
5.640036621093750000e+03
5.620989746093750000e+03
5.665208007812500000e+03
5.638053222656250000e+03
5.621275390625000000e+03
5.587572753906250000e+03
5.518181152343750000e+03
5.553325683593750000e+03
5.561867187500000000e+03
5.578095703125000000e+03
5.540677734375000000e+03
5.516077636718750000e+03
5.479708007812500000e+03
5.482049804687500000e+03
5.492150878906250000e+03
5.474522949218750000e+03
5.450516601562500000e+03
5.412111328125000000e+03
5.391513183593750000e+03
5.383406250000000000e+03
5.398656738281250000e+03
5.367926269531250000e+03
5.434905273437500000e+03
5.380885742187500000e+03
5.312529296875000000e+03
5.265018554687500000e+03
5.270237792968750000e+03
5.264743164062500000e+03
5.222761718750000000e+03
5.247122070312500000e+03
5.269011230468750000e+03
5.221451171875000000e+03
5.214218750000000000e+03
5.217845703125000000e+03
5.222449707031250000e+03
5.210444335937500000e+03
5.164582519531250000e+03
5.153069824218750000e+03
5.142445312500000000e+03
5.144041503906250000e+03
5.113427246093750000e+03
5.092442382812500000e+03
5.048629394531250000e+03
5.034095703125000000e+03
5.047042480468750000e+03
5.026990234375000000e+03
5.022256835937500000e+03
5.014038085937500000e+03
5.021270019531250000e+03
5.076285644531250000e+03
5.099580566406250000e+03
5.038436523437500000e+03
4.980016601562500000e+03
4.879429199218750000e+03
4.918541015625000000e+03
4.901412109375000000e+03
5.019735839843750000e+03
5.043878417968750000e+03
4.966995117187500000e+03
4.854344726562500000e+03
4.791934082031250000e+03
4.834261718750000000e+03
4.881178222656250000e+03
4.882001464843750000e+03
4.863359863281250000e+03
4.775119140625000000e+03
4.729313476562500000e+03
4.736378417968750000e+03
4.739007812500000000e+03
4.792102050781250000e+03
4.817458007812500000e+03
4.740857910156250000e+03
4.703000976562500000e+03
4.633746093750000000e+03
4.656123535156250000e+03
4.650391113281250000e+03
4.619214843750000000e+03
4.654634765625000000e+03
4.625746093750000000e+03
4.585894042968750000e+03
4.554340332031250000e+03
4.525827148437500000e+03
4.497582519531250000e+03
4.501830078125000000e+03
4.519919433593750000e+03
4.529492187500000000e+03
4.494522460937500000e+03
4.521646484375000000e+03
4.443271972656250000e+03
4.429144042968750000e+03
4.424246093750000000e+03
4.423655761718750000e+03
4.397540527343750000e+03
4.366937011718750000e+03
4.369703125000000000e+03
4.324530761718750000e+03
4.351567382812500000e+03
4.369941894531250000e+03
4.382977050781250000e+03
4.496181152343750000e+03
4.527125488281250000e+03
4.563121093750000000e+03
4.431510742187500000e+03
4.342096191406250000e+03
4.282411132812500000e+03
4.234440429687500000e+03
4.234541503906250000e+03
4.245208984375000000e+03
4.327261718750000000e+03
4.397997070312500000e+03
4.349553222656250000e+03
4.303041992187500000e+03
4.183419433593750000e+03
4.165548828125000000e+03
4.176121582031250000e+03
4.188422363281250000e+03
4.258214355468750000e+03
4.238907714843750000e+03
4.170626953125000000e+03
4.103194335937500000e+03
4.096771484375000000e+03
4.089071533203125000e+03
4.090000244140625000e+03
4.170938476562500000e+03
4.184318359375000000e+03
4.122383789062500000e+03
4.022327392578125000e+03
3.986456298828125000e+03
4.002006835937500000e+03
4.060137939453125000e+03
4.130528808593750000e+03
4.187702636718750000e+03
4.153466796875000000e+03
4.023675537109375000e+03
3.952069335937500000e+03
3.912822509765625000e+03
3.922576904296875000e+03
3.990452636718750000e+03
3.993302001953125000e+03
3.987252685546875000e+03
3.951964355468750000e+03
3.919312255859375000e+03
3.897401367187500000e+03
3.876738525390625000e+03
3.864320312500000000e+03
3.843925048828125000e+03
3.841531738281250000e+03
3.831593505859375000e+03
3.804931884765625000e+03
3.830786865234375000e+03
3.872510742187500000e+03
3.844323730468750000e+03
3.886363037109375000e+03
3.900944335937500000e+03
3.933390380859375000e+03
3.891351562500000000e+03
3.829158203125000000e+03
3.815781982421875000e+03
3.740104736328125000e+03
3.709150390625000000e+03
3.689907958984375000e+03
3.666849365234375000e+03
3.659062011718750000e+03
3.668090332031250000e+03
3.656532958984375000e+03
3.677790039062500000e+03
3.689541992187500000e+03
3.745062011718750000e+03
3.827189941406250000e+03
3.893154052734375000e+03
3.821315673828125000e+03
3.713952880859375000e+03
3.614210693359375000e+03
3.605251220703125000e+03
3.611244384765625000e+03
3.608239990234375000e+03
3.608110839843750000e+03
3.658979980468750000e+03
3.673766357421875000e+03
3.745422363281250000e+03
3.743363037109375000e+03
3.672505859375000000e+03
3.578453369140625000e+03
3.553348388671875000e+03
3.509755371093750000e+03
3.493547363281250000e+03
3.558872070312500000e+03
3.558285400390625000e+03
3.580090332031250000e+03
3.592594726562500000e+03
3.626535644531250000e+03
3.593575683593750000e+03
3.560936523437500000e+03
3.491340576171875000e+03
3.461919677734375000e+03
3.425806396484375000e+03
3.454083007812500000e+03
3.466868408203125000e+03
3.613623046875000000e+03
3.681008544921875000e+03
3.654541992187500000e+03
3.538014648437500000e+03
3.439080078125000000e+03
3.371693603515625000e+03
3.404882568359375000e+03
3.475731201171875000e+03
3.534247314453125000e+03
3.555436035156250000e+03
3.503793212890625000e+03
3.414002929687500000e+03
3.361512939453125000e+03
3.349416259765625000e+03
3.342473876953125000e+03
3.363477539062500000e+03
3.387911376953125000e+03
3.412089843750000000e+03
3.425411376953125000e+03
3.401280029296875000e+03
3.410600585937500000e+03
3.395542236328125000e+03
3.397259521484375000e+03
3.332641601562500000e+03
3.304328613281250000e+03
3.270626708984375000e+03
3.269665527343750000e+03
3.259780517578125000e+03
3.263248291015625000e+03
3.215805908203125000e+03
3.254610595703125000e+03
3.256247558593750000e+03
3.243350341796875000e+03
3.228069335937500000e+03
3.246635009765625000e+03
3.226385986328125000e+03
3.231148681640625000e+03
3.211545654296875000e+03
3.202775878906250000e+03
3.227154541015625000e+03
3.198005859375000000e+03
3.199432617187500000e+03
3.182813232421875000e+03
3.208440673828125000e+03
3.253825683593750000e+03
3.322047363281250000e+03
3.394173583984375000e+03
3.428056396484375000e+03
3.414554931640625000e+03
3.329284912109375000e+03
3.214914306640625000e+03
3.143988037109375000e+03
3.116276367187500000e+03
3.128996337890625000e+03
3.145377197265625000e+03
3.221118896484375000e+03
3.362383056640625000e+03
3.460329345703125000e+03
3.389354736328125000e+03
3.241406982421875000e+03
3.135604736328125000e+03
3.050239257812500000e+03
3.105367919921875000e+03
3.158953369140625000e+03
3.281251708984375000e+03
3.319441406250000000e+03
3.236906738281250000e+03
3.142812744140625000e+03
3.079176025390625000e+03
3.047591552734375000e+03
3.047882568359375000e+03
3.050576904296875000e+03
3.117145019531250000e+03
3.140989013671875000e+03
3.173773193359375000e+03
3.140146240234375000e+03
3.072364746093750000e+03
3.041928222656250000e+03
3.008967529296875000e+03
2.977151367187500000e+03
2.995227539062500000e+03
3.026492187500000000e+03
3.081255859375000000e+03
3.135438720703125000e+03
3.181028564453125000e+03
3.169499023437500000e+03
3.073197265625000000e+03
3.017925537109375000e+03
2.966971191406250000e+03
2.956216064453125000e+03
2.938343017578125000e+03
2.938902343750000000e+03
2.932742675781250000e+03
2.947171875000000000e+03
2.966603515625000000e+03
3.019483642578125000e+03
3.096609619140625000e+03
3.117961914062500000e+03
3.134284179687500000e+03
3.093856933593750000e+03
3.014286376953125000e+03
2.917970703125000000e+03
2.869625976562500000e+03
2.871114746093750000e+03
2.878500732421875000e+03
2.863246337890625000e+03
2.906363525390625000e+03
2.934466552734375000e+03
2.942080566406250000e+03
2.978213867187500000e+03
3.005896972656250000e+03
2.986406738281250000e+03
2.938064941406250000e+03
2.899201904296875000e+03
2.858723632812500000e+03
2.826768554687500000e+03
2.802851318359375000e+03
2.800509521484375000e+03
2.838117919921875000e+03
2.857334716796875000e+03
2.876917724609375000e+03
2.911667236328125000e+03
2.963382568359375000e+03
3.007341308593750000e+03
2.955079345703125000e+03
2.865782226562500000e+03
2.813201416015625000e+03
2.778451171875000000e+03
2.770877929687500000e+03
2.853782714843750000e+03
2.877997558593750000e+03
2.945911865234375000e+03
2.970222656250000000e+03
2.940585937500000000e+03
2.850213378906250000e+03
2.793015625000000000e+03
2.740108886718750000e+03
2.725099609375000000e+03
2.743011962890625000e+03
2.761379638671875000e+03
2.815162597656250000e+03
2.854616699218750000e+03
2.929172851562500000e+03
2.933236328125000000e+03
2.917096679687500000e+03
2.846720214843750000e+03
2.744487792968750000e+03
2.692691406250000000e+03
2.670041503906250000e+03
2.708356445312500000e+03
2.775534179687500000e+03
2.859226318359375000e+03
2.877489013671875000e+03
2.872497558593750000e+03
2.783095458984375000e+03
2.721000244140625000e+03
2.658245361328125000e+03
2.636314208984375000e+03
2.664050537109375000e+03
2.668919921875000000e+03
2.748834960937500000e+03
2.837237060546875000e+03
2.900252197265625000e+03
2.866116210937500000e+03
2.803956054687500000e+03
2.717875244140625000e+03
2.691256835937500000e+03
2.606020996093750000e+03
2.588375732421875000e+03
2.622640869140625000e+03
2.695728515625000000e+03
2.788015625000000000e+03
2.824345214843750000e+03
2.814227294921875000e+03
2.711382080078125000e+03
2.632351562500000000e+03
2.545629394531250000e+03
2.547273437500000000e+03
2.609876220703125000e+03
2.696415283203125000e+03
2.875968017578125000e+03
2.877266357421875000e+03
2.763566894531250000e+03
2.612499267578125000e+03
2.525985595703125000e+03
2.535419189453125000e+03
2.552390869140625000e+03
2.566094238281250000e+03
2.601156494140625000e+03
2.676446044921875000e+03
2.691511474609375000e+03
2.666511718750000000e+03
2.622206054687500000e+03
2.583916503906250000e+03
2.532062255859375000e+03
2.525500732421875000e+03
2.495724853515625000e+03
2.484045898437500000e+03
2.469587890625000000e+03
2.461265380859375000e+03
2.476960205078125000e+03
2.503387695312500000e+03
2.542627685546875000e+03
2.527038085937500000e+03
2.521626220703125000e+03
2.539846191406250000e+03
2.556259765625000000e+03
2.563503417968750000e+03
2.559169677734375000e+03
2.529515380859375000e+03
2.571837402343750000e+03
2.563476074218750000e+03
2.584000732421875000e+03
2.574914062500000000e+03
2.568809814453125000e+03
2.582162109375000000e+03
2.561061035156250000e+03
2.523234375000000000e+03
2.498920166015625000e+03
2.451000244140625000e+03
2.425531005859375000e+03
2.398940917968750000e+03
2.370478759765625000e+03
2.356124023437500000e+03
2.383249511718750000e+03
2.385085449218750000e+03
2.401203613281250000e+03
2.439354003906250000e+03
2.432831054687500000e+03
2.541084228515625000e+03
2.614514404296875000e+03
2.664568847656250000e+03
2.581578857421875000e+03
2.479783203125000000e+03
2.402600585937500000e+03
2.355309570312500000e+03
2.338727783203125000e+03
2.320388427734375000e+03
2.324108886718750000e+03
2.326188476562500000e+03
2.326166992187500000e+03
2.352768066406250000e+03
2.392682861328125000e+03
2.475840820312500000e+03
2.609458251953125000e+03
2.670660400390625000e+03
2.622555175781250000e+03
2.471803222656250000e+03
2.362805908203125000e+03
2.298894042968750000e+03
2.275931396484375000e+03
2.280447021484375000e+03
2.270101562500000000e+03
2.281529785156250000e+03
2.301183593750000000e+03
2.355531250000000000e+03
2.422840820312500000e+03
2.578563476562500000e+03
2.582023437500000000e+03
2.508186523437500000e+03
2.368919921875000000e+03
2.296196533203125000e+03
2.237052246093750000e+03
2.251570556640625000e+03
2.231194580078125000e+03
2.226851074218750000e+03
2.226062011718750000e+03
2.217476562500000000e+03
2.251795166015625000e+03
2.280687744140625000e+03
2.403558837890625000e+03
2.516091064453125000e+03
2.612467529296875000e+03
2.508326904296875000e+03
2.383944580078125000e+03
2.262810058593750000e+03
2.225521240234375000e+03
2.204882812500000000e+03
2.202482910156250000e+03
2.180401367187500000e+03
2.190629150390625000e+03
2.211585693359375000e+03
2.248738769531250000e+03
2.346356689453125000e+03
2.424512695312500000e+03
2.517215087890625000e+03
2.504464599609375000e+03
2.350896240234375000e+03
2.234363769531250000e+03
2.170072753906250000e+03
2.146991455078125000e+03
2.138341552734375000e+03
2.147652099609375000e+03
2.182970214843750000e+03
2.283269042968750000e+03
2.498145751953125000e+03
2.588021728515625000e+03
2.450268066406250000e+03
2.246530029296875000e+03
2.155490234375000000e+03
2.102434570312500000e+03
2.142521728515625000e+03
2.265929199218750000e+03
2.436470214843750000e+03
2.570388183593750000e+03
2.416603271484375000e+03
2.224158691406250000e+03
2.132447753906250000e+03
2.114561279296875000e+03
2.093990722656250000e+03
2.067236572265625000e+03
2.074170410156250000e+03
2.067716064453125000e+03
2.069411865234375000e+03
2.073432861328125000e+03
2.113359130859375000e+03
2.234454345703125000e+03
2.349287841796875000e+03
2.416041748046875000e+03
2.357635742187500000e+03
2.262986083984375000e+03
2.148076904296875000e+03
2.112199218750000000e+03
2.073697265625000000e+03
2.067563232421875000e+03
2.065419189453125000e+03
2.092422119140625000e+03
2.157268554687500000e+03
2.263041259765625000e+03
2.341804199218750000e+03
2.294082519531250000e+03
2.200276123046875000e+03
2.087433593750000000e+03
2.048132080078125000e+03
2.015385864257812500e+03
2.003080688476562500e+03
1.994636962890625000e+03
1.989449829101562500e+03
1.984289306640625000e+03
2.002388427734375000e+03
1.993561523437500000e+03
2.040039794921875000e+03
2.140349853515625000e+03
2.318709228515625000e+03
2.398765869140625000e+03
2.308190917968750000e+03
2.134614257812500000e+03
2.016416015625000000e+03
1.964793090820312500e+03
1.962124755859375000e+03
1.980475463867187500e+03
1.996245849609375000e+03
2.036474365234375000e+03
2.199334228515625000e+03
2.381446533203125000e+03
2.367150878906250000e+03
2.146827880859375000e+03
2.021897460937500000e+03
1.966184448242187500e+03
1.956976196289062500e+03
1.943567504882812500e+03
1.928302978515625000e+03
1.945077270507812500e+03
1.984903198242187500e+03
2.086174560546875000e+03
2.273631591796875000e+03
2.360414794921875000e+03
2.254790283203125000e+03
2.075456054687500000e+03
1.950749267578125000e+03
1.928969848632812500e+03
1.919770141601562500e+03
1.918130859375000000e+03
1.963357421875000000e+03
2.051320800781250000e+03
2.219927490234375000e+03
2.323210693359375000e+03
2.238147460937500000e+03
2.029041503906250000e+03
1.940298706054687500e+03
1.901834594726562500e+03
1.884970825195312500e+03
1.884843994140625000e+03
1.905473999023437500e+03
1.949547485351562500e+03
2.030843505859375000e+03
2.130135986328125000e+03
2.219676025390625000e+03
2.219868896484375000e+03
2.089258544921875000e+03
1.987313964843750000e+03
1.928550170898437500e+03
1.876968505859375000e+03
1.866577758789062500e+03
1.890831176757812500e+03
1.935081665039062500e+03
2.045060180664062500e+03
2.198166259765625000e+03
2.226341064453125000e+03
2.062784423828125000e+03
1.917830322265625000e+03
1.840542602539062500e+03
1.823109008789062500e+03
1.802990600585937500e+03
1.825561523437500000e+03
1.905201782226562500e+03
2.021181274414062500e+03
2.130582031250000000e+03
2.164236328125000000e+03
2.050912597656250000e+03
1.928716430664062500e+03
1.860580322265625000e+03
1.851860595703125000e+03
1.824007324218750000e+03
1.833541992187500000e+03
1.883212646484375000e+03
1.940395996093750000e+03
2.045098510742187500e+03
2.066916503906250000e+03
2.035774658203125000e+03
1.971671142578125000e+03
1.895421264648437500e+03
1.844366699218750000e+03
1.849137329101562500e+03
1.839874267578125000e+03
1.869070678710937500e+03
1.921905029296875000e+03
2.008932983398437500e+03
2.065374267578125000e+03
2.059693603515625000e+03
1.961186157226562500e+03
1.876479370117187500e+03
1.822665649414062500e+03
1.783817993164062500e+03
1.779166259765625000e+03
1.776333007812500000e+03
1.787544311523437500e+03
1.847598999023437500e+03
1.933903320312500000e+03
2.062301757812500000e+03
2.046337768554687500e+03
1.937472778320312500e+03
1.835953491210937500e+03
1.776370117187500000e+03
1.753943603515625000e+03
1.762978027343750000e+03
1.777047363281250000e+03
1.836462524414062500e+03
1.925367797851562500e+03
2.013957031250000000e+03
1.986022338867187500e+03
1.898364624023437500e+03
1.826714355468750000e+03
1.775015014648437500e+03
1.760171020507812500e+03
1.784170654296875000e+03
1.819363159179687500e+03
1.902013305664062500e+03
1.942531005859375000e+03
1.969215454101562500e+03
1.918166870117187500e+03
1.849995605468750000e+03
1.813182495117187500e+03
1.767149780273437500e+03
1.726502319335937500e+03
1.736483276367187500e+03
1.765935424804687500e+03
1.816271362304687500e+03
1.874810302734375000e+03
1.931181030273437500e+03
1.940975585937500000e+03
1.912693115234375000e+03
1.822014648437500000e+03
1.775978149414062500e+03
1.721610839843750000e+03
1.717795288085937500e+03
1.726304687500000000e+03
1.756013305664062500e+03
1.819295776367187500e+03
1.877197631835937500e+03
1.887020507812500000e+03
1.848328369140625000e+03
1.803951782226562500e+03
1.763675537109375000e+03
1.738175292968750000e+03
1.750764648437500000e+03
1.757424926757812500e+03
1.778752319335937500e+03
1.838827026367187500e+03
1.886305419921875000e+03
1.854437255859375000e+03
1.804747436523437500e+03
1.742922363281250000e+03
1.733621948242187500e+03
1.713554199218750000e+03
1.726084472656250000e+03
1.731204833984375000e+03
1.775541625976562500e+03
1.791123535156250000e+03
1.831406982421875000e+03
1.814612426757812500e+03
1.770867431640625000e+03
1.727727783203125000e+03
1.697448974609375000e+03
1.700282470703125000e+03
1.733944702148437500e+03
1.779104858398437500e+03
1.826715332031250000e+03
1.806438476562500000e+03
1.772071166992187500e+03
1.717002319335937500e+03
1.705407104492187500e+03
1.683956298828125000e+03
1.687967163085937500e+03
1.700544311523437500e+03
1.739715942382812500e+03
1.772700317382812500e+03
1.807487182617187500e+03
1.763271484375000000e+03
1.746280151367187500e+03
1.684209472656250000e+03
1.656865844726562500e+03
1.613459106445312500e+03
1.628226440429687500e+03
1.638401611328125000e+03
1.666947631835937500e+03
1.732206787109375000e+03
1.818317871093750000e+03
1.817929199218750000e+03
1.798776855468750000e+03
1.682798339843750000e+03
1.636221435546875000e+03
1.582572875976562500e+03
1.581584594726562500e+03
1.569711303710937500e+03
1.566136962890625000e+03
1.590950439453125000e+03
1.633537597656250000e+03
1.731775634765625000e+03
1.884519287109375000e+03
1.880855834960937500e+03
1.777918823242187500e+03
1.637745605468750000e+03
1.569000122070312500e+03
1.521136108398437500e+03
1.511783325195312500e+03
1.502271118164062500e+03
1.506851196289062500e+03
