2.221629500000000000e+06
2.225666250000000000e+06
2.237764500000000000e+06
2.237283250000000000e+06
2.216897250000000000e+06
2.235200750000000000e+06
2.220162250000000000e+06
2.234104250000000000e+06
2.218459500000000000e+06
2.240469750000000000e+06
2.226659750000000000e+06
2.219092000000000000e+06
2.218742500000000000e+06
2.225909250000000000e+06
2.229026500000000000e+06
2.228304250000000000e+06
2.227925000000000000e+06
2.216515500000000000e+06
2.226954500000000000e+06
2.221958000000000000e+06
2.218261500000000000e+06
2.209404500000000000e+06
2.212119500000000000e+06
2.216844000000000000e+06
2.223326000000000000e+06
2.211446250000000000e+06
2.219952500000000000e+06
2.224156500000000000e+06
2.212031000000000000e+06
2.225465250000000000e+06
2.225538250000000000e+06
2.209684000000000000e+06
2.225525250000000000e+06
2.216921500000000000e+06
2.207890750000000000e+06
2.223826500000000000e+06
2.216167500000000000e+06
2.216881750000000000e+06
2.216400250000000000e+06
2.219633500000000000e+06
2.210501750000000000e+06
2.219300750000000000e+06
2.227075000000000000e+06
2.208940000000000000e+06
2.216000750000000000e+06
2.225937500000000000e+06
2.211097250000000000e+06
2.215836750000000000e+06
2.208967750000000000e+06
2.209419000000000000e+06
2.218282250000000000e+06
2.215914250000000000e+06
2.210410750000000000e+06
2.216890250000000000e+06
2.218206750000000000e+06
2.204974500000000000e+06
2.218780250000000000e+06
2.208934250000000000e+06
2.205273250000000000e+06
2.212626000000000000e+06
2.207431750000000000e+06
2.200121250000000000e+06
2.219877500000000000e+06
2.210026750000000000e+06
2.206829250000000000e+06
2.210697000000000000e+06
2.203702250000000000e+06
2.204767500000000000e+06
2.218296750000000000e+06
2.212868500000000000e+06
2.203440500000000000e+06
2.205306750000000000e+06
2.205794000000000000e+06
2.200931500000000000e+06
2.198305000000000000e+06
2.195882500000000000e+06
2.205775000000000000e+06
2.201298250000000000e+06
2.212423000000000000e+06
2.207625250000000000e+06
2.206023250000000000e+06
2.212016000000000000e+06
2.203105500000000000e+06
2.199539750000000000e+06
2.203528000000000000e+06
2.190557750000000000e+06
2.207107500000000000e+06
2.201640000000000000e+06
2.209642750000000000e+06
2.208094750000000000e+06
2.210565250000000000e+06
2.195892250000000000e+06
2.203117250000000000e+06
2.195080500000000000e+06
2.200499500000000000e+06
2.210199250000000000e+06
2.195392250000000000e+06
2.191986500000000000e+06
2.199032750000000000e+06
2.195084750000000000e+06
2.201410500000000000e+06
2.200916250000000000e+06
2.185272250000000000e+06
2.202649250000000000e+06
2.194224500000000000e+06
2.196741000000000000e+06
2.198504000000000000e+06
2.191010750000000000e+06
2.189831000000000000e+06
2.198595500000000000e+06
2.193606000000000000e+06
2.203357750000000000e+06
2.186368250000000000e+06
2.190698250000000000e+06
2.195591000000000000e+06
2.197890000000000000e+06
2.190835750000000000e+06
2.187859750000000000e+06
2.188688500000000000e+06
2.193112500000000000e+06
2.181235500000000000e+06
2.188264000000000000e+06
2.199572000000000000e+06
2.196656750000000000e+06
2.182925750000000000e+06
2.190708500000000000e+06
2.194637000000000000e+06
2.196832750000000000e+06
2.187894750000000000e+06
2.196785750000000000e+06
2.195256750000000000e+06
2.184746250000000000e+06
2.194719500000000000e+06
2.187899750000000000e+06
2.193566750000000000e+06
2.190426500000000000e+06
2.185236750000000000e+06
2.193774750000000000e+06
2.179611000000000000e+06
2.183799750000000000e+06
2.169490500000000000e+06
2.187360000000000000e+06
2.191301000000000000e+06
2.191451250000000000e+06
2.187154000000000000e+06
2.183107500000000000e+06
2.176185750000000000e+06
2.186342000000000000e+06
2.174159250000000000e+06
2.174815500000000000e+06
2.179795000000000000e+06
2.185088000000000000e+06
2.188643250000000000e+06
2.174910000000000000e+06
2.175794500000000000e+06
2.183990750000000000e+06
2.193540750000000000e+06
2.176503500000000000e+06
2.183911500000000000e+06
2.178247000000000000e+06
2.180762750000000000e+06
2.187009250000000000e+06
2.181020750000000000e+06
2.184768250000000000e+06
2.172473000000000000e+06
2.184502750000000000e+06
2.171698750000000000e+06
2.176299500000000000e+06
2.177667500000000000e+06
2.173701750000000000e+06
2.171283500000000000e+06
2.188515750000000000e+06
2.180036500000000000e+06
2.167561750000000000e+06
2.173979500000000000e+06
2.166104750000000000e+06
2.185182250000000000e+06
2.181472500000000000e+06
2.171210250000000000e+06
2.176449000000000000e+06
2.182109750000000000e+06
2.164662750000000000e+06
2.170830250000000000e+06
2.171784250000000000e+06
2.167967500000000000e+06
2.178478500000000000e+06
2.183643500000000000e+06
2.175008250000000000e+06
2.177886750000000000e+06
2.171633250000000000e+06
2.165153500000000000e+06
2.168423500000000000e+06
2.172478750000000000e+06
2.178221250000000000e+06
2.175844750000000000e+06
2.163226000000000000e+06
2.175261250000000000e+06
2.174012500000000000e+06
2.158857250000000000e+06
2.164887000000000000e+06
2.159121250000000000e+06
2.171535500000000000e+06
2.163114750000000000e+06
2.164612750000000000e+06
2.162824500000000000e+06
2.169795500000000000e+06
2.160713500000000000e+06
2.160302750000000000e+06
2.167879750000000000e+06
2.153048500000000000e+06
2.158028750000000000e+06
2.152111750000000000e+06
2.155067250000000000e+06
2.155074250000000000e+06
2.167563000000000000e+06
2.166321250000000000e+06
2.159069000000000000e+06
2.162167250000000000e+06
2.160140250000000000e+06
2.157339500000000000e+06
2.165114250000000000e+06
2.154907250000000000e+06
2.148270500000000000e+06
2.158621750000000000e+06
2.159708000000000000e+06
2.153283750000000000e+06
2.164269750000000000e+06
2.158443000000000000e+06
2.158358750000000000e+06
2.157001500000000000e+06
2.161442000000000000e+06
2.153088000000000000e+06
2.160646750000000000e+06
2.158999750000000000e+06
2.162904500000000000e+06
2.148105250000000000e+06
2.149520750000000000e+06
2.156786750000000000e+06
2.159219000000000000e+06
2.161742000000000000e+06
2.147925250000000000e+06
2.165333250000000000e+06
2.147200750000000000e+06
2.160691250000000000e+06
2.156218250000000000e+06
2.143592000000000000e+06
2.160805750000000000e+06
2.148295750000000000e+06
2.152112500000000000e+06
2.145042500000000000e+06
2.147881500000000000e+06
2.155247500000000000e+06
2.152432000000000000e+06
2.145507750000000000e+06
2.138507750000000000e+06
2.145561750000000000e+06
2.150632250000000000e+06
2.146730000000000000e+06
2.148333250000000000e+06
2.142600250000000000e+06
2.139189000000000000e+06
2.147496750000000000e+06
2.146765000000000000e+06
2.140182750000000000e+06
2.147327750000000000e+06
2.150711500000000000e+06
2.145571750000000000e+06
2.146555250000000000e+06
2.152520750000000000e+06
2.141158750000000000e+06
2.142078500000000000e+06
2.145305500000000000e+06
2.141660250000000000e+06
2.142601250000000000e+06
2.136908500000000000e+06
2.146682500000000000e+06
2.142610000000000000e+06
2.135798750000000000e+06
2.144542500000000000e+06
2.142308250000000000e+06
2.141967250000000000e+06
2.141245250000000000e+06
2.141461750000000000e+06
2.143141000000000000e+06
2.135572750000000000e+06
2.139868250000000000e+06
2.150082500000000000e+06
2.144659000000000000e+06
2.145187750000000000e+06
2.144741000000000000e+06
2.142233500000000000e+06
2.132600750000000000e+06
2.139219500000000000e+06
2.133590250000000000e+06
2.136070750000000000e+06
2.138718750000000000e+06
2.127505500000000000e+06
2.133945250000000000e+06
2.128128250000000000e+06
2.130722000000000000e+06
2.129353250000000000e+06
2.125536500000000000e+06
2.129661250000000000e+06
2.126903000000000000e+06
2.131312250000000000e+06
2.124948500000000000e+06
2.122710500000000000e+06
2.124920750000000000e+06
2.139575500000000000e+06
2.135011250000000000e+06
2.130067500000000000e+06
2.133191250000000000e+06
2.134838500000000000e+06
2.122879000000000000e+06
2.143250750000000000e+06
2.121522250000000000e+06
2.123619750000000000e+06
2.132985750000000000e+06
2.130873500000000000e+06
2.127472250000000000e+06
2.130405250000000000e+06
2.129613000000000000e+06
2.132853000000000000e+06
2.117818750000000000e+06
2.131943750000000000e+06
2.120202000000000000e+06
2.133489750000000000e+06
2.121301250000000000e+06
2.125538250000000000e+06
2.123277750000000000e+06
2.121040000000000000e+06
2.133791500000000000e+06
2.124320000000000000e+06
2.126279000000000000e+06
2.131494000000000000e+06
2.118835750000000000e+06
2.121006750000000000e+06
2.123240500000000000e+06
2.114014750000000000e+06
2.119508750000000000e+06
2.119186250000000000e+06
2.125431250000000000e+06
2.124563250000000000e+06
2.125688250000000000e+06
2.114789250000000000e+06
2.111096250000000000e+06
2.114688750000000000e+06
2.119766500000000000e+06
2.125474500000000000e+06
2.118572000000000000e+06
2.119199750000000000e+06
2.115968750000000000e+06
2.114613000000000000e+06
2.112279000000000000e+06
2.112162500000000000e+06
2.119159250000000000e+06
2.113928250000000000e+06
2.124130000000000000e+06
2.116808750000000000e+06
2.108878500000000000e+06
2.119786500000000000e+06
2.110103250000000000e+06
2.115802250000000000e+06
2.112644500000000000e+06
2.114895500000000000e+06
2.113534250000000000e+06
2.113057500000000000e+06
2.112794000000000000e+06
2.116564500000000000e+06
2.116645250000000000e+06
2.112290750000000000e+06
2.122162250000000000e+06
2.103452500000000000e+06
2.110135000000000000e+06
2.105970250000000000e+06
2.112758250000000000e+06
2.119559750000000000e+06
2.094030875000000000e+06
2.109674750000000000e+06
2.097420500000000000e+06
2.099770500000000000e+06
2.113473750000000000e+06
2.108307000000000000e+06
2.115931750000000000e+06
2.125757000000000000e+06
2.111104500000000000e+06
2.105152250000000000e+06
2.107557500000000000e+06
2.119058000000000000e+06
2.098903500000000000e+06
2.097697000000000000e+06
2.097038500000000000e+06
2.103587500000000000e+06
2.106763500000000000e+06
2.105508250000000000e+06
2.102521750000000000e+06
2.109131500000000000e+06
2.107369750000000000e+06
2.092553000000000000e+06
2.118105500000000000e+06
2.111316500000000000e+06
2.100497000000000000e+06
2.104427500000000000e+06
2.107416000000000000e+06
2.095020375000000000e+06
2.090297375000000000e+06
2.097351250000000000e+06
2.096309250000000000e+06
2.101678500000000000e+06
2.097600500000000000e+06
2.098565000000000000e+06
2.101667500000000000e+06
2.094946625000000000e+06
2.111134750000000000e+06
2.093550625000000000e+06
2.103341000000000000e+06
2.104730500000000000e+06
2.096672125000000000e+06
2.105401250000000000e+06
2.099578750000000000e+06
2.100344250000000000e+06
2.087773125000000000e+06
2.105604500000000000e+06
2.107987250000000000e+06
2.087214750000000000e+06
2.101129750000000000e+06
2.096150500000000000e+06
2.102990250000000000e+06
2.096695125000000000e+06
2.096335625000000000e+06
2.093586125000000000e+06
2.099402000000000000e+06
2.097107375000000000e+06
2.086951000000000000e+06
2.096635500000000000e+06
2.091462625000000000e+06
2.091821250000000000e+06
2.097798750000000000e+06
2.086183750000000000e+06
2.078957000000000000e+06
2.081873750000000000e+06
2.092027000000000000e+06
2.093206000000000000e+06
2.084218500000000000e+06
2.079731500000000000e+06
2.090117250000000000e+06
2.093682125000000000e+06
2.097711000000000000e+06
2.087975250000000000e+06
2.092224375000000000e+06
2.088101125000000000e+06
2.093545625000000000e+06
2.093545750000000000e+06
2.086339500000000000e+06
2.076138000000000000e+06
2.073646875000000000e+06
2.084052500000000000e+06
2.073026250000000000e+06
2.082492750000000000e+06
2.081077875000000000e+06
2.088622250000000000e+06
2.084902375000000000e+06
2.093206125000000000e+06
2.086093000000000000e+06
2.085481625000000000e+06
2.077560125000000000e+06
2.074425375000000000e+06
2.074875875000000000e+06
2.081203125000000000e+06
2.082422875000000000e+06
2.082399500000000000e+06
2.077111625000000000e+06
2.084780875000000000e+06
2.079147625000000000e+06
2.082700125000000000e+06
2.081428000000000000e+06
2.084498625000000000e+06
2.081588250000000000e+06
2.073906375000000000e+06
2.077760125000000000e+06
2.080372000000000000e+06
2.072723375000000000e+06
2.083202500000000000e+06
2.074341375000000000e+06
2.074538500000000000e+06
2.077660000000000000e+06
2.083224250000000000e+06
2.081771125000000000e+06
2.081660625000000000e+06
2.068184875000000000e+06
2.068418875000000000e+06
2.069253750000000000e+06
2.076550000000000000e+06
2.079844375000000000e+06
2.073093750000000000e+06
2.071027000000000000e+06
2.069733875000000000e+06
2.070207125000000000e+06
2.079004500000000000e+06
2.070726750000000000e+06
2.081165750000000000e+06
2.076765875000000000e+06
2.073517500000000000e+06
2.079276375000000000e+06
2.079192875000000000e+06
2.074698000000000000e+06
2.065486375000000000e+06
2.066093875000000000e+06
2.067642000000000000e+06
2.074801625000000000e+06
2.070850250000000000e+06
2.067097375000000000e+06
2.067657375000000000e+06
2.073595000000000000e+06
2.065756125000000000e+06
2.068149375000000000e+06
2.069863750000000000e+06
2.061698750000000000e+06
2.078743500000000000e+06
2.064638500000000000e+06
2.064733875000000000e+06
2.054733000000000000e+06
2.066373750000000000e+06
2.072023375000000000e+06
2.060539750000000000e+06
2.066329875000000000e+06
2.063487500000000000e+06
2.060258625000000000e+06
2.069559125000000000e+06
2.065816000000000000e+06
2.055641875000000000e+06
2.062738750000000000e+06
2.069140125000000000e+06
2.060325375000000000e+06
2.069187250000000000e+06
2.063603375000000000e+06
2.066353625000000000e+06
2.051118875000000000e+06
2.060406625000000000e+06
2.060240500000000000e+06
2.061199375000000000e+06
2.064949000000000000e+06
2.051324000000000000e+06
2.073737000000000000e+06
2.061061250000000000e+06
2.047769375000000000e+06
2.056846500000000000e+06
2.052880000000000000e+06
2.064057875000000000e+06
2.054568250000000000e+06
2.057432750000000000e+06
2.054185625000000000e+06
2.049877125000000000e+06
2.064163250000000000e+06
2.053670875000000000e+06
2.058503125000000000e+06
2.055930000000000000e+06
2.055073250000000000e+06
2.053032625000000000e+06
2.047374625000000000e+06
2.053440625000000000e+06
2.049621000000000000e+06
2.064492000000000000e+06
2.047080625000000000e+06
2.054562625000000000e+06
2.047459625000000000e+06
2.041707125000000000e+06
2.051754500000000000e+06
2.037112125000000000e+06
2.069325125000000000e+06
2.055717375000000000e+06
2.043172000000000000e+06
2.049371500000000000e+06
2.056587750000000000e+06
2.039700000000000000e+06
2.057373875000000000e+06
2.051677875000000000e+06
2.049719625000000000e+06
2.049046125000000000e+06
2.034453000000000000e+06
2.064076625000000000e+06
2.032767250000000000e+06
2.045782875000000000e+06
2.043936750000000000e+06
2.052975875000000000e+06
2.043785500000000000e+06
2.052154125000000000e+06
2.052044625000000000e+06
2.043963875000000000e+06
2.058480250000000000e+06
2.055234875000000000e+06
2.051030500000000000e+06
2.053069125000000000e+06
2.038154000000000000e+06
2.049491625000000000e+06
2.043619000000000000e+06
2.041746125000000000e+06
2.045348125000000000e+06
2.048272500000000000e+06
2.041488500000000000e+06
2.042079750000000000e+06
2.033248125000000000e+06
2.043759750000000000e+06
2.044325125000000000e+06
2.046026500000000000e+06
2.043525500000000000e+06
2.043521125000000000e+06
2.037261250000000000e+06
2.037346750000000000e+06
2.037422250000000000e+06
2.046731250000000000e+06
2.032031375000000000e+06
2.027188000000000000e+06
2.041262000000000000e+06
2.036659125000000000e+06
2.055653875000000000e+06
2.036104625000000000e+06
2.048344750000000000e+06
2.028910875000000000e+06
2.024918000000000000e+06
2.013605875000000000e+06
2.027325750000000000e+06
2.041485500000000000e+06
2.034625500000000000e+06
2.035862375000000000e+06
2.024651125000000000e+06
2.029196625000000000e+06
2.037294625000000000e+06
2.029305375000000000e+06
2.031179875000000000e+06
2.030798875000000000e+06
2.032021500000000000e+06
2.031937500000000000e+06
2.019664875000000000e+06
2.029533625000000000e+06
2.027799875000000000e+06
2.026466125000000000e+06
2.041032000000000000e+06
2.030051875000000000e+06
2.026462125000000000e+06
2.028420875000000000e+06
2.018766375000000000e+06
2.033415625000000000e+06
2.026106125000000000e+06
2.037920625000000000e+06
2.032584500000000000e+06
2.029638000000000000e+06
2.027041375000000000e+06
2.022074875000000000e+06
2.028075500000000000e+06
2.019597125000000000e+06
2.028519000000000000e+06
2.028474500000000000e+06
2.045770375000000000e+06
2.028692125000000000e+06
2.024069625000000000e+06
2.025241250000000000e+06
2.019193500000000000e+06
2.031133500000000000e+06
2.016483500000000000e+06
2.035815250000000000e+06
2.030278000000000000e+06
2.013082375000000000e+06
2.023462000000000000e+06
2.014965625000000000e+06
2.024317750000000000e+06
2.017921500000000000e+06
2.015634750000000000e+06
2.023130125000000000e+06
2.033569125000000000e+06
2.028624375000000000e+06
2.012964000000000000e+06
2.020011500000000000e+06
2.014413625000000000e+06
2.026728625000000000e+06
2.009456500000000000e+06
2.033090375000000000e+06
2.016702125000000000e+06
2.021334125000000000e+06
2.017540375000000000e+06
2.006398250000000000e+06
2.011408750000000000e+06
2.022649375000000000e+06
2.023024750000000000e+06
2.016970250000000000e+06
2.011436750000000000e+06
2.020364625000000000e+06
2.016293125000000000e+06
2.010428000000000000e+06
2.009316375000000000e+06
2.026544625000000000e+06
2.017062000000000000e+06
2.025646750000000000e+06
2.018151625000000000e+06
2.007166625000000000e+06
2.007998250000000000e+06
2.015605750000000000e+06
2.009813125000000000e+06
2.005716500000000000e+06
2.013581000000000000e+06
2.014459500000000000e+06
2.016158875000000000e+06
2.011304125000000000e+06
2.013592000000000000e+06
2.007243250000000000e+06
2.000864750000000000e+06
2.011721250000000000e+06
2.013988125000000000e+06
2.004314750000000000e+06
2.007262000000000000e+06
2.004722125000000000e+06
2.009143125000000000e+06
2.003341250000000000e+06
2.013560500000000000e+06
2.016709125000000000e+06
2.016807625000000000e+06
1.998837000000000000e+06
1.993619125000000000e+06
2.007233875000000000e+06
2.012825875000000000e+06
2.015229250000000000e+06
2.000397250000000000e+06
2.001842500000000000e+06
2.011707375000000000e+06
1.997063500000000000e+06
2.010999750000000000e+06
1.996394125000000000e+06
1.999245000000000000e+06
2.015538125000000000e+06
2.002203250000000000e+06
2.013903000000000000e+06
2.003766375000000000e+06
2.010218250000000000e+06
2.003870125000000000e+06
1.998525625000000000e+06
1.997872500000000000e+06
2.009935000000000000e+06
1.996680875000000000e+06
1.993995250000000000e+06
1.995680375000000000e+06
2.000650250000000000e+06
1.992810000000000000e+06
1.996610375000000000e+06
1.999837000000000000e+06
2.004276250000000000e+06
2.008666625000000000e+06
2.002676375000000000e+06
2.002415750000000000e+06
1.995936375000000000e+06
1.999133125000000000e+06
1.997923000000000000e+06
1.998751000000000000e+06
1.982095625000000000e+06
1.998360250000000000e+06
1.989968000000000000e+06
1.993713125000000000e+06
1.992456000000000000e+06
1.999905750000000000e+06
2.005494375000000000e+06
1.994725500000000000e+06
2.002699750000000000e+06
2.002299750000000000e+06
1.992538125000000000e+06
1.991800625000000000e+06
1.998408000000000000e+06
1.991288500000000000e+06
1.990783500000000000e+06
1.997007125000000000e+06
1.993818625000000000e+06
1.988217125000000000e+06
1.982989000000000000e+06
1.989076750000000000e+06
1.985067375000000000e+06
1.988583625000000000e+06
1.988837500000000000e+06
1.991402250000000000e+06
1.999095125000000000e+06
1.992518125000000000e+06
1.987507000000000000e+06
1.989879125000000000e+06
1.984329500000000000e+06
1.989097250000000000e+06
1.987866750000000000e+06
1.988177750000000000e+06
1.986945875000000000e+06
1.987019625000000000e+06
1.989771125000000000e+06
1.973011250000000000e+06
1.975196250000000000e+06
1.981999625000000000e+06
1.989190250000000000e+06
1.982359250000000000e+06
1.983514625000000000e+06
1.978349375000000000e+06
1.985753750000000000e+06
1.973408250000000000e+06
1.986569750000000000e+06
1.983957000000000000e+06
1.989650750000000000e+06
1.979716625000000000e+06
1.981078875000000000e+06
1.980542625000000000e+06
1.978033250000000000e+06
1.981869500000000000e+06
1.982176625000000000e+06
1.972323500000000000e+06
1.993860750000000000e+06
1.978287375000000000e+06
1.972757875000000000e+06
1.982810750000000000e+06
1.978984625000000000e+06
1.977726250000000000e+06
1.971156750000000000e+06
1.983077875000000000e+06
1.976975000000000000e+06
1.977556625000000000e+06
1.965985625000000000e+06
1.973354250000000000e+06
1.966121500000000000e+06
1.974225750000000000e+06
1.967512000000000000e+06
1.971055750000000000e+06
1.971542375000000000e+06
1.970605000000000000e+06
1.967325625000000000e+06
1.974599000000000000e+06
1.973614625000000000e+06
1.977162875000000000e+06
1.972290250000000000e+06
1.967498750000000000e+06
1.971024000000000000e+06
1.975248375000000000e+06
1.975568875000000000e+06
1.973356000000000000e+06
1.971782125000000000e+06
1.968419125000000000e+06
1.974131500000000000e+06
1.972273125000000000e+06
1.969211500000000000e+06
1.972233375000000000e+06
1.968625000000000000e+06
1.969072125000000000e+06
1.970967250000000000e+06
1.958358875000000000e+06
1.962826875000000000e+06
1.961292125000000000e+06
1.968758750000000000e+06
1.960614500000000000e+06
1.963002000000000000e+06
1.971362000000000000e+06
1.974692875000000000e+06
1.963562250000000000e+06
1.958208000000000000e+06
1.961580875000000000e+06
1.963621875000000000e+06
1.963179875000000000e+06
1.960521875000000000e+06
1.960099000000000000e+06
1.960382250000000000e+06
1.961529375000000000e+06
1.962422125000000000e+06
1.958690750000000000e+06
1.965460750000000000e+06
1.964047625000000000e+06
1.967529125000000000e+06
1.955575500000000000e+06
1.960710750000000000e+06
1.964496000000000000e+06
1.968770500000000000e+06
1.964193375000000000e+06
1.961481750000000000e+06
1.953373125000000000e+06
1.955991375000000000e+06
1.943638000000000000e+06
1.958333750000000000e+06
1.958684625000000000e+06
1.963432250000000000e+06
1.957906625000000000e+06
1.948660250000000000e+06
1.957194000000000000e+06
1.962690750000000000e+06
1.950398500000000000e+06
1.949158875000000000e+06
1.954950500000000000e+06
1.950060875000000000e+06
1.957712375000000000e+06
1.954960750000000000e+06
1.959165875000000000e+06
1.958955875000000000e+06
1.950104000000000000e+06
1.938154875000000000e+06
1.945514625000000000e+06
1.939878750000000000e+06
1.951761000000000000e+06
1.947623625000000000e+06
1.956990500000000000e+06
1.945742875000000000e+06
1.958339625000000000e+06
1.960250875000000000e+06
1.950251875000000000e+06
1.956738250000000000e+06
1.950591500000000000e+06
1.949815500000000000e+06
1.947740875000000000e+06
1.950203750000000000e+06
1.949417250000000000e+06
1.951804000000000000e+06
1.950166000000000000e+06
1.944585000000000000e+06
1.952068375000000000e+06
1.950825000000000000e+06
1.944989125000000000e+06
1.954714750000000000e+06
1.952825875000000000e+06
1.951178250000000000e+06
1.946575500000000000e+06
1.932959875000000000e+06
1.942261750000000000e+06
1.951974875000000000e+06
1.947085750000000000e+06
1.944439750000000000e+06
1.951570750000000000e+06
1.945512250000000000e+06
1.941445750000000000e+06
1.944110750000000000e+06
1.935925875000000000e+06
1.944217375000000000e+06
1.937719625000000000e+06
1.938420875000000000e+06
1.924946625000000000e+06
1.941695000000000000e+06
1.948462375000000000e+06
1.948230750000000000e+06
1.946982000000000000e+06
1.937485500000000000e+06
1.942310000000000000e+06
1.949731125000000000e+06
1.936418000000000000e+06
1.935220875000000000e+06
1.951160500000000000e+06
1.945173000000000000e+06
1.940221250000000000e+06
1.934750000000000000e+06
1.939064750000000000e+06
1.945205625000000000e+06
1.945421500000000000e+06
1.941685750000000000e+06
1.931756375000000000e+06
1.935007000000000000e+06
1.938608500000000000e+06
1.933014375000000000e+06
1.934211750000000000e+06
1.929907000000000000e+06
1.939129125000000000e+06
1.946341000000000000e+06
1.930045875000000000e+06
1.931210875000000000e+06
1.932224125000000000e+06
1.930717000000000000e+06
1.924216625000000000e+06
1.930185750000000000e+06
1.937074000000000000e+06
1.916631375000000000e+06
1.940330875000000000e+06
1.935689500000000000e+06
1.929303500000000000e+06
1.939551375000000000e+06
1.928654625000000000e+06
1.933598375000000000e+06
1.925639500000000000e+06
1.930490500000000000e+06
1.920957625000000000e+06
1.922949500000000000e+06
1.926668250000000000e+06
1.939388375000000000e+06
1.930014500000000000e+06
1.920653750000000000e+06
1.931682750000000000e+06
1.931138375000000000e+06
1.935971125000000000e+06
1.914644750000000000e+06
1.917317750000000000e+06
1.921889125000000000e+06
1.918271625000000000e+06
1.917023000000000000e+06
1.912211375000000000e+06
1.934661625000000000e+06
1.935499250000000000e+06
1.918633625000000000e+06
1.927223250000000000e+06
1.928673750000000000e+06
1.916648250000000000e+06
1.916755750000000000e+06
1.928102750000000000e+06
1.922144750000000000e+06
1.918883250000000000e+06
1.912122875000000000e+06
1.914554750000000000e+06
1.927937000000000000e+06
1.921881125000000000e+06
