1.107664296875000000e+05
9.973906250000000000e+04
8.885330468750000000e+04
7.790333593750000000e+04
6.723464843750000000e+04
5.696866015625000000e+04
4.773925781250000000e+04
3.990989453125000000e+04
3.363678515625000000e+04
2.897865234375000000e+04
2.662715234375000000e+04
2.627821484375000000e+04
2.723526562500000000e+04
2.958681640625000000e+04
3.194694921875000000e+04
3.417368359375000000e+04
3.529523046875000000e+04
3.547036718750000000e+04
3.483253125000000000e+04
3.326484375000000000e+04
3.140853515625000000e+04
2.940828515625000000e+04
2.797350195312500000e+04
2.690746679687500000e+04
2.622854687500000000e+04
2.590303906250000000e+04
2.608755664062500000e+04
2.631759960937500000e+04
2.676604687500000000e+04
2.727327734375000000e+04
2.743125585937500000e+04
2.778839257812500000e+04
2.774412695312500000e+04
2.770817578125000000e+04
2.740895703125000000e+04
2.696740234375000000e+04
2.656423437500000000e+04
2.625961132812500000e+04
2.608044531250000000e+04
2.580344335937500000e+04
2.565871679687500000e+04
2.557081835937500000e+04
2.561317773437500000e+04
2.573600000000000000e+04
2.593673632812500000e+04
2.579146875000000000e+04
2.593785546875000000e+04
2.600123437500000000e+04
2.576268945312500000e+04
2.571089843750000000e+04
2.560640039062500000e+04
2.550174414062500000e+04
2.533798632812500000e+04
2.541403906250000000e+04
2.530886132812500000e+04
2.527167968750000000e+04
2.508818164062500000e+04
2.528458593750000000e+04
2.529683203125000000e+04
2.514581054687500000e+04
2.520856835937500000e+04
2.531048437500000000e+04
2.509127929687500000e+04
2.501464453125000000e+04
2.488375000000000000e+04
2.491975976562500000e+04
2.475832031250000000e+04
2.482544726562500000e+04
2.487366601562500000e+04
2.463803906250000000e+04
2.471716015625000000e+04
2.461722656250000000e+04
2.455768554687500000e+04
2.453556250000000000e+04
2.449713867187500000e+04
2.453278125000000000e+04
2.443121289062500000e+04
2.427589062500000000e+04
2.432763476562500000e+04
2.429432812500000000e+04
2.417895703125000000e+04
2.410614648437500000e+04
2.406154687500000000e+04
2.393811132812500000e+04
2.383138085937500000e+04
2.381625781250000000e+04
2.369616796875000000e+04
2.360791210937500000e+04
2.360281250000000000e+04
2.354299804687500000e+04
2.348054101562500000e+04
2.337850585937500000e+04
2.321443750000000000e+04
2.330376757812500000e+04
2.314868164062500000e+04
2.285765039062500000e+04
2.302225585937500000e+04
2.269422851562500000e+04
2.266910546875000000e+04
2.260007617187500000e+04
2.241733789062500000e+04
2.237821093750000000e+04
2.225987304687500000e+04
2.220246289062500000e+04
2.197583789062500000e+04
2.186571484375000000e+04
2.186352343750000000e+04
2.171511132812500000e+04
2.146519140625000000e+04
2.135892578125000000e+04
2.121098632812500000e+04
2.107010546875000000e+04
2.088063671875000000e+04
2.074550195312500000e+04
2.062580273437500000e+04
2.049122656250000000e+04
2.027961914062500000e+04
2.008057421875000000e+04
2.000263867187500000e+04
1.982500976562500000e+04
1.968876171875000000e+04
1.948934570312500000e+04
1.925433203125000000e+04
1.904543554687500000e+04
1.889695703125000000e+04
1.856812109375000000e+04
1.843858398437500000e+04
1.821008984375000000e+04
1.799708398437500000e+04
1.775842773437500000e+04
1.767758789062500000e+04
1.729743359375000000e+04
1.708782421875000000e+04
1.682319531250000000e+04
1.651409765625000000e+04
1.631027343750000000e+04
1.609937304687500000e+04
1.584410546875000000e+04
1.554211425781250000e+04
1.533271582031250000e+04
1.494287402343750000e+04
1.468212890625000000e+04
1.441059472656250000e+04
1.410795996093750000e+04
1.390305761718750000e+04
1.360489453125000000e+04
1.329371875000000000e+04
1.296104394531250000e+04
1.272471289062500000e+04
1.243826953125000000e+04
1.226109960937500000e+04
1.198388476562500000e+04
1.173844824218750000e+04
1.149859960937500000e+04
1.126994921875000000e+04
1.110414355468750000e+04
1.083708007812500000e+04
1.077661914062500000e+04
1.058946289062500000e+04
1.040153417968750000e+04
1.021045605468750000e+04
1.004394140625000000e+04
9.956271484375000000e+03
9.851625976562500000e+03
9.630957031250000000e+03
9.485053710937500000e+03
9.400061523437500000e+03
9.234143554687500000e+03
9.106685546875000000e+03
9.024902343750000000e+03
8.839990234375000000e+03
8.760501953125000000e+03
8.636809570312500000e+03
8.515600585937500000e+03
8.413837890625000000e+03
8.314860351562500000e+03
8.196864257812500000e+03
8.058797363281250000e+03
7.980397949218750000e+03
7.810162597656250000e+03
7.743370605468750000e+03
7.656041992187500000e+03
7.595679199218750000e+03
7.457983886718750000e+03
7.385994628906250000e+03
7.337810058593750000e+03
7.236543945312500000e+03
7.199029296875000000e+03
7.139058593750000000e+03
7.051790527343750000e+03
6.954753906250000000e+03
6.907817382812500000e+03
6.856725097656250000e+03
6.842914550781250000e+03
6.790249023437500000e+03
6.763469726562500000e+03
6.685226074218750000e+03
6.625169433593750000e+03
6.581875488281250000e+03
6.517969238281250000e+03
6.525875976562500000e+03
6.455120117187500000e+03
6.422478515625000000e+03
6.411874511718750000e+03
6.354362792968750000e+03
6.345637695312500000e+03
6.343049316406250000e+03
6.323737304687500000e+03
6.302910156250000000e+03
6.275377441406250000e+03
6.254131347656250000e+03
6.228258789062500000e+03
6.247291503906250000e+03
6.229354492187500000e+03
6.177290527343750000e+03
6.192713867187500000e+03
6.146379882812500000e+03
6.150182128906250000e+03
6.137979980468750000e+03
6.079753417968750000e+03
6.076139160156250000e+03
6.032673339843750000e+03
6.016015136718750000e+03
6.026971191406250000e+03
5.996437988281250000e+03
6.007165039062500000e+03
5.972640625000000000e+03
5.973095703125000000e+03
5.972118652343750000e+03
5.935973144531250000e+03
5.933786132812500000e+03
5.940281250000000000e+03
5.894095214843750000e+03
5.852350097656250000e+03
5.826397460937500000e+03
5.847129394531250000e+03
5.797761230468750000e+03
5.794233398437500000e+03
5.797539062500000000e+03
5.775974121093750000e+03
5.738330566406250000e+03
5.729339843750000000e+03
5.732856445312500000e+03
5.714511718750000000e+03
5.668504394531250000e+03
5.627556640625000000e+03
5.631188476562500000e+03
5.601065917968750000e+03
5.610609863281250000e+03
5.564377929687500000e+03
5.559657714843750000e+03
5.537785156250000000e+03
5.543647460937500000e+03
5.528574218750000000e+03
5.503711425781250000e+03
5.505634277343750000e+03
5.494561523437500000e+03
5.469050781250000000e+03
5.427373046875000000e+03
5.427087890625000000e+03
5.464844726562500000e+03
5.405913085937500000e+03
5.351558593750000000e+03
5.375825683593750000e+03
5.324364746093750000e+03
5.309896484375000000e+03
5.329510253906250000e+03
5.271388183593750000e+03
5.278843261718750000e+03
5.270294921875000000e+03
5.243658203125000000e+03
5.267980468750000000e+03
5.246855468750000000e+03
5.206889160156250000e+03
5.199253417968750000e+03
5.164708496093750000e+03
5.164886230468750000e+03
5.154817871093750000e+03
5.114652832031250000e+03
5.113305175781250000e+03
5.114166503906250000e+03
5.063527343750000000e+03
5.053183105468750000e+03
5.067099609375000000e+03
5.017165039062500000e+03
5.022372070312500000e+03
4.992926757812500000e+03
5.002798828125000000e+03
4.943597167968750000e+03
4.963316894531250000e+03
4.947432128906250000e+03
4.916530273437500000e+03
4.886748535156250000e+03
4.878513671875000000e+03
4.888846191406250000e+03
4.862981445312500000e+03
4.846422363281250000e+03
4.857868164062500000e+03
4.820126953125000000e+03
4.778368164062500000e+03
4.772983886718750000e+03
4.786265625000000000e+03
4.781173828125000000e+03
4.722286132812500000e+03
4.782365722656250000e+03
4.720196777343750000e+03
4.711554687500000000e+03
4.669063476562500000e+03
4.653525390625000000e+03
4.649090820312500000e+03
4.627280761718750000e+03
4.604082031250000000e+03
4.581312988281250000e+03
4.616053222656250000e+03
4.578153808593750000e+03
4.551731445312500000e+03
4.560160156250000000e+03
4.536311523437500000e+03
4.522929687500000000e+03
4.499403808593750000e+03
4.514809570312500000e+03
4.457585449218750000e+03
4.483696777343750000e+03
4.449705566406250000e+03
4.459618164062500000e+03
4.401722656250000000e+03
4.402452148437500000e+03
4.382740234375000000e+03
4.379794433593750000e+03
4.383075195312500000e+03
4.321348144531250000e+03
4.332278808593750000e+03
4.336208496093750000e+03
4.314062988281250000e+03
4.288812011718750000e+03
4.269989257812500000e+03
4.286462402343750000e+03
4.267591308593750000e+03
4.262579101562500000e+03
4.216517089843750000e+03
4.211395996093750000e+03
4.217989746093750000e+03
4.198504394531250000e+03
4.173851074218750000e+03
4.143019042968750000e+03
4.117792480468750000e+03
4.148948242187500000e+03
4.112214843750000000e+03
4.114512695312500000e+03
4.103524414062500000e+03
4.078046630859375000e+03
4.084575195312500000e+03
4.086108886718750000e+03
4.054288574218750000e+03
4.041929687500000000e+03
4.017155273437500000e+03
4.044241699218750000e+03
4.038543701171875000e+03
4.027137695312500000e+03
3.999958984375000000e+03
3.979014404296875000e+03
3.962904541015625000e+03
3.987183349609375000e+03
3.984899902343750000e+03
3.958985595703125000e+03
3.930763671875000000e+03
3.909418212890625000e+03
3.886967041015625000e+03
3.891221679687500000e+03
3.891854003906250000e+03
3.874156250000000000e+03
3.853968261718750000e+03
3.834927978515625000e+03
3.827718994140625000e+03
3.806833007812500000e+03
3.818409912109375000e+03
3.802219970703125000e+03
3.782289306640625000e+03
3.788734375000000000e+03
3.780378906250000000e+03
3.781038330078125000e+03
3.735573974609375000e+03
3.778909667968750000e+03
3.761179199218750000e+03
3.726698242187500000e+03
3.756707031250000000e+03
3.745015380859375000e+03
3.711831054687500000e+03
3.690730224609375000e+03
3.664554931640625000e+03
3.653709716796875000e+03
3.644951416015625000e+03
3.657978271484375000e+03
3.652766601562500000e+03
3.635503662109375000e+03
3.668043945312500000e+03
3.642710205078125000e+03
3.630085205078125000e+03
3.599752685546875000e+03
3.609831054687500000e+03
3.584652587890625000e+03
3.561716552734375000e+03
3.555967041015625000e+03
3.645411865234375000e+03
3.672595947265625000e+03
3.623927978515625000e+03
3.551138671875000000e+03
3.516630371093750000e+03
3.524593750000000000e+03
3.582680664062500000e+03
3.617484375000000000e+03
3.566926513671875000e+03
3.490587646484375000e+03
3.490217529296875000e+03
3.562935302734375000e+03
3.573028564453125000e+03
3.508773193359375000e+03
3.487091552734375000e+03
3.506737060546875000e+03
3.544711914062500000e+03
3.502237304687500000e+03
3.433186279296875000e+03
3.428107177734375000e+03
3.463568359375000000e+03
3.478775390625000000e+03
3.427538574218750000e+03
3.416960693359375000e+03
3.450552001953125000e+03
3.456962402343750000e+03
3.434618408203125000e+03
3.371860351562500000e+03
3.386046875000000000e+03
3.396895263671875000e+03
3.396496582031250000e+03
3.347641601562500000e+03
3.352785888671875000e+03
3.369978515625000000e+03
3.400098388671875000e+03
3.337385253906250000e+03
3.295537597656250000e+03
3.323114990234375000e+03
3.373393554687500000e+03
3.319084960937500000e+03
3.317203369140625000e+03
3.281775390625000000e+03
3.306575927734375000e+03
3.272895996093750000e+03
3.271981201171875000e+03
3.253545654296875000e+03
3.302416259765625000e+03
3.255937011718750000e+03
3.278083007812500000e+03
3.265646240234375000e+03
3.230592529296875000e+03
3.227865234375000000e+03
3.261370361328125000e+03
3.242741943359375000e+03
3.201525634765625000e+03
3.210378906250000000e+03
3.200542236328125000e+03
3.232166259765625000e+03
3.205207519531250000e+03
3.207533935546875000e+03
3.194008544921875000e+03
3.185990234375000000e+03
3.176421875000000000e+03
3.179619628906250000e+03
3.166954589843750000e+03
3.136864990234375000e+03
3.153080078125000000e+03
3.143889648437500000e+03
3.144356933593750000e+03
3.145851074218750000e+03
3.148316894531250000e+03
3.136012695312500000e+03
3.137823242187500000e+03
3.140275390625000000e+03
3.119799560546875000e+03
3.091561279296875000e+03
3.105674072265625000e+03
3.103709716796875000e+03
3.096520019531250000e+03
3.101299560546875000e+03
3.120303955078125000e+03
3.111477050781250000e+03
3.132169189453125000e+03
3.115461181640625000e+03
3.096126220703125000e+03
3.089144042968750000e+03
3.114354980468750000e+03
3.093733886718750000e+03
3.119235595703125000e+03
3.102228027343750000e+03
3.094349609375000000e+03
3.051442626953125000e+03
3.016367187500000000e+03
3.007069335937500000e+03
3.030544677734375000e+03
3.052248535156250000e+03
3.067098632812500000e+03
3.040170410156250000e+03
3.066063964843750000e+03
3.048656250000000000e+03
3.041215087890625000e+03
3.002979003906250000e+03
3.015766845703125000e+03
3.000091308593750000e+03
2.991584960937500000e+03
2.950877929687500000e+03
2.957694335937500000e+03
2.951897705078125000e+03
2.946752685546875000e+03
2.942132568359375000e+03
2.947672363281250000e+03
2.935854248046875000e+03
2.947303955078125000e+03
2.961655273437500000e+03
2.963708740234375000e+03
2.954397705078125000e+03
2.965453369140625000e+03
2.937377929687500000e+03
2.961407714843750000e+03
2.949549560546875000e+03
2.931464599609375000e+03
2.921864990234375000e+03
2.901144531250000000e+03
2.892882324218750000e+03
2.874154052734375000e+03
2.856981689453125000e+03
2.899847412109375000e+03
2.935633544921875000e+03
2.982116943359375000e+03
3.031899658203125000e+03
3.046408203125000000e+03
3.038709228515625000e+03
2.945594970703125000e+03
2.870753417968750000e+03
2.850605224609375000e+03
2.877586181640625000e+03
2.943375244140625000e+03
2.978702392578125000e+03
2.983842041015625000e+03
2.899255615234375000e+03
2.838991943359375000e+03
2.811667968750000000e+03
2.823422363281250000e+03
2.839218750000000000e+03
2.841170898437500000e+03
2.822093261718750000e+03
2.814139892578125000e+03
2.798288330078125000e+03
2.770000732421875000e+03
2.794645751953125000e+03
2.803050292968750000e+03
2.815550537109375000e+03
2.851131591796875000e+03
2.819274414062500000e+03
2.821022216796875000e+03
2.804754638671875000e+03
2.776355224609375000e+03
2.775560546875000000e+03
2.753806640625000000e+03
2.738778808593750000e+03
2.747825683593750000e+03
2.734243408203125000e+03
2.731163574218750000e+03
2.756303710937500000e+03
2.749985351562500000e+03
2.774616455078125000e+03
2.771179199218750000e+03
2.777051025390625000e+03
2.742753906250000000e+03
2.697901367187500000e+03
2.702503662109375000e+03
2.730555419921875000e+03
2.750453369140625000e+03
2.782928222656250000e+03
2.781135742187500000e+03
2.821061523437500000e+03
2.793862548828125000e+03
2.748968261718750000e+03
2.723701904296875000e+03
2.677095458984375000e+03
2.661957763671875000e+03
2.685053710937500000e+03
2.732214355468750000e+03
2.803889892578125000e+03
2.843981933593750000e+03
2.855290527343750000e+03
2.772305664062500000e+03
2.688003417968750000e+03
2.638610595703125000e+03
2.644045898437500000e+03
2.680069824218750000e+03
2.677086425781250000e+03
2.654891357421875000e+03
2.651497558593750000e+03
2.642646240234375000e+03
2.613733154296875000e+03
2.607562011718750000e+03
2.609567382812500000e+03
2.588760009765625000e+03
2.624104248046875000e+03
2.616155029296875000e+03
2.623813720703125000e+03
2.623179443359375000e+03
2.606190185546875000e+03
2.617843017578125000e+03
2.627641601562500000e+03
2.627992187500000000e+03
2.601564208984375000e+03
2.578565185546875000e+03
2.579843505859375000e+03
2.568693603515625000e+03
2.576371093750000000e+03
2.572367431640625000e+03
2.591968261718750000e+03
2.654063720703125000e+03
2.697625244140625000e+03
2.710674560546875000e+03
2.688040039062500000e+03
2.652961181640625000e+03
2.617135009765625000e+03
2.585849853515625000e+03
2.551242919921875000e+03
2.507002685546875000e+03
2.535668212890625000e+03
2.520281250000000000e+03
2.534047363281250000e+03
2.556429931640625000e+03
2.552942138671875000e+03
2.580267089843750000e+03
2.627678466796875000e+03
2.670144531250000000e+03
2.677644531250000000e+03
2.663125488281250000e+03
2.617528076171875000e+03
2.566446777343750000e+03
2.511969482421875000e+03
2.465654785156250000e+03
2.476471435546875000e+03
2.498697753906250000e+03
2.498295654296875000e+03
2.501450927734375000e+03
2.496580566406250000e+03
2.484362060546875000e+03
2.492557861328125000e+03
2.470254394531250000e+03
2.465700195312500000e+03
2.453102050781250000e+03
2.443688232421875000e+03
2.436701416015625000e+03
2.435395263671875000e+03
2.427307373046875000e+03
2.444649658203125000e+03
2.487963867187500000e+03
2.517466064453125000e+03
2.562064697265625000e+03
2.593860595703125000e+03
2.613878173828125000e+03
2.573114013671875000e+03
2.536433593750000000e+03
2.441546386718750000e+03
2.398668701171875000e+03
2.401540039062500000e+03
2.426989746093750000e+03
2.428723388671875000e+03
2.433765380859375000e+03
2.463842529296875000e+03
2.493129394531250000e+03
2.557210205078125000e+03
2.622461425781250000e+03
2.663042724609375000e+03
2.580162109375000000e+03
2.473136718750000000e+03
2.391254394531250000e+03
2.360780761718750000e+03
2.407509277343750000e+03
2.450128173828125000e+03
2.514093017578125000e+03
2.503049560546875000e+03
2.476144531250000000e+03
2.400705566406250000e+03
2.356447753906250000e+03
2.332658203125000000e+03
2.408892578125000000e+03
2.495425292968750000e+03
2.517213378906250000e+03
2.505776855468750000e+03
2.424746582031250000e+03
2.329534423828125000e+03
2.326937011718750000e+03
2.355991943359375000e+03
2.409362304687500000e+03
2.390173095703125000e+03
2.390150390625000000e+03
2.389068359375000000e+03
2.349852783203125000e+03
2.314578369140625000e+03
2.315617431640625000e+03
2.302453613281250000e+03
2.314651123046875000e+03
2.334343017578125000e+03
2.331685546875000000e+03
2.314107421875000000e+03
2.305610595703125000e+03
2.286625000000000000e+03
2.275451416015625000e+03
2.280135253906250000e+03
2.285566894531250000e+03
2.262996337890625000e+03
2.278034912109375000e+03
2.276030761718750000e+03
2.247959472656250000e+03
2.267201904296875000e+03
2.263768554687500000e+03
2.260562988281250000e+03
2.247465820312500000e+03
2.272427734375000000e+03
2.271322509765625000e+03
2.293417724609375000e+03
2.332451416015625000e+03
2.376647705078125000e+03
2.483815185546875000e+03
2.576633544921875000e+03
2.571322021484375000e+03
2.452313232421875000e+03
2.346484375000000000e+03
2.251517578125000000e+03
2.242819580078125000e+03
2.337226806640625000e+03
2.366607177734375000e+03
2.406988525390625000e+03
2.362868408203125000e+03
2.336733398437500000e+03
2.262748291015625000e+03
2.243198730468750000e+03
2.215320800781250000e+03
2.194388183593750000e+03
2.203037597656250000e+03
2.192690429687500000e+03
2.198457031250000000e+03
2.194763671875000000e+03
2.190126708984375000e+03
2.202849121093750000e+03
2.218597167968750000e+03
2.245991943359375000e+03
2.269832519531250000e+03
2.325715820312500000e+03
2.345876708984375000e+03
2.417495361328125000e+03
2.328460449218750000e+03
2.236293212890625000e+03
2.167076904296875000e+03
2.161074462890625000e+03
2.185129394531250000e+03
2.226830566406250000e+03
2.305744384765625000e+03
2.317336914062500000e+03
2.335221435546875000e+03
2.311365478515625000e+03
2.271054687500000000e+03
2.187286865234375000e+03
2.148341552734375000e+03
2.120497558593750000e+03
2.178423095703125000e+03
2.225604248046875000e+03
2.266045166015625000e+03
2.284309082031250000e+03
2.246117187500000000e+03
2.217977050781250000e+03
2.148950927734375000e+03
2.114498535156250000e+03
2.112111572265625000e+03
2.135835449218750000e+03
2.148819824218750000e+03
2.164519531250000000e+03
2.190313964843750000e+03
2.176947753906250000e+03
2.232730468750000000e+03
2.208297607421875000e+03
2.235910400390625000e+03
2.210482910156250000e+03
2.180280273437500000e+03
2.132212402343750000e+03
2.082184326171875000e+03
2.087870117187500000e+03
2.122178222656250000e+03
2.154509521484375000e+03
2.173229492187500000e+03
2.172852539062500000e+03
2.197679443359375000e+03
2.178968505859375000e+03
2.160358886718750000e+03
2.136925048828125000e+03
2.075959228515625000e+03
2.061082031250000000e+03
2.058241699218750000e+03
2.064968261718750000e+03
2.071560302734375000e+03
2.097448486328125000e+03
2.151525878906250000e+03
2.223450683593750000e+03
2.279419921875000000e+03
2.278115722656250000e+03
2.242194091796875000e+03
2.124871093750000000e+03
2.054093994140625000e+03
2.037327148437500000e+03
2.047297607421875000e+03
2.099325927734375000e+03
2.147132568359375000e+03
2.187626953125000000e+03
2.185845703125000000e+03
2.163230712890625000e+03
2.099864013671875000e+03
2.069814941406250000e+03
2.042378173828125000e+03
2.024017944335937500e+03
2.011124267578125000e+03
2.003600830078125000e+03
2.012014282226562500e+03
2.011918945312500000e+03
2.034315673828125000e+03
2.039261352539062500e+03
2.084130615234375000e+03
2.148012207031250000e+03
2.213467285156250000e+03
2.199679199218750000e+03
2.187554687500000000e+03
2.082059570312500000e+03
2.019678955078125000e+03
1.976328857421875000e+03
2.013252929687500000e+03
2.048172363281250000e+03
2.074906005859375000e+03
2.119645263671875000e+03
2.172462158203125000e+03
2.168600585937500000e+03
2.145871582031250000e+03
2.097392089843750000e+03
2.019261596679687500e+03
1.990870483398437500e+03
1.964382690429687500e+03
1.952683105468750000e+03
1.966124023437500000e+03
1.980620117187500000e+03
2.000927368164062500e+03
2.030897827148437500e+03
2.106118896484375000e+03
2.145825195312500000e+03
2.158689208984375000e+03
2.093279785156250000e+03
2.011838500976562500e+03
1.974900512695312500e+03
1.933084106445312500e+03
1.961568969726562500e+03
2.007493530273437500e+03
2.078959960937500000e+03
2.101784912109375000e+03
2.071859863281250000e+03
1.987630981445312500e+03
1.956440185546875000e+03
1.924438842773437500e+03
1.906022705078125000e+03
1.914082641601562500e+03
1.922674682617187500e+03
1.967541625976562500e+03
2.009045166015625000e+03
2.072884521484375000e+03
2.101424560546875000e+03
2.123025146484375000e+03
2.049647705078125000e+03
1.964369506835937500e+03
1.906507202148437500e+03
1.898142089843750000e+03
1.910820190429687500e+03
1.959450927734375000e+03
2.047695922851562500e+03
2.126963867187500000e+03
2.116650390625000000e+03
2.027549316406250000e+03
1.959557861328125000e+03
1.878569702148437500e+03
1.867998291015625000e+03
1.869712036132812500e+03
1.903272705078125000e+03
1.934969360351562500e+03
1.965115356445312500e+03
2.024162475585937500e+03
2.040647338867187500e+03
1.994027343750000000e+03
1.939572631835937500e+03
1.903271362304687500e+03
1.889080444335937500e+03
1.849385986328125000e+03
1.839835205078125000e+03
1.847318481445312500e+03
1.851601928710937500e+03
1.845533691406250000e+03
1.870419311523437500e+03
1.926027465820312500e+03
2.049793945312500000e+03
2.168282958984375000e+03
2.118086914062500000e+03
1.964496948242187500e+03
1.890157470703125000e+03
1.833446655273437500e+03
1.851768676757812500e+03
1.929222656250000000e+03
1.977687866210937500e+03
2.034732299804687500e+03
2.011312988281250000e+03
1.936212158203125000e+03
1.883847656250000000e+03
1.870978637695312500e+03
1.832618530273437500e+03
1.836012329101562500e+03
1.821170288085937500e+03
1.813458007812500000e+03
1.814402465820312500e+03
1.806061035156250000e+03
1.814140014648437500e+03
1.806604858398437500e+03
1.824467773437500000e+03
1.907491455078125000e+03
1.994387329101562500e+03
2.102351318359375000e+03
2.100967041015625000e+03
2.018773925781250000e+03
1.857599121093750000e+03
1.800723510742187500e+03
1.776417358398437500e+03
1.812148925781250000e+03
1.899151855468750000e+03
1.968063598632812500e+03
1.991252807617187500e+03
1.963928466796875000e+03
1.897853515625000000e+03
1.850061645507812500e+03
1.803491699218750000e+03
1.803611450195312500e+03
1.810584106445312500e+03
1.792392456054687500e+03
1.817807983398437500e+03
1.821568969726562500e+03
1.874929321289062500e+03
1.910636596679687500e+03
1.948702148437500000e+03
1.932230102539062500e+03
1.903800659179687500e+03
1.846393676757812500e+03
1.813858276367187500e+03
1.759642089843750000e+03
1.745943969726562500e+03
1.729167602539062500e+03
1.751913330078125000e+03
1.773757446289062500e+03
1.809611938476562500e+03
1.904383178710937500e+03
2.016074462890625000e+03
2.022202148437500000e+03
1.922148315429687500e+03
1.844227783203125000e+03
1.757249267578125000e+03
1.729514770507812500e+03
1.736738647460937500e+03
1.729185668945312500e+03
1.775169921875000000e+03
1.806511962890625000e+03
1.850528686523437500e+03
1.910820190429687500e+03
1.930289428710937500e+03
1.887673706054687500e+03
1.825146484375000000e+03
1.751864501953125000e+03
1.736488037109375000e+03
1.703794311523437500e+03
1.711474609375000000e+03
1.703367431640625000e+03
1.708342773437500000e+03
1.694369873046875000e+03
1.702731201171875000e+03
1.719437622070312500e+03
1.790396606445312500e+03
1.944532836914062500e+03
2.112702636718750000e+03
1.994544921875000000e+03
1.788063476562500000e+03
1.717231689453125000e+03
1.696484863281250000e+03
1.729193847656250000e+03
1.858319335937500000e+03
1.943859130859375000e+03
1.946032592773437500e+03
1.891117797851562500e+03
1.797491699218750000e+03
1.733235595703125000e+03
1.701560668945312500e+03
1.696253784179687500e+03
1.699400756835937500e+03
1.717752197265625000e+03
1.734923828125000000e+03
1.791668457031250000e+03
1.853356201171875000e+03
1.901197265625000000e+03
1.868748657226562500e+03
1.770833496093750000e+03
1.738505859375000000e+03
1.696325195312500000e+03
1.679320922851562500e+03
1.676995483398437500e+03
1.694939941406250000e+03
1.750046142578125000e+03
1.803433959960937500e+03
1.875135864257812500e+03
1.873016113281250000e+03
1.808747436523437500e+03
1.734314208984375000e+03
1.699020263671875000e+03
1.675741821289062500e+03
1.678035766601562500e+03
1.679573974609375000e+03
1.695659790039062500e+03
1.745259277343750000e+03
1.797561767578125000e+03
1.825450195312500000e+03
1.838644775390625000e+03
1.812216186523437500e+03
1.759647949218750000e+03
1.742837646484375000e+03
1.677095092773437500e+03
1.655840332031250000e+03
1.634583129882812500e+03
1.616645141601562500e+03
1.616241088867187500e+03
1.613806152343750000e+03
1.618087280273437500e+03
1.616924194335937500e+03
1.606983520507812500e+03
1.605865600585937500e+03
1.605622192382812500e+03
1.610597534179687500e+03
1.601666992187500000e+03
1.598177368164062500e+03
1.628600341796875000e+03
1.686829467773437500e+03
1.891516357421875000e+03
2.044647827148437500e+03
1.880871093750000000e+03
1.709271972656250000e+03
1.630330810546875000e+03
1.601461669921875000e+03
1.595910156250000000e+03
1.606681274414062500e+03
1.651552612304687500e+03
1.733490600585937500e+03
1.818517822265625000e+03
1.837897460937500000e+03
1.812056152343750000e+03
1.758381347656250000e+03
1.709533203125000000e+03
1.682486450195312500e+03
1.676999755859375000e+03
1.678749511718750000e+03
1.686866088867187500e+03
1.728208618164062500e+03
1.753813476562500000e+03
1.781833374023437500e+03
1.761558349609375000e+03
1.703929809570312500e+03
1.664088134765625000e+03
1.650882934570312500e+03
1.615600097656250000e+03
1.598983520507812500e+03
1.598256835937500000e+03
1.612073852539062500e+03
1.653675537109375000e+03
1.698258789062500000e+03
1.800496948242187500e+03
1.834937622070312500e+03
1.814906982421875000e+03
1.704599975585937500e+03
1.645658447265625000e+03
1.609346923828125000e+03
1.599196777343750000e+03
1.619909667968750000e+03
1.648059204101562500e+03
1.694307128906250000e+03
1.741781616210937500e+03
1.748541015625000000e+03
1.717292114257812500e+03
1.700036621093750000e+03
1.664247314453125000e+03
1.647511352539062500e+03
1.632724365234375000e+03
1.632059814453125000e+03
1.610380859375000000e+03
1.609558471679687500e+03
1.614047973632812500e+03
1.632496826171875000e+03
1.645364624023437500e+03
1.686106323242187500e+03
1.699139038085937500e+03
1.696961669921875000e+03
1.669542480468750000e+03
1.652327270507812500e+03
1.624799316406250000e+03
1.613738769531250000e+03
1.586229614257812500e+03
1.586032348632812500e+03
1.576783325195312500e+03
1.601760131835937500e+03
1.631351196289062500e+03
1.675976440429687500e+03
1.675649658203125000e+03
1.704620605468750000e+03
1.686282592773437500e+03
1.667193115234375000e+03
1.631582519531250000e+03
1.574001831054687500e+03
1.554104614257812500e+03
1.520436645507812500e+03
1.521861328125000000e+03
1.503223876953125000e+03
1.531603637695312500e+03
1.595101196289062500e+03
1.716013427734375000e+03
1.808746459960937500e+03
1.825653320312500000e+03
1.651554687500000000e+03
1.565150756835937500e+03
1.529729614257812500e+03
1.506261352539062500e+03
1.511288696289062500e+03
1.523804809570312500e+03
1.556188964843750000e+03
1.615892333984375000e+03
1.745150634765625000e+03
1.857285278320312500e+03
1.699909423828125000e+03
1.567686767578125000e+03
1.509609375000000000e+03
1.483589599609375000e+03
1.479115356445312500e+03
1.479298095703125000e+03
1.492740844726562500e+03
1.517550659179687500e+03
1.615128173828125000e+03
1.764117309570312500e+03
1.910136596679687500e+03
1.681220703125000000e+03
1.536638793945312500e+03
1.488254516601562500e+03
1.461511840820312500e+03
1.469027709960937500e+03
1.490106323242187500e+03
1.535259521484375000e+03
1.641987426757812500e+03
1.783381347656250000e+03
1.716283935546875000e+03
1.621157348632812500e+03
1.532886352539062500e+03
1.485272094726562500e+03
1.487185424804687500e+03
1.467975463867187500e+03
1.486207153320312500e+03
1.520025024414062500e+03
1.617594360351562500e+03
1.769218139648437500e+03
1.733922973632812500e+03
1.660094604492187500e+03
1.560402709960937500e+03
1.510591430664062500e+03
1.510099487304687500e+03
1.522336181640625000e+03
1.547124755859375000e+03
1.579520263671875000e+03
1.591135009765625000e+03
1.622416625976562500e+03
1.600390625000000000e+03
1.577040771484375000e+03
1.550063964843750000e+03
1.570746948242187500e+03
1.583948852539062500e+03
1.592384033203125000e+03
1.577903930664062500e+03
1.582784790039062500e+03
1.559643310546875000e+03
1.573853149414062500e+03
1.589349975585937500e+03
1.594892089843750000e+03
1.583229858398437500e+03
1.548597167968750000e+03
1.533510131835937500e+03
1.521407104492187500e+03
1.523936157226562500e+03
1.516629638671875000e+03
1.517049194335937500e+03
1.551237670898437500e+03
1.581001098632812500e+03
1.593136596679687500e+03
1.560801635742187500e+03
1.541173828125000000e+03
1.537266113281250000e+03
1.530653686523437500e+03
1.537244506835937500e+03
1.546848022460937500e+03
1.532956298828125000e+03
1.509227172851562500e+03
1.490103271484375000e+03
1.488114501953125000e+03
1.483711791992187500e+03
1.504134033203125000e+03
1.515777832031250000e+03
1.552157592773437500e+03
1.577413696289062500e+03
1.580408691406250000e+03
1.591909179687500000e+03
1.602291015625000000e+03
1.554580932617187500e+03
1.497287841796875000e+03
1.470740966796875000e+03
1.442623535156250000e+03
1.434584594726562500e+03
1.438477172851562500e+03
1.458238159179687500e+03
1.493243164062500000e+03
1.579297119140625000e+03
1.699746948242187500e+03
1.648328369140625000e+03
1.547576782226562500e+03
1.463839355468750000e+03
1.434460937500000000e+03
1.433698852539062500e+03
1.428333984375000000e+03
1.437841674804687500e+03
1.480719970703125000e+03
1.520550659179687500e+03
1.565150268554687500e+03
1.569910034179687500e+03
1.553330322265625000e+03
1.521003540039062500e+03
1.508947265625000000e+03
1.506578613281250000e+03
1.516164794921875000e+03
1.487220703125000000e+03
1.471931762695312500e+03
1.464201660156250000e+03
1.471102294921875000e+03
1.484081176757812500e+03
1.503552612304687500e+03
1.521262207031250000e+03
1.519483154296875000e+03
1.499375122070312500e+03
1.513823120117187500e+03
1.503603271484375000e+03
1.503034301757812500e+03
1.499765625000000000e+03
1.511018432617187500e+03
1.488445678710937500e+03
1.505401855468750000e+03
1.495380371093750000e+03
1.495348022460937500e+03
1.482594360351562500e+03
1.480802978515625000e+03
1.478837280273437500e+03
1.481055297851562500e+03
1.473674438476562500e+03
1.506597290039062500e+03
1.467536132812500000e+03
1.489532958984375000e+03
1.484500000000000000e+03
1.486932373046875000e+03
1.472667968750000000e+03
1.480279174804687500e+03
1.467178466796875000e+03
1.476900756835937500e+03
1.454731323242187500e+03
1.474098632812500000e+03
1.469486938476562500e+03
1.474660156250000000e+03
1.433100830078125000e+03
1.437672119140625000e+03
1.448858764648437500e+03
1.479646118164062500e+03
1.517139282226562500e+03
1.576176025390625000e+03
1.544526611328125000e+03
1.479975463867187500e+03
1.418485595703125000e+03
1.400590454101562500e+03
1.391831542968750000e+03
1.388479736328125000e+03
1.396043945312500000e+03
1.429412475585937500e+03
1.473415283203125000e+03
1.525459472656250000e+03
1.520633666992187500e+03
1.508127319335937500e+03
1.472007934570312500e+03
1.455420654296875000e+03
1.443604614257812500e+03
1.444641113281250000e+03
1.429952026367187500e+03
1.429596801757812500e+03
1.441500488281250000e+03
1.445553833007812500e+03
1.442989501953125000e+03
1.460743652343750000e+03
1.452254516601562500e+03
1.476010620117187500e+03
1.468194091796875000e+03
1.498864501953125000e+03
1.485079833984375000e+03
1.482365844726562500e+03
1.445936279296875000e+03
1.393592895507812500e+03
1.369049926757812500e+03
1.358340454101562500e+03
1.361556518554687500e+03
1.370363769531250000e+03
1.416624023437500000e+03
1.494578491210937500e+03
1.557542968750000000e+03
1.560945800781250000e+03
1.466636108398437500e+03
1.415868286132812500e+03
1.396208862304687500e+03
1.388474609375000000e+03
1.372430419921875000e+03
1.409910644531250000e+03
1.445207275390625000e+03
1.482996826171875000e+03
1.496099121093750000e+03
1.472162597656250000e+03
1.408258178710937500e+03
1.369158203125000000e+03
1.371733276367187500e+03
1.376367187500000000e+03
1.402884033203125000e+03
1.462183349609375000e+03
1.486199340820312500e+03
1.518572998046875000e+03
1.457509521484375000e+03
1.418327026367187500e+03
1.371974243164062500e+03
1.349491210937500000e+03
1.336471435546875000e+03
1.340976440429687500e+03
1.351993896484375000e+03
1.352930175781250000e+03
1.403299194335937500e+03
1.482191650390625000e+03
1.533749267578125000e+03
1.546037109375000000e+03
1.477906372070312500e+03
1.413295654296875000e+03
1.375111694335937500e+03
1.350829345703125000e+03
1.347943481445312500e+03
1.362392700195312500e+03
1.383572998046875000e+03
1.430161987304687500e+03
1.470397094726562500e+03
1.491407592773437500e+03
1.447357666015625000e+03
1.418144287109375000e+03
1.358926025390625000e+03
1.347326782226562500e+03
1.331795043945312500e+03
1.356129394531250000e+03
1.408104125976562500e+03
1.472233032226562500e+03
1.484185180664062500e+03
1.460713623046875000e+03
1.410046875000000000e+03
1.369347534179687500e+03
1.346060668945312500e+03
1.340337524414062500e+03
1.359147460937500000e+03
1.396789184570312500e+03
1.459824829101562500e+03
1.514661987304687500e+03
1.488383789062500000e+03
1.437341796875000000e+03
1.360328613281250000e+03
1.339419189453125000e+03
1.336010864257812500e+03
1.322552612304687500e+03
1.339023071289062500e+03
1.359428344726562500e+03
1.396459228515625000e+03
1.431130371093750000e+03
1.463210693359375000e+03
1.475790039062500000e+03
1.407666259765625000e+03
1.359855102539062500e+03
1.340450805664062500e+03
1.305312500000000000e+03
1.291562377929687500e+03
1.303554321289062500e+03
1.330420532226562500e+03
1.388300781250000000e+03
1.436635375976562500e+03
1.518229125976562500e+03
1.476155273437500000e+03
1.441970092773437500e+03
1.358470214843750000e+03
1.308461425781250000e+03
1.285959594726562500e+03
1.278160278320312500e+03
1.292752807617187500e+03
1.292536376953125000e+03
1.338365478515625000e+03
1.434688964843750000e+03
1.493328369140625000e+03
1.521181518554687500e+03
1.421315307617187500e+03
1.358760009765625000e+03
1.298074829101562500e+03
1.289437255859375000e+03
1.267097167968750000e+03
1.273536865234375000e+03
1.276012329101562500e+03
1.300549682617187500e+03
1.353460205078125000e+03
1.463138305664062500e+03
1.540944824218750000e+03
1.519900756835937500e+03
1.377537719726562500e+03
1.305514526367187500e+03
1.278545410156250000e+03
1.270190551757812500e+03
1.268170043945312500e+03
1.264689086914062500e+03
1.265497192382812500e+03
1.261895629882812500e+03
1.252153686523437500e+03
1.268694946289062500e+03
1.294999877929687500e+03
1.356766845703125000e+03
1.476859375000000000e+03
1.515271972656250000e+03
1.495878173828125000e+03
1.360087646484375000e+03
1.299154663085937500e+03
1.277686523437500000e+03
1.269625122070312500e+03
1.279260131835937500e+03
1.288244018554687500e+03
1.340633544921875000e+03
1.410534545898437500e+03
1.484785522460937500e+03
1.513852783203125000e+03
1.412690673828125000e+03
1.340723999023437500e+03
1.304182373046875000e+03
1.300222900390625000e+03
1.319895629882812500e+03
1.345794311523437500e+03
1.433612792968750000e+03
1.497443481445312500e+03
1.460174804687500000e+03
1.380147705078125000e+03
1.318984497070312500e+03
1.274399780273437500e+03
1.271807495117187500e+03
1.257980102539062500e+03
1.287449951171875000e+03
1.345115112304687500e+03
1.450076782226562500e+03
1.556654785156250000e+03
1.493976196289062500e+03
1.405937133789062500e+03
1.318607543945312500e+03
1.273741943359375000e+03
1.257557373046875000e+03
1.260369628906250000e+03
1.269628906250000000e+03
1.296017578125000000e+03
1.376785034179687500e+03
1.472990478515625000e+03
1.494571044921875000e+03
1.420562988281250000e+03
1.329323242187500000e+03
1.279648437500000000e+03
1.254035156250000000e+03
1.245874267578125000e+03
1.259214477539062500e+03
1.285784790039062500e+03
1.330984619140625000e+03
1.429058471679687500e+03
1.500366210937500000e+03
1.479282958984375000e+03
1.364708374023437500e+03
1.276412475585937500e+03
1.252930664062500000e+03
1.232059570312500000e+03
1.237839843750000000e+03
1.216862792968750000e+03
1.255483764648437500e+03
1.311587280273437500e+03
1.406346191406250000e+03
1.514016113281250000e+03
1.515832275390625000e+03
1.362535034179687500e+03
1.281786010742187500e+03
1.231390380859375000e+03
1.223346557617187500e+03
1.220026855468750000e+03
1.222939208984375000e+03
1.240408447265625000e+03
1.294332763671875000e+03
1.377813354492187500e+03
1.499015014648437500e+03
1.525612792968750000e+03
1.392125488281250000e+03
1.294692016601562500e+03
1.245807495117187500e+03
1.232025024414062500e+03
1.222985839843750000e+03
1.226521850585937500e+03
1.243885864257812500e+03
1.264275390625000000e+03
1.286781127929687500e+03
1.355380371093750000e+03
1.449513183593750000e+03
1.511225097656250000e+03
1.385284423828125000e+03
1.295439819335937500e+03
1.241658691406250000e+03
1.225060546875000000e+03
1.219269531250000000e+03
1.204175292968750000e+03
1.209856323242187500e+03
1.218477783203125000e+03
1.219305297851562500e+03
1.218764770507812500e+03
1.231519042968750000e+03
1.302136962890625000e+03
1.395483764648437500e+03
1.506772705078125000e+03
1.451234008789062500e+03
1.369578613281250000e+03
1.278036010742187500e+03
1.251547119140625000e+03
1.252819213867187500e+03
1.266183593750000000e+03
1.281968872070312500e+03
1.329609375000000000e+03
1.421880126953125000e+03
1.462115844726562500e+03
1.410725463867187500e+03
1.345080566406250000e+03
1.269564208984375000e+03
1.243620239257812500e+03
1.214124633789062500e+03
1.221266601562500000e+03
1.235779418945312500e+03
1.277579956054687500e+03
1.356170532226562500e+03
1.465488037109375000e+03
1.466857177734375000e+03
1.381740600585937500e+03
1.285458740234375000e+03
1.251803222656250000e+03
1.213566528320312500e+03
1.220475708007812500e+03
1.204271484375000000e+03
1.222826049804687500e+03
1.253220825195312500e+03
1.325710815429687500e+03
1.428309936523437500e+03
1.516438842773437500e+03
1.405214355468750000e+03
1.326922485351562500e+03
1.246767456054687500e+03
1.212882934570312500e+03
1.198115478515625000e+03
1.196162109375000000e+03
1.196830566406250000e+03
1.222077880859375000e+03
1.298142456054687500e+03
1.392186523437500000e+03
1.501696166992187500e+03
1.439150878906250000e+03
1.328195678710937500e+03
1.234741943359375000e+03
1.195063110351562500e+03
1.189868286132812500e+03
1.201298461914062500e+03
1.220735717773437500e+03
1.285363159179687500e+03
1.397218627929687500e+03
1.512691650390625000e+03
1.464830444335937500e+03
1.321035278320312500e+03
1.233582763671875000e+03
1.191669677734375000e+03
1.181300781250000000e+03
1.173400756835937500e+03
1.196578125000000000e+03
1.275718872070312500e+03
1.387006958007812500e+03
1.502405639648437500e+03
1.439625976562500000e+03
1.326004394531250000e+03
1.259165161132812500e+03
1.225994628906250000e+03
1.215023681640625000e+03
1.214535888671875000e+03
1.220480102539062500e+03
1.232051269531250000e+03
1.288702270507812500e+03
1.361327880859375000e+03
1.452846923828125000e+03
1.435615112304687500e+03
1.310933593750000000e+03
1.238589843750000000e+03
1.195445190429687500e+03
1.172110595703125000e+03
1.181792358398437500e+03
1.180246215820312500e+03
1.234132690429687500e+03
1.297049682617187500e+03
1.395879760742187500e+03
1.436421875000000000e+03
1.390519409179687500e+03
1.287092895507812500e+03
1.220828247070312500e+03
1.198439941406250000e+03
1.187284301757812500e+03
1.187992675781250000e+03
1.192846557617187500e+03
1.254315185546875000e+03
1.320224121093750000e+03
1.406250610351562500e+03
1.426307006835937500e+03
1.329183471679687500e+03
1.253542724609375000e+03
1.204058349609375000e+03
1.177998535156250000e+03
1.179384033203125000e+03
1.178288818359375000e+03
1.174443115234375000e+03
1.192877441406250000e+03
1.236960327148437500e+03
1.343260253906250000e+03
1.458964599609375000e+03
1.435003295898437500e+03
1.355025634765625000e+03
1.255413330078125000e+03
1.208193847656250000e+03
1.174685546875000000e+03
1.167864379882812500e+03
1.162765502929687500e+03
1.170077270507812500e+03
1.167227905273437500e+03
1.174632568359375000e+03
1.200530883789062500e+03
1.276252441406250000e+03
1.429755615234375000e+03
1.482158203125000000e+03
1.393965698242187500e+03
1.247593627929687500e+03
1.184440185546875000e+03
1.158447631835937500e+03
1.156639526367187500e+03
1.200867919921875000e+03
1.273067504882812500e+03
1.390073608398437500e+03
1.458160522460937500e+03
1.382321777343750000e+03
1.256005737304687500e+03
1.197677856445312500e+03
1.171522338867187500e+03
1.156081542968750000e+03
1.156617431640625000e+03
1.152683349609375000e+03
1.157236206054687500e+03
1.162950805664062500e+03
1.176826904296875000e+03
1.206142578125000000e+03
1.296142211914062500e+03
1.442596679687500000e+03
1.507533935546875000e+03
1.307624023437500000e+03
1.211432128906250000e+03
1.163479858398437500e+03
1.157408325195312500e+03
1.196310302734375000e+03
1.261822265625000000e+03
1.363025268554687500e+03
1.444864624023437500e+03
1.405850830078125000e+03
1.315193969726562500e+03
1.227927246093750000e+03
1.188079956054687500e+03
1.166986450195312500e+03
1.155240600585937500e+03
1.157231567382812500e+03
1.157419555664062500e+03
1.152855346679687500e+03
1.146516845703125000e+03
1.139678344726562500e+03
1.144513305664062500e+03
1.146953857421875000e+03
1.147999511718750000e+03
1.152114013671875000e+03
1.150089111328125000e+03
1.169971801757812500e+03
1.183451049804687500e+03
1.250290283203125000e+03
1.354544433593750000e+03
1.437575683593750000e+03
1.447358764648437500e+03
1.301931518554687500e+03
1.223843994140625000e+03
1.174157348632812500e+03
1.169010253906250000e+03
1.145522949218750000e+03
1.149935180664062500e+03
1.149000732421875000e+03
1.171503540039062500e+03
1.207482177734375000e+03
1.323692871093750000e+03
1.475346435546875000e+03
1.493619628906250000e+03
1.301869018554687500e+03
1.197207031250000000e+03
1.148648559570312500e+03
1.139314941406250000e+03
1.193859008789062500e+03
1.296488891601562500e+03
1.460416137695312500e+03
1.446620361328125000e+03
1.326541137695312500e+03
1.214689208984375000e+03
1.163889892578125000e+03
1.154306396484375000e+03
1.155886718750000000e+03
1.153330566406250000e+03
1.166002685546875000e+03
1.180052856445312500e+03
1.228984375000000000e+03
1.318892578125000000e+03
1.454519531250000000e+03
1.424699340820312500e+03
1.329310302734375000e+03
1.230797119140625000e+03
1.163910522460937500e+03
1.150731567382812500e+03
1.135009033203125000e+03
1.129084350585937500e+03
1.133594360351562500e+03
1.145759765625000000e+03
1.171285522460937500e+03
1.204510375976562500e+03
1.317711181640625000e+03
1.432249145507812500e+03
1.443278930664062500e+03
1.276492797851562500e+03
1.190458984375000000e+03
1.144827026367187500e+03
1.131611694335937500e+03
1.123055541992187500e+03
1.137260986328125000e+03
1.183305786132812500e+03
1.255067016601562500e+03
1.378057983398437500e+03
1.465490966796875000e+03
1.363620239257812500e+03
1.241675781250000000e+03
1.171052368164062500e+03
1.135650268554687500e+03
1.129907226562500000e+03
1.123730957031250000e+03
1.163479858398437500e+03
1.228090332031250000e+03
1.353756225585937500e+03
1.435961303710937500e+03
1.345021850585937500e+03
1.267213623046875000e+03
1.197400512695312500e+03
1.169672851562500000e+03
1.162521606445312500e+03
1.163180664062500000e+03
1.158622436523437500e+03
1.178353637695312500e+03
1.209753540039062500e+03
1.289991699218750000e+03
1.367372680664062500e+03
1.376418945312500000e+03
1.304463256835937500e+03
1.239187744140625000e+03
1.182376098632812500e+03
1.141813720703125000e+03
1.125043945312500000e+03
1.121191162109375000e+03
1.113444458007812500e+03
1.118716430664062500e+03
1.114939453125000000e+03
1.136035400390625000e+03
1.161347290039062500e+03
1.235605102539062500e+03
1.377726806640625000e+03
1.437955444335937500e+03
1.372772094726562500e+03
1.193340454101562500e+03
1.128456420898437500e+03
1.121711914062500000e+03
1.148214233398437500e+03
1.213969848632812500e+03
1.347364135742187500e+03
1.430122436523437500e+03
1.346654418945312500e+03
1.236456176757812500e+03
1.169643188476562500e+03
1.121760375976562500e+03
1.112666748046875000e+03
1.101702026367187500e+03
1.121201293945312500e+03
1.120550292968750000e+03
1.168281616210937500e+03
1.254461303710937500e+03
1.407407592773437500e+03
1.412919433593750000e+03
1.304816040039062500e+03
1.191066772460937500e+03
1.135089965820312500e+03
1.124744140625000000e+03
1.116586547851562500e+03
1.101416381835937500e+03
1.104064697265625000e+03
1.112135131835937500e+03
1.106419921875000000e+03
1.109122558593750000e+03
1.100782714843750000e+03
1.106677124023437500e+03
1.139326782226562500e+03
1.169351196289062500e+03
1.248797851562500000e+03
1.320059448242187500e+03
1.367952758789062500e+03
1.308291381835937500e+03
1.233388427734375000e+03
1.169130859375000000e+03
1.141716796875000000e+03
1.133127807617187500e+03
1.140138061523437500e+03
1.161333618164062500e+03
1.243830810546875000e+03
1.360065185546875000e+03
1.394426147460937500e+03
1.315566772460937500e+03
1.228446289062500000e+03
1.149878784179687500e+03
1.135814086914062500e+03
1.115704956054687500e+03
1.101528320312500000e+03
1.102503906250000000e+03
1.108672607421875000e+03
1.114799438476562500e+03
1.119713134765625000e+03
1.158281860351562500e+03
1.259377441406250000e+03
1.412995605468750000e+03
1.450488647460937500e+03
1.279391601562500000e+03
1.161410156250000000e+03
1.102452270507812500e+03
1.114406982421875000e+03
1.183614746093750000e+03
1.319419311523437500e+03
1.441689453125000000e+03
1.339259033203125000e+03
1.197835205078125000e+03
1.120857788085937500e+03
1.092910156250000000e+03
1.094682861328125000e+03
1.092947021484375000e+03
1.102479614257812500e+03
1.095934570312500000e+03
1.113333129882812500e+03
1.144004638671875000e+03
1.222043457031250000e+03
1.329632690429687500e+03
1.436146972656250000e+03
1.339768066406250000e+03
1.228732666015625000e+03
1.145609008789062500e+03
1.113241455078125000e+03
1.095289550781250000e+03
1.094680786132812500e+03
1.082740966796875000e+03
1.100922119140625000e+03
1.103678955078125000e+03
1.100015869140625000e+03
1.126919189453125000e+03
1.195572875976562500e+03
1.309764892578125000e+03
1.414029174804687500e+03
1.389041015625000000e+03
1.242458374023437500e+03
1.163245727539062500e+03
1.102804565429687500e+03
1.081947631835937500e+03
1.102843261718750000e+03
1.155486206054687500e+03
1.264609375000000000e+03
1.371772094726562500e+03
1.382939941406250000e+03
1.247844116210937500e+03
1.181800781250000000e+03
1.146531005859375000e+03
1.130438964843750000e+03
1.109021362304687500e+03
1.117191894531250000e+03
1.100179931640625000e+03
1.115301269531250000e+03
1.143964843750000000e+03
1.213955444335937500e+03
1.336787231445312500e+03
1.426611328125000000e+03
1.288204711914062500e+03
1.186243408203125000e+03
1.121075195312500000e+03
1.113296020507812500e+03
1.090067871093750000e+03
1.084653564453125000e+03
1.077419677734375000e+03
1.085064453125000000e+03
1.080411865234375000e+03
1.085522705078125000e+03
1.136152954101562500e+03
1.199348510742187500e+03
1.359046875000000000e+03
1.398775512695312500e+03
1.306852294921875000e+03
1.147611083984375000e+03
1.092562866210937500e+03
1.076345581054687500e+03
1.109570190429687500e+03
1.201540771484375000e+03
1.373863891601562500e+03
1.436167846679687500e+03
1.263917968750000000e+03
1.131017456054687500e+03
1.085670532226562500e+03
1.073215454101562500e+03
1.078066894531250000e+03
1.083371948242187500e+03
1.099737304687500000e+03
1.128775878906250000e+03
1.188473632812500000e+03
1.296358032226562500e+03
1.389038574218750000e+03
1.313456176757812500e+03
1.219436889648437500e+03
1.139534912109375000e+03
1.114969360351562500e+03
1.104542602539062500e+03
1.094942382812500000e+03
1.098705688476562500e+03
1.118259521484375000e+03
1.156253295898437500e+03
1.253055786132812500e+03
1.358163452148437500e+03
1.391614501953125000e+03
1.257617309570312500e+03
1.165036376953125000e+03
1.105694091796875000e+03
1.081979858398437500e+03
1.076410034179687500e+03
1.066465942382812500e+03
1.062432373046875000e+03
1.074994506835937500e+03
1.079760131835937500e+03
1.074841430664062500e+03
1.070312011718750000e+03
1.072863281250000000e+03
1.070599487304687500e+03
1.071035522460937500e+03
1.075131835937500000e+03
1.082885498046875000e+03
1.148832153320312500e+03
1.280064819335937500e+03
1.450119995117187500e+03
1.337916992187500000e+03
1.192920776367187500e+03
1.117978881835937500e+03
1.078262817382812500e+03
1.073906250000000000e+03
1.065809936523437500e+03
1.077417114257812500e+03
1.089037597656250000e+03
1.128693481445312500e+03
1.235244018554687500e+03
1.392702514648437500e+03
