1.107664296875000000e+05
9.973906250000000000e+04
8.885330468750000000e+04
7.790333593750000000e+04
6.723464843750000000e+04
5.696866015625000000e+04
4.773925781250000000e+04
3.990989453125000000e+04
3.363678515625000000e+04
2.897865234375000000e+04
2.662715234375000000e+04
2.627821484375000000e+04
2.723526562500000000e+04
2.958681640625000000e+04
3.194694921875000000e+04
3.417368359375000000e+04
3.529523046875000000e+04
3.547036718750000000e+04
3.483253125000000000e+04
3.326484375000000000e+04
3.140853515625000000e+04
2.940828515625000000e+04
2.797350195312500000e+04
2.690746679687500000e+04
2.622854687500000000e+04
2.590303906250000000e+04
2.608755664062500000e+04
2.631759960937500000e+04
2.676604687500000000e+04
2.727327734375000000e+04
2.743125585937500000e+04
2.778839257812500000e+04
2.774412695312500000e+04
2.770817578125000000e+04
2.740895703125000000e+04
2.696740234375000000e+04
2.656423437500000000e+04
2.625961132812500000e+04
2.608044531250000000e+04
2.580344335937500000e+04
2.565871679687500000e+04
2.557081835937500000e+04
2.561317773437500000e+04
2.573600000000000000e+04
2.593673632812500000e+04
2.579146875000000000e+04
2.593785546875000000e+04
2.600123437500000000e+04
2.576268945312500000e+04
2.571089843750000000e+04
2.560640039062500000e+04
2.550174414062500000e+04
2.533798632812500000e+04
2.541403906250000000e+04
2.530886132812500000e+04
2.527167968750000000e+04
2.508818164062500000e+04
2.528458593750000000e+04
2.529683203125000000e+04
2.514581054687500000e+04
2.520856835937500000e+04
2.531048437500000000e+04
2.509127929687500000e+04
2.501464453125000000e+04
2.488375000000000000e+04
2.491975976562500000e+04
2.475832031250000000e+04
2.482544726562500000e+04
2.487366601562500000e+04
2.463803906250000000e+04
2.471716015625000000e+04
2.461722656250000000e+04
2.455768554687500000e+04
2.453556250000000000e+04
2.449713867187500000e+04
2.453278125000000000e+04
2.443121289062500000e+04
2.427589062500000000e+04
2.432763476562500000e+04
2.429432812500000000e+04
2.417895703125000000e+04
2.410614648437500000e+04
2.406154687500000000e+04
2.393811132812500000e+04
2.383138085937500000e+04
2.381625781250000000e+04
2.369616796875000000e+04
2.360791210937500000e+04
2.360281250000000000e+04
2.354299804687500000e+04
2.348054101562500000e+04
2.337850585937500000e+04
2.321443750000000000e+04
2.330376757812500000e+04
2.314868164062500000e+04
2.285765039062500000e+04
2.302225585937500000e+04
2.269422851562500000e+04
2.266910546875000000e+04
2.260007617187500000e+04
2.241733789062500000e+04
2.237821093750000000e+04
2.225987304687500000e+04
2.220246289062500000e+04
2.197583789062500000e+04
2.186571484375000000e+04
2.186352343750000000e+04
2.171511132812500000e+04
2.146519140625000000e+04
2.135892578125000000e+04
2.121098632812500000e+04
2.107010546875000000e+04
2.088063671875000000e+04
2.074550195312500000e+04
2.062580273437500000e+04
2.049122656250000000e+04
2.027961914062500000e+04
2.008057421875000000e+04
2.000263867187500000e+04
1.982500976562500000e+04
1.968876171875000000e+04
1.948934570312500000e+04
1.925433203125000000e+04
1.904543554687500000e+04
1.889695703125000000e+04
1.856812109375000000e+04
1.843858398437500000e+04
1.821008984375000000e+04
1.799708398437500000e+04
1.775842773437500000e+04
1.767758789062500000e+04
1.729743359375000000e+04
1.708782421875000000e+04
1.682319531250000000e+04
1.651409765625000000e+04
1.631027343750000000e+04
1.609937304687500000e+04
1.584410546875000000e+04
1.554211425781250000e+04
1.533271582031250000e+04
1.494287402343750000e+04
1.468212890625000000e+04
1.441059472656250000e+04
1.410795996093750000e+04
1.390305761718750000e+04
1.360489453125000000e+04
1.329371875000000000e+04
1.296104394531250000e+04
1.272471289062500000e+04
1.243826953125000000e+04
1.226109960937500000e+04
1.198388476562500000e+04
1.173844824218750000e+04
1.149859960937500000e+04
1.126994921875000000e+04
1.110414355468750000e+04
1.083708007812500000e+04
1.077661914062500000e+04
1.058946289062500000e+04
1.040153417968750000e+04
1.021045605468750000e+04
1.004394140625000000e+04
9.956271484375000000e+03
9.851625976562500000e+03
9.630957031250000000e+03
9.485053710937500000e+03
9.400061523437500000e+03
9.234143554687500000e+03
9.106685546875000000e+03
9.024902343750000000e+03
8.839990234375000000e+03
8.760501953125000000e+03
8.636809570312500000e+03
8.515600585937500000e+03
8.413837890625000000e+03
8.314860351562500000e+03
8.196864257812500000e+03
8.058797363281250000e+03
7.980397949218750000e+03
7.810162597656250000e+03
7.743370605468750000e+03
7.656041992187500000e+03
7.595679199218750000e+03
7.457983886718750000e+03
7.385994628906250000e+03
7.337810058593750000e+03
7.236543945312500000e+03
7.199029296875000000e+03
7.139058593750000000e+03
7.051790527343750000e+03
6.954753906250000000e+03
6.907817382812500000e+03
6.856725097656250000e+03
6.842914550781250000e+03
6.790249023437500000e+03
6.763469726562500000e+03
6.685226074218750000e+03
6.625169433593750000e+03
6.581875488281250000e+03
6.517969238281250000e+03
6.525875976562500000e+03
6.455120117187500000e+03
6.422478515625000000e+03
6.411874511718750000e+03
6.354362792968750000e+03
6.345637695312500000e+03
6.343049316406250000e+03
6.323737304687500000e+03
6.302910156250000000e+03
6.275377441406250000e+03
6.254131347656250000e+03
6.228258789062500000e+03
6.247291503906250000e+03
6.229354492187500000e+03
6.177290527343750000e+03
6.192713867187500000e+03
6.146379882812500000e+03
6.150182128906250000e+03
6.137979980468750000e+03
6.079753417968750000e+03
6.076139160156250000e+03
6.032673339843750000e+03
6.016015136718750000e+03
6.026971191406250000e+03
5.996437988281250000e+03
6.007165039062500000e+03
5.972640625000000000e+03
5.973095703125000000e+03
5.972118652343750000e+03
5.935973144531250000e+03
5.933786132812500000e+03
5.940281250000000000e+03
5.894095214843750000e+03
5.852350097656250000e+03
5.826397460937500000e+03
5.847129394531250000e+03
5.797761230468750000e+03
5.794233398437500000e+03
5.797539062500000000e+03
5.775974121093750000e+03
5.738330566406250000e+03
5.729339843750000000e+03
5.732856445312500000e+03
5.714511718750000000e+03
5.668504394531250000e+03
5.627556640625000000e+03
5.631188476562500000e+03
5.601065917968750000e+03
5.610609863281250000e+03
5.564377929687500000e+03
5.559657714843750000e+03
5.537785156250000000e+03
5.543647460937500000e+03
5.528574218750000000e+03
5.503711425781250000e+03
5.505634277343750000e+03
5.494561523437500000e+03
5.469050781250000000e+03
5.427373046875000000e+03
5.427087890625000000e+03
5.464844726562500000e+03
5.405913085937500000e+03
5.351558593750000000e+03
5.375825683593750000e+03
5.324364746093750000e+03
5.309896484375000000e+03
5.329510253906250000e+03
5.271388183593750000e+03
5.278843261718750000e+03
5.270294921875000000e+03
5.243658203125000000e+03
5.267980468750000000e+03
5.246855468750000000e+03
5.206889160156250000e+03
5.199253417968750000e+03
5.164708496093750000e+03
5.164886230468750000e+03
5.154817871093750000e+03
5.114652832031250000e+03
5.113305175781250000e+03
5.114166503906250000e+03
5.063527343750000000e+03
5.053183105468750000e+03
5.067099609375000000e+03
5.017165039062500000e+03
5.022372070312500000e+03
4.992926757812500000e+03
5.002798828125000000e+03
4.943597167968750000e+03
4.963316894531250000e+03
4.947432128906250000e+03
4.916530273437500000e+03
4.886748535156250000e+03
4.878513671875000000e+03
4.888846191406250000e+03
4.862981445312500000e+03
4.846422363281250000e+03
4.857868164062500000e+03
4.820126953125000000e+03
4.778368164062500000e+03
4.772983886718750000e+03
4.786265625000000000e+03
4.781173828125000000e+03
4.722286132812500000e+03
4.782365722656250000e+03
4.720196777343750000e+03
4.711554687500000000e+03
4.669063476562500000e+03
4.653525390625000000e+03
4.649090820312500000e+03
4.627280761718750000e+03
4.604082031250000000e+03
4.581312988281250000e+03
4.616053222656250000e+03
4.578153808593750000e+03
4.551731445312500000e+03
4.560160156250000000e+03
4.536311523437500000e+03
4.522929687500000000e+03
4.499403808593750000e+03
4.514809570312500000e+03
4.457585449218750000e+03
4.483696777343750000e+03
4.449705566406250000e+03
4.459618164062500000e+03
4.401722656250000000e+03
4.402452148437500000e+03
4.382740234375000000e+03
4.379794433593750000e+03
4.383075195312500000e+03
4.321348144531250000e+03
4.332278808593750000e+03
4.336208496093750000e+03
4.314062988281250000e+03
4.288812011718750000e+03
4.269989257812500000e+03
4.286462402343750000e+03
4.267591308593750000e+03
4.262579101562500000e+03
4.216517089843750000e+03
4.211395996093750000e+03
4.217989746093750000e+03
4.198504394531250000e+03
4.173851074218750000e+03
4.143019042968750000e+03
4.117792480468750000e+03
4.148948242187500000e+03
4.112214843750000000e+03
4.114512695312500000e+03
4.103524414062500000e+03
4.078046630859375000e+03
4.084575195312500000e+03
4.086108886718750000e+03
4.054288574218750000e+03
4.041929687500000000e+03
4.017155273437500000e+03
4.044241699218750000e+03
4.038543701171875000e+03
4.027137695312500000e+03
3.999958984375000000e+03
3.979014404296875000e+03
3.962904541015625000e+03
3.987183349609375000e+03
3.984899902343750000e+03
3.958985595703125000e+03
3.930763671875000000e+03
3.909418212890625000e+03
3.886967041015625000e+03
3.891221679687500000e+03
3.891854003906250000e+03
3.874156250000000000e+03
3.853968261718750000e+03
3.834927978515625000e+03
3.827718994140625000e+03
3.806833007812500000e+03
3.818409912109375000e+03
3.802219970703125000e+03
3.782289306640625000e+03
3.788734375000000000e+03
3.780378906250000000e+03
3.781038330078125000e+03
3.735573974609375000e+03
3.778909667968750000e+03
3.761179199218750000e+03
3.726698242187500000e+03
3.756707031250000000e+03
3.745015380859375000e+03
3.711831054687500000e+03
3.690730224609375000e+03
3.664554931640625000e+03
3.653709716796875000e+03
3.644951416015625000e+03
3.657978271484375000e+03
3.652766601562500000e+03
3.635503662109375000e+03
3.668043945312500000e+03
3.642710205078125000e+03
3.630085205078125000e+03
3.599752685546875000e+03
3.609831054687500000e+03
3.584652587890625000e+03
3.561716552734375000e+03
3.555967041015625000e+03
3.645411865234375000e+03
3.672595947265625000e+03
3.623927978515625000e+03
3.551138671875000000e+03
3.516630371093750000e+03
3.524593750000000000e+03
3.582680664062500000e+03
3.617484375000000000e+03
3.566926513671875000e+03
3.490587646484375000e+03
3.490217529296875000e+03
3.562935302734375000e+03
3.573028564453125000e+03
3.508773193359375000e+03
3.487091552734375000e+03
3.506737060546875000e+03
3.544711914062500000e+03
3.502237304687500000e+03
3.433186279296875000e+03
3.428107177734375000e+03
3.463568359375000000e+03
3.478775390625000000e+03
3.427538574218750000e+03
3.416960693359375000e+03
3.450552001953125000e+03
3.456962402343750000e+03
3.434618408203125000e+03
3.371860351562500000e+03
3.386046875000000000e+03
3.396895263671875000e+03
3.396496582031250000e+03
3.347641601562500000e+03
3.352785888671875000e+03
3.369978515625000000e+03
3.400098388671875000e+03
3.337385253906250000e+03
3.295537597656250000e+03
3.323114990234375000e+03
3.373393554687500000e+03
3.319084960937500000e+03
3.317203369140625000e+03
3.281775390625000000e+03
3.306575927734375000e+03
3.272895996093750000e+03
3.271981201171875000e+03
3.253545654296875000e+03
3.302416259765625000e+03
3.255937011718750000e+03
3.278083007812500000e+03
3.265646240234375000e+03
3.230592529296875000e+03
3.227865234375000000e+03
3.261370361328125000e+03
3.242741943359375000e+03
3.201525634765625000e+03
3.210378906250000000e+03
3.200542236328125000e+03
3.232166259765625000e+03
3.205207519531250000e+03
3.207533935546875000e+03
3.194008544921875000e+03
3.185990234375000000e+03
3.176421875000000000e+03
3.179619628906250000e+03
3.166954589843750000e+03
3.136864990234375000e+03
3.153080078125000000e+03
3.143889648437500000e+03
3.144356933593750000e+03
3.145851074218750000e+03
3.148316894531250000e+03
3.136012695312500000e+03
3.137823242187500000e+03
3.140275390625000000e+03
3.119799560546875000e+03
3.091561279296875000e+03
3.105674072265625000e+03
3.103709716796875000e+03
3.096520019531250000e+03
3.101299560546875000e+03
3.120303955078125000e+03
3.111477050781250000e+03
3.132169189453125000e+03
3.115461181640625000e+03
3.096126220703125000e+03
3.089144042968750000e+03
3.114354980468750000e+03
3.093733886718750000e+03
3.119235595703125000e+03
3.102228027343750000e+03
3.094349609375000000e+03
3.051442626953125000e+03
3.016367187500000000e+03
3.007069335937500000e+03
3.030544677734375000e+03
3.052248535156250000e+03
3.067098632812500000e+03
3.040170410156250000e+03
3.066063964843750000e+03
3.048656250000000000e+03
3.041215087890625000e+03
3.002979003906250000e+03
3.015766845703125000e+03
3.000091308593750000e+03
2.991584960937500000e+03
2.950877929687500000e+03
2.957694335937500000e+03
2.951897705078125000e+03
2.946752685546875000e+03
2.942132568359375000e+03
2.947672363281250000e+03
2.935854248046875000e+03
2.947303955078125000e+03
2.961655273437500000e+03
2.963708740234375000e+03
2.954397705078125000e+03
2.965453369140625000e+03
2.937377929687500000e+03
2.961407714843750000e+03
2.949549560546875000e+03
2.931464599609375000e+03
2.921864990234375000e+03
2.901144531250000000e+03
2.892882324218750000e+03
2.874154052734375000e+03
2.856981689453125000e+03
2.899847412109375000e+03
2.935633544921875000e+03
2.982116943359375000e+03
3.031899658203125000e+03
3.046408203125000000e+03
3.038709228515625000e+03
2.945594970703125000e+03
2.870753417968750000e+03
2.850605224609375000e+03
2.877586181640625000e+03
2.943375244140625000e+03
2.978702392578125000e+03
2.983842041015625000e+03
2.899255615234375000e+03
2.838991943359375000e+03
2.811667968750000000e+03
2.823422363281250000e+03
2.839218750000000000e+03
2.841170898437500000e+03
2.822093261718750000e+03
2.814139892578125000e+03
2.798288330078125000e+03
2.770000732421875000e+03
2.794645751953125000e+03
2.803050292968750000e+03
2.815550537109375000e+03
2.851131591796875000e+03
2.819274414062500000e+03
2.821022216796875000e+03
2.804754638671875000e+03
2.776355224609375000e+03
2.775560546875000000e+03
2.753806640625000000e+03
2.738778808593750000e+03
2.747825683593750000e+03
2.734243408203125000e+03
2.731163574218750000e+03
2.756303710937500000e+03
2.749985351562500000e+03
2.774616455078125000e+03
2.771179199218750000e+03
2.777051025390625000e+03
2.742753906250000000e+03
2.697901367187500000e+03
2.702503662109375000e+03
2.730555419921875000e+03
2.750453369140625000e+03
2.782928222656250000e+03
2.781135742187500000e+03
2.821061523437500000e+03
2.793862548828125000e+03
2.748968261718750000e+03
2.723701904296875000e+03
2.677095458984375000e+03
2.661957763671875000e+03
2.685053710937500000e+03
2.732214355468750000e+03
2.803889892578125000e+03
2.843981933593750000e+03
2.855290527343750000e+03
2.772305664062500000e+03
2.688003417968750000e+03
2.638610595703125000e+03
2.644045898437500000e+03
2.680069824218750000e+03
2.677086425781250000e+03
2.654891357421875000e+03
2.651497558593750000e+03
2.642646240234375000e+03
2.613733154296875000e+03
2.607562011718750000e+03
2.609567382812500000e+03
2.588760009765625000e+03
2.624104248046875000e+03
2.616155029296875000e+03
2.623813720703125000e+03
2.623179443359375000e+03
2.606190185546875000e+03
2.617843017578125000e+03
2.627641601562500000e+03
2.627992187500000000e+03
2.601564208984375000e+03
2.578565185546875000e+03
2.579843505859375000e+03
2.568693603515625000e+03
2.576371093750000000e+03
2.572367431640625000e+03
2.591968261718750000e+03
2.654063720703125000e+03
2.697625244140625000e+03
2.710674560546875000e+03
2.688040039062500000e+03
2.652961181640625000e+03
2.617135009765625000e+03
2.585849853515625000e+03
2.551242919921875000e+03
2.507002685546875000e+03
2.535668212890625000e+03
2.520281250000000000e+03
2.534047363281250000e+03
2.556429931640625000e+03
2.552942138671875000e+03
2.580267089843750000e+03
2.627678466796875000e+03
2.670144531250000000e+03
2.677644531250000000e+03
2.663125488281250000e+03
2.617528076171875000e+03
2.566446777343750000e+03
2.511969482421875000e+03
2.465654785156250000e+03
2.476471435546875000e+03
2.498697753906250000e+03
2.498295654296875000e+03
2.501450927734375000e+03
2.496580566406250000e+03
2.484362060546875000e+03
2.492557861328125000e+03
2.470254394531250000e+03
2.465700195312500000e+03
2.453102050781250000e+03
2.443688232421875000e+03
2.436701416015625000e+03
2.435395263671875000e+03
2.427307373046875000e+03
2.444649658203125000e+03
2.487963867187500000e+03
2.517466064453125000e+03
2.562064697265625000e+03
2.593860595703125000e+03
2.613878173828125000e+03
2.573114013671875000e+03
2.536433593750000000e+03
2.441546386718750000e+03
2.398668701171875000e+03
2.401540039062500000e+03
2.426989746093750000e+03
2.428723388671875000e+03
2.433765380859375000e+03
2.463842529296875000e+03
2.493129394531250000e+03
2.557210205078125000e+03
2.622461425781250000e+03
2.663042724609375000e+03
2.580162109375000000e+03
2.473136718750000000e+03
2.391254394531250000e+03
2.360780761718750000e+03
2.407509277343750000e+03
2.450128173828125000e+03
2.514093017578125000e+03
2.503049560546875000e+03
2.476144531250000000e+03
2.400705566406250000e+03
2.356447753906250000e+03
2.332658203125000000e+03
2.408892578125000000e+03
2.495425292968750000e+03
2.517213378906250000e+03
2.505776855468750000e+03
2.424746582031250000e+03
2.329534423828125000e+03
2.326937011718750000e+03
2.355991943359375000e+03
2.409362304687500000e+03
2.390173095703125000e+03
2.390150390625000000e+03
2.389068359375000000e+03
2.349852783203125000e+03
2.314578369140625000e+03
2.315617431640625000e+03
2.302453613281250000e+03
2.314651123046875000e+03
2.334343017578125000e+03
2.331685546875000000e+03
2.314107421875000000e+03
2.305610595703125000e+03
2.286625000000000000e+03
2.275451416015625000e+03
2.280135253906250000e+03
2.285566894531250000e+03
2.262996337890625000e+03
2.278034912109375000e+03
2.276030761718750000e+03
2.247959472656250000e+03
2.267201904296875000e+03
2.263768554687500000e+03
2.260562988281250000e+03
2.247465820312500000e+03
2.272427734375000000e+03
2.271322509765625000e+03
2.293417724609375000e+03
2.332451416015625000e+03
2.376647705078125000e+03
2.483815185546875000e+03
2.576633544921875000e+03
2.571322021484375000e+03
2.452313232421875000e+03
2.346484375000000000e+03
2.251517578125000000e+03
2.242819580078125000e+03
2.337226806640625000e+03
2.366607177734375000e+03
2.406988525390625000e+03
2.362868408203125000e+03
2.336733398437500000e+03
2.262748291015625000e+03
2.243198730468750000e+03
2.215320800781250000e+03
2.194388183593750000e+03
2.203037597656250000e+03
2.192690429687500000e+03
2.198457031250000000e+03
2.194763671875000000e+03
2.190126708984375000e+03
2.202849121093750000e+03
2.218597167968750000e+03
2.245991943359375000e+03
2.269832519531250000e+03
2.325715820312500000e+03
2.345876708984375000e+03
2.417495361328125000e+03
2.328460449218750000e+03
2.236293212890625000e+03
2.167076904296875000e+03
2.161074462890625000e+03
2.185129394531250000e+03
2.226830566406250000e+03
2.305744384765625000e+03
2.317336914062500000e+03
2.335221435546875000e+03
2.311365478515625000e+03
2.271054687500000000e+03
2.187286865234375000e+03
2.148341552734375000e+03
2.120497558593750000e+03
2.178423095703125000e+03
2.225604248046875000e+03
2.266045166015625000e+03
2.284309082031250000e+03
2.246117187500000000e+03
2.217977050781250000e+03
2.148950927734375000e+03
2.114498535156250000e+03
2.112111572265625000e+03
2.135835449218750000e+03
2.148819824218750000e+03
2.164519531250000000e+03
2.190313964843750000e+03
2.176947753906250000e+03
2.232730468750000000e+03
2.208297607421875000e+03
2.235910400390625000e+03
2.210482910156250000e+03
2.180280273437500000e+03
2.132212402343750000e+03
2.082184326171875000e+03
2.087870117187500000e+03
2.122178222656250000e+03
2.154509521484375000e+03
2.173229492187500000e+03
2.172852539062500000e+03
2.197679443359375000e+03
2.178968505859375000e+03
2.160358886718750000e+03
2.136925048828125000e+03
2.075959228515625000e+03
2.061082031250000000e+03
2.058241699218750000e+03
2.064968261718750000e+03
2.071560302734375000e+03
2.097448486328125000e+03
2.151525878906250000e+03
2.223450683593750000e+03
2.279419921875000000e+03
2.278115722656250000e+03
2.242194091796875000e+03
2.124871093750000000e+03
2.054093994140625000e+03
2.037327148437500000e+03
2.047297607421875000e+03
2.099325927734375000e+03
2.147132568359375000e+03
2.187626953125000000e+03
2.185845703125000000e+03
2.163230712890625000e+03
2.099864013671875000e+03
2.069814941406250000e+03
2.042378173828125000e+03
2.024017944335937500e+03
2.011124267578125000e+03
2.003600830078125000e+03
2.012014282226562500e+03
2.011918945312500000e+03
2.034315673828125000e+03
2.039261352539062500e+03
2.084130615234375000e+03
2.148012207031250000e+03
2.213467285156250000e+03
2.199679199218750000e+03
2.187554687500000000e+03
2.082059570312500000e+03
2.019678955078125000e+03
1.976328857421875000e+03
2.013252929687500000e+03
2.048172363281250000e+03
2.074906005859375000e+03
2.119645263671875000e+03
2.172462158203125000e+03
2.168600585937500000e+03
2.145871582031250000e+03
2.097392089843750000e+03
2.019261596679687500e+03
1.990870483398437500e+03
1.964382690429687500e+03
1.952683105468750000e+03
1.966124023437500000e+03
1.980620117187500000e+03
2.000927368164062500e+03
2.030897827148437500e+03
2.106118896484375000e+03
2.145825195312500000e+03
2.158689208984375000e+03
2.093279785156250000e+03
2.011838500976562500e+03
1.974900512695312500e+03
1.933084106445312500e+03
1.961568969726562500e+03
2.007493530273437500e+03
2.078959960937500000e+03
2.101784912109375000e+03
2.071859863281250000e+03
1.987630981445312500e+03
1.956440185546875000e+03
1.924438842773437500e+03
1.906022705078125000e+03
1.914082641601562500e+03
1.922674682617187500e+03
1.967541625976562500e+03
2.009045166015625000e+03
2.072884521484375000e+03
2.101424560546875000e+03
2.123025146484375000e+03
2.049647705078125000e+03
1.964369506835937500e+03
1.906507202148437500e+03
1.898142089843750000e+03
1.910820190429687500e+03
1.959450927734375000e+03
2.047695922851562500e+03
2.126963867187500000e+03
2.116650390625000000e+03
2.027549316406250000e+03
1.959557861328125000e+03
1.878569702148437500e+03
1.867998291015625000e+03
1.869712036132812500e+03
1.903272705078125000e+03
1.934969360351562500e+03
1.965115356445312500e+03
2.024162475585937500e+03
2.040647338867187500e+03
1.994027343750000000e+03
1.939572631835937500e+03
1.903271362304687500e+03
1.889080444335937500e+03
1.849385986328125000e+03
1.839835205078125000e+03
1.847318481445312500e+03
1.851601928710937500e+03
1.845533691406250000e+03
1.870419311523437500e+03
1.926027465820312500e+03
2.049793945312500000e+03
2.168282958984375000e+03
2.118086914062500000e+03
1.964496948242187500e+03
1.890157470703125000e+03
1.833446655273437500e+03
1.851768676757812500e+03
1.929222656250000000e+03
1.977687866210937500e+03
2.034732299804687500e+03
2.011312988281250000e+03
1.936212158203125000e+03
1.883847656250000000e+03
1.870978637695312500e+03
1.832618530273437500e+03
1.836012329101562500e+03
1.821170288085937500e+03
1.813458007812500000e+03
1.814402465820312500e+03
1.806061035156250000e+03
1.814140014648437500e+03
1.806604858398437500e+03
1.824467773437500000e+03
1.907491455078125000e+03
1.994387329101562500e+03
2.102351318359375000e+03
2.100967041015625000e+03
2.018773925781250000e+03
1.857599121093750000e+03
1.800723510742187500e+03
1.776417358398437500e+03
1.812148925781250000e+03
1.899151855468750000e+03
1.968063598632812500e+03
1.991252807617187500e+03
1.963928466796875000e+03
1.897853515625000000e+03
1.850061645507812500e+03
1.803491699218750000e+03
1.803611450195312500e+03
1.810584106445312500e+03
1.792392456054687500e+03
1.817807983398437500e+03
1.821568969726562500e+03
1.874929321289062500e+03
1.910636596679687500e+03
1.948702148437500000e+03
1.932230102539062500e+03
1.903800659179687500e+03
1.846393676757812500e+03
1.813858276367187500e+03
1.759642089843750000e+03
1.745943969726562500e+03
1.729167602539062500e+03
1.751913330078125000e+03
1.773757446289062500e+03
1.809611938476562500e+03
1.904383178710937500e+03
2.016074462890625000e+03
2.022202148437500000e+03
1.922148315429687500e+03
1.844227783203125000e+03
1.757249267578125000e+03
1.729514770507812500e+03
1.736738647460937500e+03
1.729185668945312500e+03
1.775169921875000000e+03
1.806511962890625000e+03
1.850528686523437500e+03
1.910820190429687500e+03
1.930289428710937500e+03
1.887673706054687500e+03
1.825146484375000000e+03
1.751864501953125000e+03
1.736488037109375000e+03
1.703794311523437500e+03
1.711474609375000000e+03
1.703367431640625000e+03
1.708342773437500000e+03
1.694369873046875000e+03
1.702731201171875000e+03
1.719437622070312500e+03
1.790396606445312500e+03
1.944532836914062500e+03
2.112702636718750000e+03
1.994544921875000000e+03
1.788063476562500000e+03
1.717231689453125000e+03
1.696484863281250000e+03
1.729193847656250000e+03
1.858319335937500000e+03
1.943859130859375000e+03
1.946032592773437500e+03
1.891117797851562500e+03
1.797491699218750000e+03
1.733235595703125000e+03
1.701560668945312500e+03
1.696253784179687500e+03
