1.179240750000000000e+06
1.178594000000000000e+06
1.169065625000000000e+06
1.169571750000000000e+06
1.162622000000000000e+06
1.158681250000000000e+06
1.148186125000000000e+06
1.148019500000000000e+06
1.134714500000000000e+06
1.133889875000000000e+06
1.132070125000000000e+06
1.129758500000000000e+06
1.124536250000000000e+06
1.120592000000000000e+06
1.113127125000000000e+06
1.113384000000000000e+06
1.108730750000000000e+06
1.102957250000000000e+06
1.102489375000000000e+06
1.096420625000000000e+06
1.096196125000000000e+06
1.093059875000000000e+06
1.088451750000000000e+06
1.086257500000000000e+06
1.085153750000000000e+06
1.082593500000000000e+06
1.078735125000000000e+06
1.073999125000000000e+06
1.072143625000000000e+06
1.069134625000000000e+06
1.069645375000000000e+06
1.067814125000000000e+06
1.064120000000000000e+06
1.055855375000000000e+06
1.059190625000000000e+06
1.055152750000000000e+06
1.058474750000000000e+06
1.057331250000000000e+06
1.047151687500000000e+06
1.052076125000000000e+06
1.042498625000000000e+06
1.041631312500000000e+06
1.037771437500000000e+06
1.031276875000000000e+06
1.042944937500000000e+06
1.038002687500000000e+06
1.025056750000000000e+06
1.027442875000000000e+06
1.028747625000000000e+06
1.026342375000000000e+06
1.026899000000000000e+06
1.023516125000000000e+06
1.022326375000000000e+06
1.018697062500000000e+06
1.013740562500000000e+06
1.009348687500000000e+06
1.010527750000000000e+06
1.009916062500000000e+06
1.014122500000000000e+06
1.007696875000000000e+06
9.977054375000000000e+05
1.002950062500000000e+06
1.002885937500000000e+06
1.000514625000000000e+06
9.949570625000000000e+05
9.957915000000000000e+05
9.919658750000000000e+05
9.947606875000000000e+05
9.898886875000000000e+05
9.867773125000000000e+05
9.834529375000000000e+05
9.849671875000000000e+05
9.834147500000000000e+05
9.821900000000000000e+05
9.790875000000000000e+05
9.736854375000000000e+05
9.682793125000000000e+05
9.702103750000000000e+05
9.709758750000000000e+05
9.702351875000000000e+05
9.726316250000000000e+05
9.691018750000000000e+05
9.636023125000000000e+05
9.686366875000000000e+05
9.616810000000000000e+05
9.642382500000000000e+05
9.613522500000000000e+05
9.576757500000000000e+05
9.573721250000000000e+05
9.564625000000000000e+05
9.498989375000000000e+05
9.511891250000000000e+05
9.516735625000000000e+05
9.447210625000000000e+05
9.538901250000000000e+05
9.461400000000000000e+05
9.474228125000000000e+05
9.497086875000000000e+05
9.433866250000000000e+05
9.383186875000000000e+05
9.374848750000000000e+05
9.358638750000000000e+05
9.291968125000000000e+05
9.337998125000000000e+05
9.289731875000000000e+05
9.310821250000000000e+05
9.306685625000000000e+05
9.274988125000000000e+05
9.223294375000000000e+05
9.270306250000000000e+05
9.232815625000000000e+05
9.215348750000000000e+05
9.196022500000000000e+05
9.174428125000000000e+05
9.193326875000000000e+05
9.155543750000000000e+05
9.176173750000000000e+05
9.172657500000000000e+05
9.150766250000000000e+05
9.144130625000000000e+05
9.084535625000000000e+05
9.081981250000000000e+05
9.041483125000000000e+05
9.003247500000000000e+05
9.074476250000000000e+05
9.026600000000000000e+05
8.998041250000000000e+05
9.040474375000000000e+05
8.995328125000000000e+05
8.967264375000000000e+05
8.925943125000000000e+05
8.972998125000000000e+05
8.959129375000000000e+05
8.888213125000000000e+05
8.901595000000000000e+05
8.929921875000000000e+05
8.934593750000000000e+05
8.852213750000000000e+05
8.906970625000000000e+05
8.851416875000000000e+05
8.879856250000000000e+05
8.793758750000000000e+05
8.829860625000000000e+05
8.852912500000000000e+05
8.795825625000000000e+05
8.764868125000000000e+05
8.723840000000000000e+05
8.795050625000000000e+05
8.722219375000000000e+05
8.750330625000000000e+05
8.731038750000000000e+05
8.710296875000000000e+05
8.720690000000000000e+05
8.700148750000000000e+05
8.652431250000000000e+05
8.651515000000000000e+05
8.597481875000000000e+05
8.646893750000000000e+05
8.712498125000000000e+05
8.635727500000000000e+05
8.619760000000000000e+05
8.611135625000000000e+05
8.563363125000000000e+05
8.595276875000000000e+05
8.564781250000000000e+05
8.502568750000000000e+05
8.553895000000000000e+05
8.514861875000000000e+05
8.461625625000000000e+05
8.463941250000000000e+05
8.469863125000000000e+05
8.484729375000000000e+05
8.478718125000000000e+05
8.466691250000000000e+05
8.467153750000000000e+05
8.424231875000000000e+05
8.419270000000000000e+05
8.375953125000000000e+05
8.380820625000000000e+05
8.401424375000000000e+05
8.376011875000000000e+05
8.392750625000000000e+05
8.376874375000000000e+05
8.392406250000000000e+05
8.346809375000000000e+05
8.320963125000000000e+05
8.342799375000000000e+05
8.273890625000000000e+05
8.264916250000000000e+05
8.279659375000000000e+05
8.301033125000000000e+05
8.262825625000000000e+05
8.268898125000000000e+05
8.231587500000000000e+05
8.244595000000000000e+05
8.216466875000000000e+05
8.280920000000000000e+05
8.234780625000000000e+05
8.224033125000000000e+05
8.191115000000000000e+05
8.154413125000000000e+05
8.200650000000000000e+05
8.202147500000000000e+05
8.131586250000000000e+05
8.150841250000000000e+05
8.151437500000000000e+05
8.151220000000000000e+05
8.116888750000000000e+05
8.081256875000000000e+05
8.084868750000000000e+05
8.064708750000000000e+05
8.084870625000000000e+05
8.103904375000000000e+05
8.099649375000000000e+05
8.047485625000000000e+05
8.065063125000000000e+05
8.018776875000000000e+05
7.961953125000000000e+05
7.998743750000000000e+05
8.014778125000000000e+05
8.014867500000000000e+05
7.974831875000000000e+05
7.949456250000000000e+05
7.962894375000000000e+05
7.932289375000000000e+05
7.949113750000000000e+05
7.953231250000000000e+05
7.906531875000000000e+05
7.922478125000000000e+05
7.911788125000000000e+05
7.906235625000000000e+05
7.905343125000000000e+05
7.888495000000000000e+05
7.924403750000000000e+05
7.861274375000000000e+05
7.849544375000000000e+05
7.861030625000000000e+05
7.887187500000000000e+05
7.843025000000000000e+05
7.856750000000000000e+05
7.818968750000000000e+05
7.812106250000000000e+05
7.803592500000000000e+05
7.767071250000000000e+05
7.781373125000000000e+05
7.776240000000000000e+05
7.794243125000000000e+05
7.747957500000000000e+05
7.757441875000000000e+05
7.736187500000000000e+05
7.750320000000000000e+05
7.723338125000000000e+05
7.729325000000000000e+05
7.679219375000000000e+05
7.667003750000000000e+05
7.703032500000000000e+05
7.661279375000000000e+05
7.660638750000000000e+05
7.714533750000000000e+05
7.623473125000000000e+05
7.604071875000000000e+05
7.591344375000000000e+05
7.630211875000000000e+05
7.646405625000000000e+05
7.609969375000000000e+05
7.611643750000000000e+05
7.578135000000000000e+05
7.612062500000000000e+05
7.598934375000000000e+05
7.576207500000000000e+05
7.593756875000000000e+05
7.548275000000000000e+05
7.531415625000000000e+05
7.548341875000000000e+05
7.518678125000000000e+05
7.507820000000000000e+05
7.486486875000000000e+05
7.553531875000000000e+05
7.535196250000000000e+05
7.531102500000000000e+05
7.480927500000000000e+05
7.445937500000000000e+05
7.421938125000000000e+05
7.506592500000000000e+05
7.459929375000000000e+05
7.449481875000000000e+05
7.458235625000000000e+05
7.427298125000000000e+05
7.432913750000000000e+05
7.404666250000000000e+05
7.446623750000000000e+05
7.432784375000000000e+05
7.419875625000000000e+05
7.379923750000000000e+05
7.342425625000000000e+05
7.422855625000000000e+05
7.412919375000000000e+05
7.324196875000000000e+05
7.334682500000000000e+05
7.352869375000000000e+05
7.355044375000000000e+05
7.304991250000000000e+05
7.315911875000000000e+05
7.289130625000000000e+05
7.333101875000000000e+05
7.308195625000000000e+05
7.283688125000000000e+05
7.306520000000000000e+05
7.323045625000000000e+05
7.296586875000000000e+05
7.274291875000000000e+05
7.267425000000000000e+05
7.274493125000000000e+05
7.260222500000000000e+05
7.257717500000000000e+05
7.187121250000000000e+05
7.247770625000000000e+05
7.252518125000000000e+05
7.229155625000000000e+05
7.225729375000000000e+05
7.175648125000000000e+05
7.195401875000000000e+05
7.197635625000000000e+05
7.193299375000000000e+05
7.184245000000000000e+05
7.190951250000000000e+05
7.161077500000000000e+05
7.176995000000000000e+05
7.136111250000000000e+05
7.143648750000000000e+05
7.113623125000000000e+05
7.130183125000000000e+05
7.128189375000000000e+05
7.099398750000000000e+05
7.078466875000000000e+05
7.113451250000000000e+05
7.065441250000000000e+05
7.059138125000000000e+05
7.096616250000000000e+05
7.050863125000000000e+05
7.045782500000000000e+05
7.016381875000000000e+05
7.076401875000000000e+05
7.067720625000000000e+05
7.031107500000000000e+05
7.006131250000000000e+05
7.031916875000000000e+05
7.014112500000000000e+05
7.033401250000000000e+05
6.979556875000000000e+05
6.991873750000000000e+05
6.968667500000000000e+05
6.943788125000000000e+05
6.982095625000000000e+05
6.920987500000000000e+05
6.942927500000000000e+05
6.950741250000000000e+05
6.950698750000000000e+05
6.940303750000000000e+05
6.935996250000000000e+05
6.909990000000000000e+05
6.933906875000000000e+05
6.915523750000000000e+05
6.912925000000000000e+05
6.889839375000000000e+05
6.880823125000000000e+05
6.910692500000000000e+05
6.929360000000000000e+05
6.887606250000000000e+05
6.870275625000000000e+05
6.839442500000000000e+05
6.863376875000000000e+05
6.836412500000000000e+05
6.836781875000000000e+05
6.822876250000000000e+05
6.835856875000000000e+05
6.790305000000000000e+05
6.798195625000000000e+05
6.791200625000000000e+05
6.806551875000000000e+05
6.812353125000000000e+05
6.805483750000000000e+05
6.791206875000000000e+05
6.785920000000000000e+05
6.784086250000000000e+05
6.743103125000000000e+05
6.749385625000000000e+05
6.714801250000000000e+05
6.755477500000000000e+05
6.736643125000000000e+05
6.753626875000000000e+05
6.696883125000000000e+05
6.728735625000000000e+05
6.765328750000000000e+05
6.730878750000000000e+05
6.697577500000000000e+05
6.715086250000000000e+05
6.680920000000000000e+05
6.670813125000000000e+05
6.695778750000000000e+05
6.651186875000000000e+05
6.681136250000000000e+05
6.653205000000000000e+05
6.661310000000000000e+05
6.640190000000000000e+05
6.636476875000000000e+05
6.632341250000000000e+05
6.632458750000000000e+05
6.653563125000000000e+05
6.623051875000000000e+05
6.586283750000000000e+05
6.614782500000000000e+05
6.632740000000000000e+05
6.612792500000000000e+05
6.556775000000000000e+05
6.589660000000000000e+05
6.569810625000000000e+05
6.567361875000000000e+05
6.562208125000000000e+05
6.541575000000000000e+05
6.588631250000000000e+05
6.519729375000000000e+05
6.534834375000000000e+05
6.521948125000000000e+05
6.559405000000000000e+05
6.559531250000000000e+05
6.521937500000000000e+05
6.471111875000000000e+05
6.521140625000000000e+05
6.498404375000000000e+05
6.506642500000000000e+05
6.500486875000000000e+05
6.487898125000000000e+05
6.436358125000000000e+05
6.452505000000000000e+05
6.434593750000000000e+05
6.464790000000000000e+05
6.468877500000000000e+05
6.470644375000000000e+05
6.416015625000000000e+05
6.404516875000000000e+05
6.410927500000000000e+05
6.418781875000000000e+05
6.383786875000000000e+05
6.410383125000000000e+05
6.404291875000000000e+05
6.395741250000000000e+05
6.387194375000000000e+05
6.405327500000000000e+05
6.381910000000000000e+05
6.386795625000000000e+05
6.426346250000000000e+05
6.347424375000000000e+05
6.373684375000000000e+05
6.364785625000000000e+05
6.354213750000000000e+05
6.307776875000000000e+05
6.339070000000000000e+05
6.341763125000000000e+05
6.365415625000000000e+05
6.319498125000000000e+05
6.344358750000000000e+05
6.321768125000000000e+05
6.306176875000000000e+05
6.276565000000000000e+05
6.297265625000000000e+05
6.286740000000000000e+05
6.289514375000000000e+05
6.266370625000000000e+05
6.246731250000000000e+05
6.261024375000000000e+05
6.276786875000000000e+05
6.265796875000000000e+05
6.205084375000000000e+05
6.248756250000000000e+05
6.254801875000000000e+05
6.256482500000000000e+05
6.238165000000000000e+05
6.243566250000000000e+05
6.204956250000000000e+05
6.252191250000000000e+05
6.190354375000000000e+05
6.211043750000000000e+05
6.174116875000000000e+05
6.193151250000000000e+05
6.207988125000000000e+05
6.143256250000000000e+05
6.172780000000000000e+05
6.148034375000000000e+05
6.166530625000000000e+05
6.159644375000000000e+05
6.129010625000000000e+05
6.124194375000000000e+05
6.116525000000000000e+05
6.144795000000000000e+05
6.137739375000000000e+05
6.110998750000000000e+05
6.122043750000000000e+05
6.121805625000000000e+05
6.114834375000000000e+05
6.141115000000000000e+05
6.085040625000000000e+05
6.084015625000000000e+05
6.055324375000000000e+05
6.097807500000000000e+05
6.078495625000000000e+05
6.053393125000000000e+05
6.049204375000000000e+05
6.043813750000000000e+05
6.018045625000000000e+05
6.028635000000000000e+05
6.035813750000000000e+05
6.041163750000000000e+05
6.023213125000000000e+05
6.032972500000000000e+05
6.054171875000000000e+05
6.054791875000000000e+05
6.010858125000000000e+05
6.022493750000000000e+05
6.010783750000000000e+05
6.019153750000000000e+05
5.985336250000000000e+05
5.992165000000000000e+05
5.976541875000000000e+05
5.956628750000000000e+05
6.004602500000000000e+05
5.973318750000000000e+05
5.960613750000000000e+05
5.953453750000000000e+05
5.990466250000000000e+05
5.946541875000000000e+05
5.971821875000000000e+05
5.952670000000000000e+05
5.942705625000000000e+05
5.899705625000000000e+05
5.897489375000000000e+05
5.871526875000000000e+05
5.905085625000000000e+05
5.923189375000000000e+05
5.912185000000000000e+05
5.926691250000000000e+05
5.897674375000000000e+05
5.917030625000000000e+05
5.909461250000000000e+05
5.869386875000000000e+05
5.871954375000000000e+05
5.887604375000000000e+05
5.858724375000000000e+05
5.907923750000000000e+05
5.858826875000000000e+05
5.868556875000000000e+05
5.849407500000000000e+05
5.819529375000000000e+05
5.831823750000000000e+05
5.844991250000000000e+05
5.824348750000000000e+05
5.819355000000000000e+05
5.832835000000000000e+05
5.778241875000000000e+05
5.816765625000000000e+05
5.781280000000000000e+05
5.785603125000000000e+05
5.781009375000000000e+05
5.804865000000000000e+05
5.785685625000000000e+05
5.812940000000000000e+05
5.764613750000000000e+05
5.770771875000000000e+05
5.785001875000000000e+05
5.764249375000000000e+05
5.745651875000000000e+05
5.717430000000000000e+05
5.717088125000000000e+05
5.741653750000000000e+05
5.714543125000000000e+05
5.736140000000000000e+05
5.696224375000000000e+05
5.726701875000000000e+05
5.701061875000000000e+05
5.706256875000000000e+05
5.705159375000000000e+05
5.708140000000000000e+05
5.698895000000000000e+05
5.708163750000000000e+05
5.661265625000000000e+05
5.669144375000000000e+05
5.628883750000000000e+05
5.673618125000000000e+05
5.629851875000000000e+05
5.666982500000000000e+05
5.650531250000000000e+05
5.655112500000000000e+05
5.629343750000000000e+05
5.666869375000000000e+05
5.639700625000000000e+05
5.620598750000000000e+05
5.612289375000000000e+05
5.640389375000000000e+05
5.598120625000000000e+05
5.579230000000000000e+05
5.596194375000000000e+05
5.596388750000000000e+05
5.610785000000000000e+05
5.603427500000000000e+05
5.576258125000000000e+05
5.546205625000000000e+05
5.611874375000000000e+05
5.567912500000000000e+05
5.548655000000000000e+05
5.564969375000000000e+05
5.546188125000000000e+05
5.544516250000000000e+05
5.546360000000000000e+05
5.569538750000000000e+05
5.539659375000000000e+05
5.528600000000000000e+05
5.499430000000000000e+05
5.535099375000000000e+05
5.523165000000000000e+05
5.519231250000000000e+05
5.528489375000000000e+05
5.485285625000000000e+05
5.495449375000000000e+05
5.471994375000000000e+05
5.428381250000000000e+05
5.515536875000000000e+05
5.497733125000000000e+05
5.474338750000000000e+05
5.457486250000000000e+05
5.464889375000000000e+05
5.454065000000000000e+05
5.471582500000000000e+05
5.446278125000000000e+05
5.476421875000000000e+05
5.444899375000000000e+05
5.420448125000000000e+05
5.453665625000000000e+05
5.422581875000000000e+05
5.441180625000000000e+05
5.416377500000000000e+05
5.451899375000000000e+05
5.404080000000000000e+05
5.381746875000000000e+05
5.433866250000000000e+05
5.411036250000000000e+05
5.402267500000000000e+05
5.370010625000000000e+05
5.436195000000000000e+05
5.375562500000000000e+05
5.411807500000000000e+05
5.384233125000000000e+05
5.356710625000000000e+05
5.376373125000000000e+05
5.339860625000000000e+05
5.339135000000000000e+05
5.351770625000000000e+05
5.352784375000000000e+05
5.339456250000000000e+05
5.321860000000000000e+05
5.335810000000000000e+05
5.334013125000000000e+05
5.334197500000000000e+05
5.316151875000000000e+05
5.283412500000000000e+05
5.305061875000000000e+05
5.338064375000000000e+05
5.313620000000000000e+05
5.290968125000000000e+05
5.282653125000000000e+05
5.286320000000000000e+05
5.285983125000000000e+05
5.290588750000000000e+05
5.302922500000000000e+05
5.279762500000000000e+05
5.250989375000000000e+05
5.226313750000000000e+05
5.267608125000000000e+05
5.237888437500000000e+05
5.275806250000000000e+05
5.248446875000000000e+05
5.262601250000000000e+05
5.255741250000000000e+05
5.224645937500000000e+05
5.261678125000000000e+05
5.210892187500000000e+05
5.223436250000000000e+05
5.191780312500000000e+05
5.240267500000000000e+05
5.225372187500000000e+05
5.196565312500000000e+05
5.232582812500000000e+05
5.187931250000000000e+05
5.157823125000000000e+05
5.196555312500000000e+05
5.183402500000000000e+05
5.173973750000000000e+05
5.188503125000000000e+05
5.188865625000000000e+05
5.197867500000000000e+05
5.165084687500000000e+05
5.165592187500000000e+05
5.168305937500000000e+05
5.147928750000000000e+05
5.145511562500000000e+05
5.116642812500000000e+05
5.161358750000000000e+05
5.148801562500000000e+05
5.118975937500000000e+05
5.109901562500000000e+05
5.123661250000000000e+05
5.134768125000000000e+05
5.135480312500000000e+05
5.109123437500000000e+05
5.100525312500000000e+05
5.058060625000000000e+05
5.088333125000000000e+05
5.075962500000000000e+05
5.063487187500000000e+05
5.064640937500000000e+05
5.072459062500000000e+05
5.066265937500000000e+05
5.073848125000000000e+05
5.029948125000000000e+05
5.087075000000000000e+05
5.046768437500000000e+05
5.048989375000000000e+05
5.051837812500000000e+05
5.056378125000000000e+05
5.046047500000000000e+05
5.038099687500000000e+05
5.022708750000000000e+05
5.000698125000000000e+05
5.035793125000000000e+05
4.990234687500000000e+05
5.011525625000000000e+05
4.997188750000000000e+05
4.985354062500000000e+05
5.015863125000000000e+05
5.018118437500000000e+05
4.999186250000000000e+05
4.961212187500000000e+05
4.977418125000000000e+05
4.978563437500000000e+05
4.984089687500000000e+05
4.991466562500000000e+05
4.953129062500000000e+05
4.971685937500000000e+05
4.950713125000000000e+05
4.956609687500000000e+05
4.952433750000000000e+05
4.961757812500000000e+05
4.936126250000000000e+05
4.941526250000000000e+05
4.933118750000000000e+05
4.941656250000000000e+05
4.914137500000000000e+05
4.913417812500000000e+05
4.928997812500000000e+05
4.905942500000000000e+05
4.886507500000000000e+05
4.890308125000000000e+05
4.899150312500000000e+05
4.908358437500000000e+05
4.894620000000000000e+05
4.877109687500000000e+05
4.869173750000000000e+05
4.896807500000000000e+05
4.896054687500000000e+05
4.857324687500000000e+05
4.883698750000000000e+05
4.867696562500000000e+05
4.865266875000000000e+05
4.846271250000000000e+05
4.850955000000000000e+05
4.845928125000000000e+05
4.837440312500000000e+05
4.841125625000000000e+05
4.829497187500000000e+05
4.811285000000000000e+05
4.852546562500000000e+05
4.824529375000000000e+05
4.789165312500000000e+05
4.822211875000000000e+05
4.816094375000000000e+05
4.812787187500000000e+05
4.822280625000000000e+05
4.788125937500000000e+05
4.815420000000000000e+05
4.791456250000000000e+05
4.780055312500000000e+05
4.791111250000000000e+05
4.771102187500000000e+05
4.765663437500000000e+05
4.759036250000000000e+05
4.755410312500000000e+05
4.757344062500000000e+05
4.747878437500000000e+05
4.748835937500000000e+05
4.769078125000000000e+05
4.772695000000000000e+05
4.752676250000000000e+05
4.726020625000000000e+05
4.748114375000000000e+05
4.741024687500000000e+05
4.715407187500000000e+05
4.719897187500000000e+05
4.753483125000000000e+05
4.736042187500000000e+05
4.736980937500000000e+05
4.728615937500000000e+05
4.703531875000000000e+05
4.711647187500000000e+05
4.702006562500000000e+05
4.710171562500000000e+05
4.707936250000000000e+05
4.694714062500000000e+05
4.723325312500000000e+05
4.659893437500000000e+05
4.693783750000000000e+05
4.671744687500000000e+05
4.710690000000000000e+05
4.674185312500000000e+05
4.667200312500000000e+05
4.654486562500000000e+05
4.637115312500000000e+05
4.655918125000000000e+05
4.632067500000000000e+05
4.655654687500000000e+05
4.666789062500000000e+05
4.651848437500000000e+05
4.649555625000000000e+05
4.619485000000000000e+05
4.641118125000000000e+05
4.617160625000000000e+05
4.618005312500000000e+05
4.622668437500000000e+05
4.607519062500000000e+05
4.610223437500000000e+05
4.590341875000000000e+05
4.564205937500000000e+05
4.603173437500000000e+05
4.609965937500000000e+05
4.578840312500000000e+05
4.583327812500000000e+05
4.576609375000000000e+05
4.579522500000000000e+05
4.553252187500000000e+05
4.588055312500000000e+05
4.574236562500000000e+05
4.576787187500000000e+05
4.538474687500000000e+05
4.570025312500000000e+05
4.560059687500000000e+05
4.552660937500000000e+05
4.551779375000000000e+05
4.516017812500000000e+05
4.542574062500000000e+05
4.541197187500000000e+05
4.526335937500000000e+05
4.540802500000000000e+05
4.517632812500000000e+05
4.505267500000000000e+05
4.501109375000000000e+05
4.529377812500000000e+05
4.520805000000000000e+05
4.510452500000000000e+05
4.519677812500000000e+05
4.507085625000000000e+05
4.453867500000000000e+05
4.488523437500000000e+05
4.468607187500000000e+05
4.494019687500000000e+05
4.478632500000000000e+05
4.476258125000000000e+05
4.462626562500000000e+05
4.472107500000000000e+05
4.457122500000000000e+05
4.469684375000000000e+05
4.467967187500000000e+05
4.458934062500000000e+05
4.434913750000000000e+05
4.439094687500000000e+05
4.465114375000000000e+05
4.438007812500000000e+05
4.417742187500000000e+05
4.439721875000000000e+05
4.419595937500000000e+05
4.402805625000000000e+05
4.419904375000000000e+05
4.439242500000000000e+05
4.430271250000000000e+05
4.418843125000000000e+05
4.390074375000000000e+05
4.437101250000000000e+05
4.428102812500000000e+05
4.415585312500000000e+05
4.381180937500000000e+05
4.387807812500000000e+05
4.371015625000000000e+05
4.351049375000000000e+05
4.384078437500000000e+05
4.377705312500000000e+05
4.351662812500000000e+05
4.368503750000000000e+05
4.358600937500000000e+05
4.372793437500000000e+05
4.351554375000000000e+05
4.343885625000000000e+05
4.371338750000000000e+05
4.339142812500000000e+05
4.331144375000000000e+05
4.358676562500000000e+05
4.312572187500000000e+05
4.319570000000000000e+05
4.318530625000000000e+05
4.301804375000000000e+05
4.305289062500000000e+05
4.316256875000000000e+05
4.320975625000000000e+05
4.318856875000000000e+05
4.329743750000000000e+05
4.310771875000000000e+05
4.288659062500000000e+05
4.298347812500000000e+05
4.314627500000000000e+05
4.277939062500000000e+05
4.286715312500000000e+05
4.293832812500000000e+05
4.266821875000000000e+05
4.289165625000000000e+05
4.244584375000000000e+05
4.283058437500000000e+05
4.270500937500000000e+05
4.270882500000000000e+05
4.247356562500000000e+05
4.244265312500000000e+05
4.261271562500000000e+05
4.245088750000000000e+05
4.234055937500000000e+05
4.225971875000000000e+05
4.243455937500000000e+05
4.211068125000000000e+05
4.249547500000000000e+05
4.237813750000000000e+05
4.213935625000000000e+05
4.231108750000000000e+05
4.204435625000000000e+05
4.217200625000000000e+05
4.197267500000000000e+05
4.225817500000000000e+05
4.205017500000000000e+05
4.204921875000000000e+05
4.195673125000000000e+05
4.196834062500000000e+05
4.202976875000000000e+05
4.175533125000000000e+05
4.194341562500000000e+05
4.173616250000000000e+05
4.188773437500000000e+05
4.174646250000000000e+05
4.181256562500000000e+05
4.160060000000000000e+05
4.151933125000000000e+05
4.161771562500000000e+05
4.158629375000000000e+05
4.149826875000000000e+05
4.122827187500000000e+05
4.113492812500000000e+05
4.139649687500000000e+05
4.112865312500000000e+05
4.132922500000000000e+05
4.135418750000000000e+05
4.139480312500000000e+05
4.125440937500000000e+05
4.143874375000000000e+05
4.130993125000000000e+05
4.117371250000000000e+05
4.093761562500000000e+05
4.102559375000000000e+05
4.095622812500000000e+05
4.100466875000000000e+05
4.095480000000000000e+05
4.106015000000000000e+05
4.095241250000000000e+05
4.099016875000000000e+05
4.075678750000000000e+05
4.069532187500000000e+05
4.039814375000000000e+05
4.089379687500000000e+05
4.066056562500000000e+05
4.092640312500000000e+05
4.065296250000000000e+05
4.041474062500000000e+05
4.059366250000000000e+05
4.019285000000000000e+05
4.072386875000000000e+05
4.044545312500000000e+05
4.039386875000000000e+05
4.048477500000000000e+05
4.029851562500000000e+05
4.011378437500000000e+05
4.003999062500000000e+05
4.036704687500000000e+05
4.019043750000000000e+05
4.016121875000000000e+05
4.027479375000000000e+05
3.999696250000000000e+05
4.006367500000000000e+05
4.006246250000000000e+05
3.994201562500000000e+05
3.997198750000000000e+05
3.959908125000000000e+05
4.000552812500000000e+05
4.005128125000000000e+05
3.971190000000000000e+05
3.973362812500000000e+05
3.976186875000000000e+05
3.962629375000000000e+05
3.943253437500000000e+05
3.968586562500000000e+05
3.975519375000000000e+05
3.974075312500000000e+05
3.947201250000000000e+05
3.968188437500000000e+05
3.947082500000000000e+05
3.939689062500000000e+05
3.936256250000000000e+05
3.943485000000000000e+05
3.916859375000000000e+05
3.934121250000000000e+05
3.935761875000000000e+05
3.923193125000000000e+05
3.932880937500000000e+05
3.929534375000000000e+05
3.920441875000000000e+05
3.898868437500000000e+05
3.908170312500000000e+05
3.936582812500000000e+05
3.892533437500000000e+05
3.900851250000000000e+05
3.916356562500000000e+05
3.890713437500000000e+05
3.874857500000000000e+05
3.868553437500000000e+05
3.870315937500000000e+05
3.870255625000000000e+05
3.875055000000000000e+05
3.889028125000000000e+05
3.882073437500000000e+05
3.857692500000000000e+05
3.884368125000000000e+05
3.837699687500000000e+05
3.874934062500000000e+05
3.854877812500000000e+05
3.858851875000000000e+05
3.846412187500000000e+05
3.850889062500000000e+05
3.840182187500000000e+05
3.835039687500000000e+05
3.852658750000000000e+05
3.825647812500000000e+05
3.833828125000000000e+05
3.818904687500000000e+05
3.822193750000000000e+05
3.822699062500000000e+05
3.807529375000000000e+05
3.818732812500000000e+05
3.796307187500000000e+05
3.790341875000000000e+05
3.805431562500000000e+05
3.800282500000000000e+05
3.807175937500000000e+05
3.759270000000000000e+05
3.785464687500000000e+05
3.791129062500000000e+05
3.795605000000000000e+05
3.786277812500000000e+05
3.767685000000000000e+05
3.766082812500000000e+05
3.761452812500000000e+05
3.762083437500000000e+05
3.763239062500000000e+05
3.743581875000000000e+05
3.759083437500000000e+05
3.746242187500000000e+05
3.747475625000000000e+05
3.728395937500000000e+05
3.736346562500000000e+05
3.742661875000000000e+05
3.756178437500000000e+05
3.725422500000000000e+05
3.732092500000000000e+05
3.732035312500000000e+05
3.719382187500000000e+05
3.726671875000000000e+05
3.726006250000000000e+05
3.714778750000000000e+05
3.720095000000000000e+05
3.726668437500000000e+05
3.716345625000000000e+05
3.705634375000000000e+05
3.682144062500000000e+05
3.672617812500000000e+05
3.697185937500000000e+05
3.693067187500000000e+05
3.678626562500000000e+05
3.689396562500000000e+05
3.673382812500000000e+05
3.675307812500000000e+05
3.677372500000000000e+05
3.703669375000000000e+05
3.661118125000000000e+05
3.670294687500000000e+05
3.669423437500000000e+05
3.662998437500000000e+05
3.662612812500000000e+05
3.650525000000000000e+05
3.646479687500000000e+05
3.664016250000000000e+05
3.649472812500000000e+05
3.630931250000000000e+05
3.639979375000000000e+05
3.612708750000000000e+05
3.643236562500000000e+05
3.648687812500000000e+05
3.627380937500000000e+05
3.616428437500000000e+05
3.611181562500000000e+05
3.624395625000000000e+05
3.605713750000000000e+05
3.619459687500000000e+05
3.611170937500000000e+05
3.614450312500000000e+05
3.595964687500000000e+05
3.585860937500000000e+05
3.612107187500000000e+05
3.594395312500000000e+05
3.600582812500000000e+05
3.575795625000000000e+05
3.549737187500000000e+05
3.542677187500000000e+05
3.577782812500000000e+05
3.554443750000000000e+05
3.576307500000000000e+05
3.581112187500000000e+05
3.577117500000000000e+05
3.567760312500000000e+05
3.580841875000000000e+05
3.557465937500000000e+05
3.551143125000000000e+05
3.539582812500000000e+05
3.560645000000000000e+05
3.551407187500000000e+05
3.540374687500000000e+05
3.524702187500000000e+05
3.546534687500000000e+05
3.532694687500000000e+05
3.507772187500000000e+05
3.543163750000000000e+05
3.541191562500000000e+05
3.507609687500000000e+05
3.533057812500000000e+05
3.512811562500000000e+05
3.493842812500000000e+05
3.499590625000000000e+05
3.497197187500000000e+05
3.497711875000000000e+05
3.512623750000000000e+05
3.526048125000000000e+05
3.483229687500000000e+05
3.508248437500000000e+05
3.482180937500000000e+05
3.495474375000000000e+05
3.479032812500000000e+05
3.466513125000000000e+05
3.493980625000000000e+05
3.471048750000000000e+05
3.466015625000000000e+05
3.463842812500000000e+05
3.476640937500000000e+05
3.456182500000000000e+05
3.455387187500000000e+05
3.457578750000000000e+05
3.441859375000000000e+05
3.453725625000000000e+05
3.450725000000000000e+05
3.437969687500000000e+05
3.445583125000000000e+05
3.449516562500000000e+05
3.436919375000000000e+05
3.448849375000000000e+05
3.416556562500000000e+05
3.410915312500000000e+05
3.420518437500000000e+05
3.414681250000000000e+05
3.395075937500000000e+05
3.406414062500000000e+05
3.401415937500000000e+05
3.428831250000000000e+05
3.406404062500000000e+05
3.404703437500000000e+05
3.392185625000000000e+05
3.374758437500000000e+05
3.368267500000000000e+05
3.399267500000000000e+05
3.401156562500000000e+05
3.370722812500000000e+05
3.382301250000000000e+05
3.369639687500000000e+05
3.370232812500000000e+05
3.343445000000000000e+05
3.362723750000000000e+05
3.372521875000000000e+05
3.333800000000000000e+05
3.368054687500000000e+05
3.363217812500000000e+05
3.358786562500000000e+05
3.371721250000000000e+05
3.340320000000000000e+05
3.360703750000000000e+05
3.334756562500000000e+05
3.338149375000000000e+05
3.352466250000000000e+05
3.330223750000000000e+05
3.327000000000000000e+05
3.319134375000000000e+05
3.305279062500000000e+05
3.311237500000000000e+05
3.309355625000000000e+05
3.316372187500000000e+05
3.304811875000000000e+05
3.315410937500000000e+05
3.296602500000000000e+05
3.306097187500000000e+05
3.315978437500000000e+05
3.293196562500000000e+05
3.297027187500000000e+05
3.298119375000000000e+05
3.271127500000000000e+05
3.281944375000000000e+05
3.306186562500000000e+05
3.280573125000000000e+05
3.273689375000000000e+05
3.265760000000000000e+05
3.278650000000000000e+05
3.254100000000000000e+05
3.267178750000000000e+05
3.271226875000000000e+05
3.261783437500000000e+05
3.254864375000000000e+05
3.248969062500000000e+05
3.233286250000000000e+05
3.242059375000000000e+05
3.246637500000000000e+05
3.234642812500000000e+05
3.245760625000000000e+05
3.251836562500000000e+05
3.240745937500000000e+05
3.214009375000000000e+05
3.223901250000000000e+05
3.204331875000000000e+05
3.219993437500000000e+05
3.219224062500000000e+05
3.206724062500000000e+05
3.208118750000000000e+05
3.208132812500000000e+05
3.210139375000000000e+05
3.213301875000000000e+05
3.200865625000000000e+05
3.191502812500000000e+05
3.195676875000000000e+05
3.209122812500000000e+05
3.196423750000000000e+05
3.202848125000000000e+05
3.185201562500000000e+05
3.193268750000000000e+05
3.189519062500000000e+05
3.181495937500000000e+05
3.196499062500000000e+05
3.184768437500000000e+05
3.178749687500000000e+05
3.155886250000000000e+05
3.168480312500000000e+05
3.155841250000000000e+05
3.153370000000000000e+05
3.171971875000000000e+05
3.155720000000000000e+05
3.141263437500000000e+05
3.153085937500000000e+05
3.151870625000000000e+05
3.139948437500000000e+05
3.143076250000000000e+05
3.147422187500000000e+05
3.137864687500000000e+05
3.123325000000000000e+05
3.123575937500000000e+05
3.135830625000000000e+05
3.121307187500000000e+05
3.118931250000000000e+05
3.100587812500000000e+05
3.103769687500000000e+05
3.114335312500000000e+05
3.106490312500000000e+05
3.111593437500000000e+05
3.103467812500000000e+05
3.113899375000000000e+05
3.084277187500000000e+05
3.096437187500000000e+05
3.094735937500000000e+05
3.094765937500000000e+05
3.095471250000000000e+05
3.079699687500000000e+05
3.071222500000000000e+05
3.085373750000000000e+05
3.084787187500000000e+05
3.058240312500000000e+05
3.036521562500000000e+05
3.077242500000000000e+05
3.059617812500000000e+05
3.084353125000000000e+05
3.064135625000000000e+05
3.049556875000000000e+05
3.052485625000000000e+05
3.053671562500000000e+05
3.057805625000000000e+05
3.040878125000000000e+05
3.048037812500000000e+05
3.050652812500000000e+05
3.048512500000000000e+05
3.034462812500000000e+05
3.031754687500000000e+05
3.036396250000000000e+05
3.036860625000000000e+05
3.035413437500000000e+05
3.005775000000000000e+05
3.024428750000000000e+05
3.027100625000000000e+05
3.008389375000000000e+05
2.992770937500000000e+05
3.002960625000000000e+05
3.001230625000000000e+05
3.013133437500000000e+05
3.001914062500000000e+05
2.992831875000000000e+05
2.988993750000000000e+05
2.986700937500000000e+05
2.989013437500000000e+05
2.973240937500000000e+05
2.986362500000000000e+05
2.998805625000000000e+05
2.980667812500000000e+05
2.977698750000000000e+05
2.965016562500000000e+05
2.969752187500000000e+05
2.974315000000000000e+05
2.989693750000000000e+05
2.956346562500000000e+05
2.972865312500000000e+05
2.958868125000000000e+05
2.945970000000000000e+05
2.962283437500000000e+05
2.945198750000000000e+05
2.954832187500000000e+05
2.931531875000000000e+05
2.944677812500000000e+05
2.939319375000000000e+05
2.930707187500000000e+05
2.920962500000000000e+05
2.925939375000000000e+05
2.933633750000000000e+05
2.932895937500000000e+05
2.923072812500000000e+05
2.914951250000000000e+05
2.916568125000000000e+05
2.902673750000000000e+05
2.917721250000000000e+05
2.908355937500000000e+05
2.901919062500000000e+05
2.898755000000000000e+05
2.923059375000000000e+05
2.906123125000000000e+05
2.902274375000000000e+05
2.876514062500000000e+05
2.896291562500000000e+05
2.884992812500000000e+05
2.869794375000000000e+05
2.875182812500000000e+05
2.876508125000000000e+05
2.868713750000000000e+05
2.881100000000000000e+05
2.869625312500000000e+05
2.874827500000000000e+05
2.860376875000000000e+05
2.894272187500000000e+05
2.858122500000000000e+05
2.845088750000000000e+05
2.854729375000000000e+05
2.851227500000000000e+05
2.855541250000000000e+05
2.849457187500000000e+05
2.841694375000000000e+05
2.850601250000000000e+05
2.840411875000000000e+05
2.830637500000000000e+05
2.828984375000000000e+05
2.819852187500000000e+05
2.830035625000000000e+05
2.812166875000000000e+05
2.823343437500000000e+05
2.822915312500000000e+05
2.811777812500000000e+05
2.816640937500000000e+05
2.835331875000000000e+05
2.817890937500000000e+05
2.826399375000000000e+05
2.821531875000000000e+05
2.795342812500000000e+05
2.813899375000000000e+05
2.798513750000000000e+05
2.772336250000000000e+05
2.789920312500000000e+05
2.771710625000000000e+05
2.783795312500000000e+05
2.773449687500000000e+05
2.773129062500000000e+05
2.781639062500000000e+05
2.776980625000000000e+05
2.764618125000000000e+05
2.765186875000000000e+05
2.778667187500000000e+05
2.776514375000000000e+05
2.736379687500000000e+05
2.760374062500000000e+05
2.760870000000000000e+05
2.744522187500000000e+05
2.761451875000000000e+05
2.759794687500000000e+05
2.735488125000000000e+05
2.748400000000000000e+05
2.743420937500000000e+05
2.765148437500000000e+05
2.745652187500000000e+05
2.728551875000000000e+05
2.739384375000000000e+05
2.741549062500000000e+05
2.735169062500000000e+05
2.730100625000000000e+05
2.719822500000000000e+05
2.739005937500000000e+05
2.716973750000000000e+05
2.723620625000000000e+05
2.715833750000000000e+05
2.701472500000000000e+05
2.712687812500000000e+05
2.703339375000000000e+05
2.713478750000000000e+05
2.694719375000000000e+05
2.704152187500000000e+05
2.713601250000000000e+05
2.695508125000000000e+05
2.695954375000000000e+05
2.686962500000000000e+05
2.683010000000000000e+05
2.664898437500000000e+05
2.679400625000000000e+05
2.692564375000000000e+05
2.676801875000000000e+05
2.677246562500000000e+05
2.667646875000000000e+05
2.670080000000000000e+05
2.659616250000000000e+05
2.660965312500000000e+05
2.664774687500000000e+05
2.639935000000000000e+05
2.672762500000000000e+05
2.642397500000000000e+05
2.656253125000000000e+05
2.640177812500000000e+05
2.652507500000000000e+05
2.649638125000000000e+05
2.630666875000000000e+05
2.642269062500000000e+05
2.645456250000000000e+05
2.631255312500000000e+05
2.627978437500000000e+05
2.639640000000000000e+05
2.621071718750000000e+05
2.593575625000000000e+05
2.628485312500000000e+05
2.612546562500000000e+05
2.613076718750000000e+05
2.611484531250000000e+05
2.615852187500000000e+05
2.615155781250000000e+05
2.620678125000000000e+05
2.603064687500000000e+05
2.599171406250000000e+05
2.590969843750000000e+05
2.606206250000000000e+05
2.588669687500000000e+05
2.591395625000000000e+05
2.586891875000000000e+05
2.587721718750000000e+05
2.568549375000000000e+05
2.565709375000000000e+05
2.572076562500000000e+05
2.588716562500000000e+05
2.569083906250000000e+05
2.568027656250000000e+05
2.558478906250000000e+05
2.559345625000000000e+05
2.573287031250000000e+05
2.556386093750000000e+05
2.553307031250000000e+05
2.564215468750000000e+05
2.562490781250000000e+05
2.559492031250000000e+05
2.557769218750000000e+05
2.543413125000000000e+05
2.551917343750000000e+05
2.539870625000000000e+05
2.541136875000000000e+05
2.532641093750000000e+05
2.554300781250000000e+05
2.530802343750000000e+05
2.520549375000000000e+05
2.521934218750000000e+05
2.517922812500000000e+05
2.538072343750000000e+05
2.508201406250000000e+05
2.516230312500000000e+05
2.505198125000000000e+05
2.511070625000000000e+05
2.507001406250000000e+05
2.498807031250000000e+05
2.508251875000000000e+05
2.494587343750000000e+05
2.513653750000000000e+05
2.504698437500000000e+05
2.500301250000000000e+05
2.484279375000000000e+05
2.497867343750000000e+05
2.480402968750000000e+05
2.486409375000000000e+05
2.481977968750000000e+05
2.480281562500000000e+05
2.469716406250000000e+05
2.488388281250000000e+05
2.471039687500000000e+05
2.461189375000000000e+05
2.466794843750000000e+05
2.461852812500000000e+05
2.471639843750000000e+05
2.458014687500000000e+05
2.455881093750000000e+05
2.447093750000000000e+05
2.455221875000000000e+05
2.453719843750000000e+05
2.457819062500000000e+05
2.441264687500000000e+05
2.461506093750000000e+05
2.432612187500000000e+05
2.454174062500000000e+05
2.426083437500000000e+05
2.430997500000000000e+05
2.424998750000000000e+05
2.423013593750000000e+05
2.419475156250000000e+05
2.429112968750000000e+05
2.430366875000000000e+05
2.424469062500000000e+05
2.437357187500000000e+05
2.398625625000000000e+05
2.411176250000000000e+05
2.407555000000000000e+05
2.403218750000000000e+05
2.403972187500000000e+05
2.410485468750000000e+05
2.408432187500000000e+05
2.402744062500000000e+05
2.413427343750000000e+05
2.399916406250000000e+05
2.400956406250000000e+05
2.386989843750000000e+05
2.383805000000000000e+05
2.390633750000000000e+05
2.389408593750000000e+05
2.367986562500000000e+05
2.393518125000000000e+05
2.383343593750000000e+05
2.393354843750000000e+05
2.365785156250000000e+05
2.357202812500000000e+05
2.366855625000000000e+05
2.364250156250000000e+05
2.365497968750000000e+05
2.366163437500000000e+05
2.365197656250000000e+05
2.357967968750000000e+05
2.361361875000000000e+05
2.361358437500000000e+05
2.350036406250000000e+05
2.348459218750000000e+05
2.342721875000000000e+05
2.353440781250000000e+05
2.339052968750000000e+05
2.341372187500000000e+05
2.352965781250000000e+05
2.342979531250000000e+05
2.333586562500000000e+05
2.320565937500000000e+05
2.343596562500000000e+05
2.322472031250000000e+05
2.327612968750000000e+05
2.326322968750000000e+05
2.307084375000000000e+05
2.324216718750000000e+05
2.326175156250000000e+05
2.321917031250000000e+05
2.309861250000000000e+05
2.297829062500000000e+05
2.306282500000000000e+05
2.311602031250000000e+05
2.320679843750000000e+05
2.302538906250000000e+05
2.301689843750000000e+05
2.280484062500000000e+05
2.283207812500000000e+05
2.296901875000000000e+05
2.280409843750000000e+05
2.297335625000000000e+05
2.266328281250000000e+05
2.266844531250000000e+05
2.274405937500000000e+05
2.272163750000000000e+05
2.270890468750000000e+05
2.284461250000000000e+05
2.272657500000000000e+05
2.270943750000000000e+05
2.272459687500000000e+05
2.266423281250000000e+05
2.259755781250000000e+05
2.268741875000000000e+05
2.264167031250000000e+05
2.261738281250000000e+05
2.239129375000000000e+05
2.241754843750000000e+05
2.238796718750000000e+05
2.236476406250000000e+05
2.245515937500000000e+05
2.246838437500000000e+05
2.240654218750000000e+05
2.223930625000000000e+05
2.221745000000000000e+05
2.223424375000000000e+05
2.245451250000000000e+05
2.242816562500000000e+05
2.213521718750000000e+05
2.240331875000000000e+05
2.233728906250000000e+05
2.212724062500000000e+05
2.212149375000000000e+05
2.205485781250000000e+05
2.217289531250000000e+05
2.208196875000000000e+05
2.213782187500000000e+05
2.210748125000000000e+05
2.194509375000000000e+05
2.199194062500000000e+05
2.190661875000000000e+05
2.191999531250000000e+05
2.190622968750000000e+05
2.199379531250000000e+05
2.188479531250000000e+05
2.172402500000000000e+05
2.187965625000000000e+05
2.195054843750000000e+05
2.184575156250000000e+05
2.181847187500000000e+05
2.179239218750000000e+05
2.168720468750000000e+05
2.171221718750000000e+05
2.167819218750000000e+05
2.166528437500000000e+05
2.159973750000000000e+05
2.167104218750000000e+05
2.160168125000000000e+05
2.154525781250000000e+05
2.158718750000000000e+05
2.161848125000000000e+05
2.156347031250000000e+05
2.144642812500000000e+05
2.143399843750000000e+05
2.147770781250000000e+05
2.144147812500000000e+05
2.141709843750000000e+05
2.137455937500000000e+05
2.131988906250000000e+05
2.131711406250000000e+05
2.131348593750000000e+05
2.142447343750000000e+05
2.130205625000000000e+05
2.118052187500000000e+05
2.124833437500000000e+05
2.117354687500000000e+05
2.132521718750000000e+05
2.116994687500000000e+05
2.119998750000000000e+05
2.112791250000000000e+05
2.114034375000000000e+05
2.116101875000000000e+05
2.111616406250000000e+05
2.105060468750000000e+05
2.106416875000000000e+05
2.089540468750000000e+05
2.092154843750000000e+05
2.092933906250000000e+05
2.100552343750000000e+05
2.084170625000000000e+05
2.094791093750000000e+05
2.101813906250000000e+05
2.086924062500000000e+05
2.082006406250000000e+05
2.078432656250000000e+05
2.090939062500000000e+05
2.072819531250000000e+05
2.082483750000000000e+05
2.065431718750000000e+05
2.088599375000000000e+05
2.073491250000000000e+05
2.065419218750000000e+05
2.070611875000000000e+05
2.069719687500000000e+05
2.060455468750000000e+05
2.063410312500000000e+05
2.063045312500000000e+05
2.051702656250000000e+05
2.049670312500000000e+05
2.054312656250000000e+05
2.053133906250000000e+05
2.046077656250000000e+05
2.048749062500000000e+05
2.055354218750000000e+05
2.037493125000000000e+05
2.043615312500000000e+05
2.032100468750000000e+05
2.026484687500000000e+05
2.046047187500000000e+05
2.026042812500000000e+05
2.032542343750000000e+05
2.033757187500000000e+05
2.012253437500000000e+05
2.022613750000000000e+05
2.017714531250000000e+05
2.010278750000000000e+05
2.025705625000000000e+05
2.005131875000000000e+05
2.010451406250000000e+05
2.000798281250000000e+05
2.005996093750000000e+05
2.001740937500000000e+05
2.008378437500000000e+05
2.001705781250000000e+05
2.000816875000000000e+05
2.005726250000000000e+05
1.983384531250000000e+05
1.996841093750000000e+05
1.997802812500000000e+05
1.985293437500000000e+05
1.983261875000000000e+05
1.979290625000000000e+05
1.980716406250000000e+05
1.983635156250000000e+05
1.984619218750000000e+05
1.979210468750000000e+05
1.971953906250000000e+05
1.969699375000000000e+05
1.967129375000000000e+05
1.969827187500000000e+05
1.975542968750000000e+05
1.969760625000000000e+05
1.962770156250000000e+05
1.965868750000000000e+05
1.958486875000000000e+05
1.970425312500000000e+05
1.968725781250000000e+05
1.959170312500000000e+05
1.950946562500000000e+05
1.942272968750000000e+05
1.954107500000000000e+05
1.936843906250000000e+05
1.938450312500000000e+05
1.941196562500000000e+05
1.941401406250000000e+05
1.942555468750000000e+05
1.954746406250000000e+05
1.926230156250000000e+05
1.926022343750000000e+05
1.929569843750000000e+05
1.935844687500000000e+05
1.929794687500000000e+05
1.923140000000000000e+05
1.927028281250000000e+05
1.919216250000000000e+05
1.914141250000000000e+05
1.925049375000000000e+05
1.906944687500000000e+05
1.916813437500000000e+05
1.924569531250000000e+05
1.918604062500000000e+05
1.900977968750000000e+05
1.902932812500000000e+05
1.906857968750000000e+05
1.914707968750000000e+05
1.897132968750000000e+05
1.902330625000000000e+05
1.903260781250000000e+05
1.888825937500000000e+05
1.877684531250000000e+05
1.882728125000000000e+05
1.902977187500000000e+05
1.875912968750000000e+05
1.878253593750000000e+05
1.876882187500000000e+05
1.874100000000000000e+05
1.872105781250000000e+05
1.869330156250000000e+05
1.874324062500000000e+05
1.862627343750000000e+05
1.866758125000000000e+05
1.870182343750000000e+05
1.852419218750000000e+05
1.848318750000000000e+05
1.860097656250000000e+05
1.863378593750000000e+05
1.866706562500000000e+05
1.857380937500000000e+05
1.860290781250000000e+05
1.857727187500000000e+05
1.864329218750000000e+05
1.847125312500000000e+05
1.850343593750000000e+05
1.854244843750000000e+05
1.856562187500000000e+05
1.832564531250000000e+05
1.835841718750000000e+05
1.838329375000000000e+05
1.839667968750000000e+05
1.828521406250000000e+05
1.839489843750000000e+05
1.824972968750000000e+05
1.831008437500000000e+05
1.817957031250000000e+05
1.825278750000000000e+05
1.813689218750000000e+05
1.805403281250000000e+05
1.828468750000000000e+05
1.818855468750000000e+05
1.813639375000000000e+05
1.810589062500000000e+05
1.813547656250000000e+05
1.805804218750000000e+05
1.806656406250000000e+05
1.800653906250000000e+05
1.804763437500000000e+05
1.799069375000000000e+05
1.790402968750000000e+05
1.795813281250000000e+05
1.792787968750000000e+05
1.799684531250000000e+05
1.786331562500000000e+05
1.792178593750000000e+05
1.777490156250000000e+05
1.789263281250000000e+05
1.779625937500000000e+05
1.783444687500000000e+05
1.784162968750000000e+05
1.782805625000000000e+05
1.779035781250000000e+05
1.771802500000000000e+05
1.768805312500000000e+05
1.780232968750000000e+05
1.766481718750000000e+05
1.761831093750000000e+05
1.761660468750000000e+05
1.765056250000000000e+05
1.765158593750000000e+05
1.758662343750000000e+05
1.753352968750000000e+05
1.753159218750000000e+05
1.751164531250000000e+05
1.756561093750000000e+05
1.756650468750000000e+05
1.736546250000000000e+05
1.747407500000000000e+05
1.740170156250000000e+05
1.739617656250000000e+05
1.739846875000000000e+05
1.745565000000000000e+05
1.739572031250000000e+05
1.730863281250000000e+05
1.732431093750000000e+05
1.728545625000000000e+05
1.738172656250000000e+05
1.717538593750000000e+05
1.730729218750000000e+05
1.723993593750000000e+05
1.730636406250000000e+05
1.735932031250000000e+05
1.710731875000000000e+05
1.716777187500000000e+05
1.702940156250000000e+05
1.708833906250000000e+05
1.715612187500000000e+05
1.710269687500000000e+05
1.705481718750000000e+05
1.697453750000000000e+05
1.702848125000000000e+05
1.695013281250000000e+05
1.705842500000000000e+05
1.693850468750000000e+05
1.706483125000000000e+05
1.694801718750000000e+05
1.699214843750000000e+05
1.693026718750000000e+05
1.693147812500000000e+05
1.685146718750000000e+05
1.686397500000000000e+05
1.678055625000000000e+05
1.676594687500000000e+05
1.686557031250000000e+05
1.681270937500000000e+05
1.672966875000000000e+05
1.666245156250000000e+05
1.667372343750000000e+05
1.680185937500000000e+05
1.658691875000000000e+05
1.662772187500000000e+05
1.674650781250000000e+05
1.662748125000000000e+05
1.666435156250000000e+05
1.662282500000000000e+05
1.659507968750000000e+05
1.661383437500000000e+05
1.650204843750000000e+05
1.660019062500000000e+05
1.652243906250000000e+05
1.660321250000000000e+05
1.647107343750000000e+05
1.649915781250000000e+05
1.649533906250000000e+05
1.644815312500000000e+05
1.646756875000000000e+05
1.648184531250000000e+05
1.646098593750000000e+05
1.635459375000000000e+05
1.634187343750000000e+05
1.641281875000000000e+05
1.635380156250000000e+05
1.629821250000000000e+05
1.631499062500000000e+05
1.629751250000000000e+05
1.620597500000000000e+05
1.625706093750000000e+05
1.621989687500000000e+05
1.620331093750000000e+05
1.617863906250000000e+05
1.624165156250000000e+05
1.626360156250000000e+05
1.616099218750000000e+05
1.617910937500000000e+05
1.603197812500000000e+05
1.608901093750000000e+05
1.621318906250000000e+05
1.598231250000000000e+05
1.611370156250000000e+05
1.600051875000000000e+05
1.597837343750000000e+05
1.594188906250000000e+05
1.599657812500000000e+05
1.592710937500000000e+05
1.596674687500000000e+05
1.586955781250000000e+05
1.589883750000000000e+05
1.587230468750000000e+05
1.584195937500000000e+05
1.586052500000000000e+05
1.584040156250000000e+05
1.585187656250000000e+05
1.575664531250000000e+05
1.584751250000000000e+05
1.581420781250000000e+05
1.580647031250000000e+05
1.569533125000000000e+05
1.571292187500000000e+05
1.564811718750000000e+05
1.578872031250000000e+05
1.564081406250000000e+05
1.560459062500000000e+05
1.566318125000000000e+05
