9.569643750000000000e+04
2.461697968750000000e+05
1.791908750000000000e+05
4.864855859375000000e+04
1.276560234375000000e+05
1.518159375000000000e+05
1.076583906250000000e+05
3.642732421875000000e+04
6.951574218750000000e+04
9.929647656250000000e+04
8.567388281250000000e+04
4.399801953125000000e+04
3.051037109375000000e+04
6.018648437500000000e+04
6.296923828125000000e+04
4.130916015625000000e+04
2.082964843750000000e+04
3.751185937500000000e+04
4.633426171875000000e+04
3.516335937500000000e+04
1.816146289062500000e+04
2.670969335937500000e+04
3.475450000000000000e+04
2.684785546875000000e+04
1.484795898437500000e+04
2.265225390625000000e+04
2.715649804687500000e+04
1.853850781250000000e+04
1.365232617187500000e+04
2.100670312500000000e+04
1.910637890625000000e+04
1.126078417968750000e+04
1.613614160156250000e+04
1.754417578125000000e+04
1.052650195312500000e+04
1.320443750000000000e+04
1.487848925781250000e+04
9.039265625000000000e+03
1.244012890625000000e+04
1.233130957031250000e+04
8.065233886718750000e+03
1.169285058593750000e+04
8.904309570312500000e+03
8.945679687500000000e+03
9.960140625000000000e+03
6.956947753906250000e+03
9.318072265625000000e+03
6.557813476562500000e+03
8.357589843750000000e+03
6.786153808593750000e+03
7.525540527343750000e+03
6.552167480468750000e+03
7.074604492187500000e+03
6.105486816406250000e+03
6.838032714843750000e+03
5.486052734375000000e+03
6.917294433593750000e+03
4.968319824218750000e+03
6.945881347656250000e+03
4.530601074218750000e+03
6.344123046875000000e+03
4.662657714843750000e+03
4.924459960937500000e+03
5.500824707031250000e+03
4.031640869140625000e+03
4.892440429687500000e+03
4.933638183593750000e+03
3.784375244140625000e+03
4.226833496093750000e+03
4.999010742187500000e+03
4.019961914062500000e+03
3.449016601562500000e+03
3.943386718750000000e+03
4.655953613281250000e+03
4.260671875000000000e+03
3.463280517578125000e+03
3.112610351562500000e+03
3.203328369140625000e+03
3.655375732421875000e+03
4.806767089843750000e+03
4.962855468750000000e+03
3.828586914062500000e+03
3.167956054687500000e+03
3.103028076171875000e+03
3.545972656250000000e+03
5.105444824218750000e+03
5.382229980468750000e+03
3.755188720703125000e+03
2.864746337890625000e+03
2.717671386718750000e+03
2.660842041015625000e+03
2.756302978515625000e+03
3.730822509765625000e+03
6.854801269531250000e+03
4.053517333984375000e+03
2.719514892578125000e+03
2.525517089843750000e+03
2.906094726562500000e+03
5.405173828125000000e+03
6.732589843750000000e+03
3.333488281250000000e+03
3.329797363281250000e+03
8.462429687500000000e+03
3.733846679687500000e+03
6.361800781250000000e+03
7.981652343750000000e+03
4.382507812500000000e+03
8.564313476562500000e+03
3.432328857421875000e+03
5.290622558593750000e+03
8.152733886718750000e+03
3.997640380859375000e+03
8.592927734375000000e+03
3.936660400390625000e+03
5.718468750000000000e+03
7.969676757812500000e+03
4.265825195312500000e+03
9.037903320312500000e+03
3.796080322265625000e+03
9.347912109375000000e+03
3.620073730468750000e+03
6.429650390625000000e+03
6.790828613281250000e+03
4.377305175781250000e+03
7.336635742187500000e+03
4.115357421875000000e+03
5.320610839843750000e+03
7.118937988281250000e+03
4.333766113281250000e+03
6.938231445312500000e+03
4.564866210937500000e+03
4.428014648437500000e+03
6.645125488281250000e+03
4.342754882812500000e+03
5.644631835937500000e+03
5.707102539062500000e+03
4.114426269531250000e+03
4.524474121093750000e+03
5.220003417968750000e+03
4.293996582031250000e+03
4.014894531250000000e+03
4.890297851562500000e+03
4.172150390625000000e+03
3.777994628906250000e+03
4.054640625000000000e+03
3.997385009765625000e+03
3.963276855468750000e+03
3.407207519531250000e+03
3.188788574218750000e+03
3.330767333984375000e+03
3.787024902343750000e+03
4.199958496093750000e+03
3.642291748046875000e+03
3.346388183593750000e+03
3.167292236328125000e+03
3.077735351562500000e+03
3.492490234375000000e+03
4.582921386718750000e+03
4.611229003906250000e+03
3.354799560546875000e+03
3.007257080078125000e+03
3.167435546875000000e+03
3.574843994140625000e+03
4.471730468750000000e+03
4.521565429687500000e+03
3.498653076171875000e+03
3.144224853515625000e+03
3.121050048828125000e+03
3.252220947265625000e+03
4.060345214843750000e+03
5.158526855468750000e+03
4.110555175781250000e+03
3.036645019531250000e+03
3.172147216796875000e+03
4.244125000000000000e+03
4.928637207031250000e+03
3.863121337890625000e+03
3.323180664062500000e+03
2.996142089843750000e+03
2.942324951171875000e+03
3.502706298828125000e+03
4.061101074218750000e+03
5.326138671875000000e+03
4.551977050781250000e+03
3.145041992187500000e+03
3.538840332031250000e+03
4.702750000000000000e+03
4.528791503906250000e+03
3.562079345703125000e+03
3.113270996093750000e+03
3.061618652343750000e+03
3.262963623046875000e+03
3.786365722656250000e+03
4.722261718750000000e+03
4.618809082031250000e+03
3.584309082031250000e+03
3.037177734375000000e+03
3.089827880859375000e+03
3.149182617187500000e+03
2.968766357421875000e+03
4.279426757812500000e+03
5.495440917968750000e+03
3.965932617187500000e+03
3.144615234375000000e+03
3.098406738281250000e+03
4.402075195312500000e+03
5.697464843750000000e+03
3.958957519531250000e+03
3.436364013671875000e+03
5.702170410156250000e+03
5.757629394531250000e+03
3.935370361328125000e+03
4.469691406250000000e+03
5.890333984375000000e+03
4.746495605468750000e+03
3.877508056640625000e+03
5.644941406250000000e+03
5.361850097656250000e+03
4.423307128906250000e+03
4.588862792968750000e+03
4.489251464843750000e+03
4.354560058593750000e+03
3.980564697265625000e+03
3.470987548828125000e+03
3.469037841796875000e+03
3.563306396484375000e+03
3.382726318359375000e+03
3.827149414062500000e+03
4.126129394531250000e+03
4.006848876953125000e+03
3.892832275390625000e+03
3.558790527343750000e+03
3.698146240234375000e+03
4.091666503906250000e+03
4.262326171875000000e+03
4.530992675781250000e+03
4.172282226562500000e+03
3.684836669921875000e+03
3.616316650390625000e+03
4.035009521484375000e+03
4.182394531250000000e+03
3.914383300781250000e+03
4.110750976562500000e+03
3.902519531250000000e+03
3.923191406250000000e+03
4.323705078125000000e+03
4.039572265625000000e+03
4.182656738281250000e+03
4.192367187500000000e+03
3.758250244140625000e+03
4.193976074218750000e+03
4.343385253906250000e+03
3.900369873046875000e+03
4.328453613281250000e+03
4.137023925781250000e+03
3.634005859375000000e+03
3.842532226562500000e+03
3.723180175781250000e+03
3.796770507812500000e+03
3.932776367187500000e+03
3.797095703125000000e+03
3.961782714843750000e+03
3.676010009765625000e+03
3.724494628906250000e+03
4.105768554687500000e+03
4.008113525390625000e+03
4.305957519531250000e+03
4.282785644531250000e+03
3.943873291015625000e+03
4.182859375000000000e+03
4.170787109375000000e+03
4.190747558593750000e+03
4.402355468750000000e+03
4.207743164062500000e+03
4.327955078125000000e+03
4.209094238281250000e+03
4.064197265625000000e+03
4.252228027343750000e+03
4.237636718750000000e+03
4.183505371093750000e+03
4.280603515625000000e+03
4.301190429687500000e+03
4.216317382812500000e+03
4.685095214843750000e+03
4.603126953125000000e+03
4.009553222656250000e+03
4.095064697265625000e+03
4.281898437500000000e+03
4.261485351562500000e+03
4.669246582031250000e+03
4.271295410156250000e+03
3.944214843750000000e+03
4.223831542968750000e+03
3.937723388671875000e+03
4.030720947265625000e+03
4.576488769531250000e+03
3.961913330078125000e+03
3.821097412109375000e+03
4.091497070312500000e+03
4.113182617187500000e+03
4.337098632812500000e+03
4.689868164062500000e+03
4.427029296875000000e+03
3.806941894531250000e+03
3.924008544921875000e+03
4.338019042968750000e+03
4.017375244140625000e+03
4.160785644531250000e+03
4.233373535156250000e+03
3.948442382812500000e+03
4.394244140625000000e+03
4.572428710937500000e+03
4.138726562500000000e+03
3.844549316406250000e+03
3.870733398437500000e+03
4.319353515625000000e+03
4.939530761718750000e+03
4.471798339843750000e+03
3.621952880859375000e+03
3.548389892578125000e+03
3.837991943359375000e+03
3.995701171875000000e+03
4.631076171875000000e+03
4.769084472656250000e+03
3.847408203125000000e+03
3.123343750000000000e+03
3.289140380859375000e+03
3.715540283203125000e+03
5.400985839843750000e+03
5.501684082031250000e+03
3.702643554687500000e+03
3.721920410156250000e+03
6.256937988281250000e+03
5.835613281250000000e+03
4.721715820312500000e+03
6.544759277343750000e+03
4.856023925781250000e+03
4.808840820312500000e+03
4.980489257812500000e+03
4.383643066406250000e+03
4.298869140625000000e+03
3.866446044921875000e+03
3.518420654296875000e+03
3.495047363281250000e+03
3.464858886718750000e+03
3.423721191406250000e+03
3.623056640625000000e+03
4.569493164062500000e+03
5.624780761718750000e+03
3.989062744140625000e+03
2.852719970703125000e+03
3.935466064453125000e+03
6.585213378906250000e+03
4.885767578125000000e+03
3.553410400390625000e+03
6.643558105468750000e+03
5.986979492187500000e+03
4.551277832031250000e+03
4.886110839843750000e+03
5.350027832031250000e+03
5.256990722656250000e+03
4.158458496093750000e+03
3.826466308593750000e+03
5.306856445312500000e+03
5.473429199218750000e+03
4.679780761718750000e+03
4.501100585937500000e+03
4.990292480468750000e+03
4.924353515625000000e+03
4.391864746093750000e+03
3.811656250000000000e+03
3.893035644531250000e+03
4.451790527343750000e+03
4.161739746093750000e+03
3.423219726562500000e+03
3.259386718750000000e+03
3.234040039062500000e+03
3.204958007812500000e+03
3.474064941406250000e+03
4.576484863281250000e+03
5.541962402343750000e+03
3.857869384765625000e+03
2.830764404296875000e+03
3.923270507812500000e+03
7.313271972656250000e+03
4.627670898437500000e+03
4.744640625000000000e+03
7.417594726562500000e+03
4.328660644531250000e+03
4.400831542968750000e+03
6.725173339843750000e+03
4.473851562500000000e+03
4.690076171875000000e+03
6.346461914062500000e+03
4.614182617187500000e+03
4.399817871093750000e+03
5.386586425781250000e+03
4.825305175781250000e+03
4.059867675781250000e+03
4.005628906250000000e+03
4.163896484375000000e+03
3.960457275390625000e+03
3.630265869140625000e+03
3.646635986328125000e+03
3.325205322265625000e+03
2.979821533203125000e+03
3.307244628906250000e+03
4.181404785156250000e+03
4.870982421875000000e+03
4.427998046875000000e+03
3.385113525390625000e+03
2.983038574218750000e+03
3.978837402343750000e+03
5.580805664062500000e+03
4.333265136718750000e+03
3.022029052734375000e+03
3.814418212890625000e+03
6.711024414062500000e+03
4.634169921875000000e+03
4.264104003906250000e+03
7.127968750000000000e+03
4.839467773437500000e+03
5.068392089843750000e+03
6.678540527343750000e+03
4.630771484375000000e+03
5.764704589843750000e+03
5.460920410156250000e+03
3.990592285156250000e+03
4.463438476562500000e+03
4.436464843750000000e+03
4.173836425781250000e+03
3.696092529296875000e+03
3.144332031250000000e+03
3.287607177734375000e+03
3.232524658203125000e+03
3.111168212890625000e+03
3.680041748046875000e+03
4.697267089843750000e+03
4.447213867187500000e+03
3.187811523437500000e+03
2.842253662109375000e+03
2.773087890625000000e+03
3.110303955078125000e+03
5.855855957031250000e+03
4.825420898437500000e+03
3.173854736328125000e+03
5.006961425781250000e+03
6.679733886718750000e+03
4.529652343750000000e+03
5.003993652343750000e+03
4.633910644531250000e+03
4.328868164062500000e+03
3.429025634765625000e+03
3.210049072265625000e+03
3.800793212890625000e+03
4.077420898437500000e+03
3.787889648437500000e+03
3.460964843750000000e+03
3.236306396484375000e+03
3.285126220703125000e+03
3.787193603515625000e+03
4.628068847656250000e+03
3.934181396484375000e+03
3.155350585937500000e+03
3.108164550781250000e+03
3.599537353515625000e+03
5.487165039062500000e+03
4.541811523437500000e+03
2.911167236328125000e+03
4.525901855468750000e+03
6.397308593750000000e+03
4.482881347656250000e+03
4.422228515625000000e+03
5.785728515625000000e+03
4.948176269531250000e+03
4.217353027343750000e+03
4.911145507812500000e+03
5.050917968750000000e+03
4.448401855468750000e+03
3.965037841796875000e+03
3.896790283203125000e+03
3.940544189453125000e+03
3.767026611328125000e+03
3.548621582031250000e+03
3.213739013671875000e+03
3.241263671875000000e+03
3.244336669921875000e+03
3.017443603515625000e+03
3.314773925781250000e+03
4.202423828125000000e+03
4.380360839843750000e+03
3.772531005859375000e+03
3.417479003906250000e+03
3.352695312500000000e+03
4.340991699218750000e+03
5.339745605468750000e+03
3.712308593750000000e+03
2.855778564453125000e+03
5.518449707031250000e+03
5.198603515625000000e+03
3.832222412109375000e+03
5.900732421875000000e+03
4.986853027343750000e+03
4.378959472656250000e+03
4.538019042968750000e+03
4.702997070312500000e+03
4.585285644531250000e+03
3.783382080078125000e+03
3.391590576171875000e+03
3.573925537109375000e+03
3.360325683593750000e+03
3.148595214843750000e+03
2.910469238281250000e+03
2.994738037109375000e+03
2.767155273437500000e+03
2.884539062500000000e+03
3.187169921875000000e+03
4.703200683593750000e+03
5.329898437500000000e+03
3.578478515625000000e+03
3.792524658203125000e+03
6.599269042968750000e+03
5.088308105468750000e+03
4.902326171875000000e+03
5.926034667968750000e+03
4.810070312500000000e+03
4.701592773437500000e+03
4.975989257812500000e+03
4.493250000000000000e+03
4.285867675781250000e+03
3.804699951171875000e+03
3.883740966796875000e+03
3.835224609375000000e+03
3.437310546875000000e+03
3.411467285156250000e+03
3.117290283203125000e+03
3.290072021484375000e+03
3.752919677734375000e+03
3.982758056640625000e+03
3.911201660156250000e+03
3.619516845703125000e+03
3.457559570312500000e+03
3.705386230468750000e+03
3.882427001953125000e+03
3.851760253906250000e+03
3.749064697265625000e+03
3.636248291015625000e+03
3.626686279296875000e+03
3.883012939453125000e+03
4.085723632812500000e+03
3.662820068359375000e+03
3.427579345703125000e+03
3.668666259765625000e+03
3.796130859375000000e+03
4.192017089843750000e+03
4.092181884765625000e+03
3.088244628906250000e+03
3.134488037109375000e+03
3.694229248046875000e+03
3.856019287109375000e+03
4.049192871093750000e+03
3.649131347656250000e+03
3.030044921875000000e+03
3.390341064453125000e+03
3.698286376953125000e+03
4.029577392578125000e+03
4.412165527343750000e+03
3.615185058593750000e+03
2.853019531250000000e+03
3.210400634765625000e+03
3.128863037109375000e+03
3.268781738281250000e+03
4.796679687500000000e+03
4.097148925781250000e+03
2.929138671875000000e+03
3.411169677734375000e+03
4.015644531250000000e+03
4.047628173828125000e+03
3.712030029296875000e+03
3.034930908203125000e+03
2.911259521484375000e+03
3.028522949218750000e+03
3.373409179687500000e+03
4.037457275390625000e+03
4.511075195312500000e+03
3.622066650390625000e+03
2.729220458984375000e+03
2.422519042968750000e+03
2.732276367187500000e+03
2.844579589843750000e+03
4.986920410156250000e+03
5.486074707031250000e+03
3.492647949218750000e+03
4.427124023437500000e+03
5.888085937500000000e+03
4.697042968750000000e+03
3.997174560546875000e+03
5.336080078125000000e+03
5.396077636718750000e+03
4.896186035156250000e+03
4.287169433593750000e+03
4.406660156250000000e+03
4.372856445312500000e+03
3.789479980468750000e+03
3.436997558593750000e+03
3.257886962890625000e+03
3.146788330078125000e+03
2.935072998046875000e+03
2.694675048828125000e+03
2.881172607421875000e+03
2.992602539062500000e+03
4.454589843750000000e+03
5.234629394531250000e+03
3.411513916015625000e+03
3.465628662109375000e+03
6.062892578125000000e+03
4.855954589843750000e+03
4.380957031250000000e+03
6.142297851562500000e+03
4.562909179687500000e+03
5.101848144531250000e+03
5.047150390625000000e+03
3.911414550781250000e+03
4.098580078125000000e+03
3.811363037109375000e+03
3.678523193359375000e+03
3.706126708984375000e+03
3.510737304687500000e+03
3.285143066406250000e+03
3.334245605468750000e+03
3.178991943359375000e+03
3.253184082031250000e+03
3.650110595703125000e+03
3.829339843750000000e+03
3.905728271484375000e+03
3.456593750000000000e+03
2.958747558593750000e+03
3.375361083984375000e+03
4.497752929687500000e+03
4.191494140625000000e+03
2.845620361328125000e+03
2.425754638671875000e+03
3.259875976562500000e+03
4.613115722656250000e+03
4.070281982421875000e+03
2.787708251953125000e+03
2.382302490234375000e+03
2.278187988281250000e+03
2.159351074218750000e+03
2.399123535156250000e+03
3.546014892578125000e+03
6.549825195312500000e+03
3.624696533203125000e+03
3.404940185546875000e+03
7.327985839843750000e+03
3.491557861328125000e+03
6.163579101562500000e+03
6.406173339843750000e+03
3.622843994140625000e+03
8.060470703125000000e+03
3.473212890625000000e+03
8.906726562500000000e+03
3.472187744140625000e+03
6.933145996093750000e+03
3.798545898437500000e+03
2.977202636718750000e+03
4.860620605468750000e+03
5.269406738281250000e+03
3.861629394531250000e+03
3.411290039062500000e+03
4.768569824218750000e+03
4.752925781250000000e+03
3.664871582031250000e+03
4.138783203125000000e+03
4.451511718750000000e+03
3.875042968750000000e+03
3.224446533203125000e+03
3.267788330078125000e+03
3.553477050781250000e+03
3.356046386718750000e+03
3.061453613281250000e+03
2.941471679687500000e+03
2.920484375000000000e+03
2.840426025390625000e+03
3.238062255859375000e+03
4.023935302734375000e+03
3.643548583984375000e+03
2.857128417968750000e+03
2.450340576171875000e+03
2.782675048828125000e+03
4.333688476562500000e+03
4.202163085937500000e+03
2.787167968750000000e+03
2.421011962890625000e+03
3.443552978515625000e+03
4.874960937500000000e+03
3.710133544921875000e+03
2.631896240234375000e+03
3.632221923828125000e+03
5.745974121093750000e+03
3.974706298828125000e+03
3.910188232421875000e+03
5.663057128906250000e+03
4.402306152343750000e+03
4.652755859375000000e+03
5.110117187500000000e+03
4.097356445312500000e+03
4.174541015625000000e+03
4.041048339843750000e+03
3.718226318359375000e+03
3.611584960937500000e+03
3.209708251953125000e+03
2.974311523437500000e+03
2.969322265625000000e+03
2.799792236328125000e+03
2.467682861328125000e+03
2.591515625000000000e+03
2.366966064453125000e+03
2.293805908203125000e+03
2.407341064453125000e+03
2.954119873046875000e+03
4.895865234375000000e+03
4.057451660156250000e+03
2.644876708984375000e+03
3.897260742187500000e+03
5.929455078125000000e+03
4.113844238281250000e+03
4.345020996093750000e+03
4.761541015625000000e+03
4.360859863281250000e+03
3.676041259765625000e+03
3.706242919921875000e+03
4.566509277343750000e+03
4.173386718750000000e+03
3.655382324218750000e+03
3.378233398437500000e+03
3.349101318359375000e+03
3.247505371093750000e+03
2.814708007812500000e+03
2.797470214843750000e+03
2.974942626953125000e+03
2.553681640625000000e+03
3.020672363281250000e+03
3.530813964843750000e+03
3.116583007812500000e+03
3.203110351562500000e+03
3.429086669921875000e+03
3.658720947265625000e+03
3.649751708984375000e+03
3.131078613281250000e+03
2.884791748046875000e+03
3.454812744140625000e+03
3.938387939453125000e+03
3.570985839843750000e+03
2.903207031250000000e+03
2.719656982421875000e+03
3.301784667968750000e+03
4.219625000000000000e+03
3.675079345703125000e+03
2.644819580078125000e+03
2.544174316406250000e+03
2.681626464843750000e+03
2.387938232421875000e+03
3.187851562500000000e+03
3.771547363281250000e+03
3.508260253906250000e+03
3.441357177734375000e+03
3.042115722656250000e+03
3.300887207031250000e+03
4.268708984375000000e+03
3.540266601562500000e+03
2.334313476562500000e+03
2.749206542968750000e+03
3.592354980468750000e+03
4.118509765625000000e+03
3.671013671875000000e+03
2.695354980468750000e+03
2.420760742187500000e+03
3.313323974609375000e+03
4.149412109375000000e+03
3.538801269531250000e+03
2.767558105468750000e+03
2.223178710937500000e+03
2.264952880859375000e+03
2.830435546875000000e+03
4.061413330078125000e+03
4.377302246093750000e+03
2.987417724609375000e+03
2.306274902343750000e+03
4.526212402343750000e+03
5.189121093750000000e+03
3.480542236328125000e+03
3.856150390625000000e+03
4.581191406250000000e+03
4.071848388671875000e+03
3.285746582031250000e+03
3.819854248046875000e+03
4.660391113281250000e+03
3.893791503906250000e+03
3.374455078125000000e+03
3.638567871093750000e+03
4.045713623046875000e+03
3.486460693359375000e+03
2.900824707031250000e+03
2.895508544921875000e+03
2.990322998046875000e+03
3.057711669921875000e+03
3.124476562500000000e+03
2.872759521484375000e+03
2.625978759765625000e+03
3.029711669921875000e+03
3.370114990234375000e+03
3.610577880859375000e+03
3.588842529296875000e+03
2.890106933593750000e+03
2.559635742187500000e+03
3.179311279296875000e+03
4.104574218750000000e+03
3.482569335937500000e+03
2.432053466796875000e+03
2.287692626953125000e+03
2.375108886718750000e+03
2.669289306640625000e+03
4.204088378906250000e+03
4.412951171875000000e+03
2.643614990234375000e+03
3.228740722656250000e+03
6.249077148437500000e+03
3.938854248046875000e+03
4.832151367187500000e+03
4.558155273437500000e+03
3.415052246093750000e+03
3.433688720703125000e+03
4.750969726562500000e+03
4.048659179687500000e+03
3.406762695312500000e+03
3.647139404296875000e+03
3.957495361328125000e+03
3.579718994140625000e+03
3.110254882812500000e+03
3.032475341796875000e+03
3.343335205078125000e+03
3.324883300781250000e+03
3.031230957031250000e+03
2.572960937500000000e+03
2.509322021484375000e+03
2.556657714843750000e+03
2.277634521484375000e+03
2.330325439453125000e+03
2.304606689453125000e+03
2.838470214843750000e+03
4.756457519531250000e+03
3.625398193359375000e+03
2.451869628906250000e+03
4.423147460937500000e+03
5.003306640625000000e+03
3.588068359375000000e+03
3.753805664062500000e+03
4.048687011718750000e+03
3.900498291015625000e+03
3.044674316406250000e+03
2.826103515625000000e+03
3.350043701171875000e+03
3.226076904296875000e+03
2.902456054687500000e+03
2.703888671875000000e+03
2.678332275390625000e+03
2.744421630859375000e+03
2.679170898437500000e+03
2.536934082031250000e+03
2.905562255859375000e+03
3.441428710937500000e+03
3.292020263671875000e+03
2.871450195312500000e+03
3.077076904296875000e+03
3.341323974609375000e+03
3.569572021484375000e+03
3.402473876953125000e+03
2.739634033203125000e+03
2.541458251953125000e+03
2.578836425781250000e+03
2.706008056640625000e+03
3.517924560546875000e+03
3.698576171875000000e+03
2.789658691406250000e+03
2.481097412109375000e+03
2.253179199218750000e+03
2.164396728515625000e+03
2.201632324218750000e+03
2.009844604492187500e+03
3.062157958984375000e+03
5.265259277343750000e+03
3.423398925781250000e+03
2.752950927734375000e+03
6.533995117187500000e+03
3.640289062500000000e+03
5.800582031250000000e+03
4.596448242187500000e+03
3.137762695312500000e+03
4.844707519531250000e+03
4.042747558593750000e+03
3.507500732421875000e+03
3.677949951171875000e+03
3.861510986328125000e+03
3.887327392578125000e+03
3.172662597656250000e+03
2.836515380859375000e+03
3.448680908203125000e+03
3.680197998046875000e+03
2.952926513671875000e+03
2.594053222656250000e+03
2.620312255859375000e+03
2.998845214843750000e+03
3.253812011718750000e+03
3.324519531250000000e+03
3.021712890625000000e+03
2.541383056640625000e+03
2.574861572265625000e+03
3.233648193359375000e+03
3.481773193359375000e+03
3.314443359375000000e+03
2.917733398437500000e+03
2.603336914062500000e+03
3.223857910156250000e+03
4.406874511718750000e+03
3.273731201171875000e+03
2.162349365234375000e+03
2.593277099609375000e+03
4.986605957031250000e+03
4.114625000000000000e+03
3.197665527343750000e+03
4.557555664062500000e+03
3.872039306640625000e+03
3.324650390625000000e+03
2.914568603515625000e+03
3.284935302734375000e+03
4.539377441406250000e+03
3.606470214843750000e+03
3.330938720703125000e+03
4.319536132812500000e+03
4.039851318359375000e+03
3.428480712890625000e+03
3.304136718750000000e+03
3.400217285156250000e+03
3.532071289062500000e+03
3.315436279296875000e+03
2.751754394531250000e+03
2.585343261718750000e+03
3.120392333984375000e+03
3.212771728515625000e+03
2.841133544921875000e+03
2.653540771484375000e+03
2.426542236328125000e+03
2.341705322265625000e+03
2.621874267578125000e+03
3.173129882812500000e+03
3.657907714843750000e+03
3.093272949218750000e+03
2.341073486328125000e+03
2.219207031250000000e+03
2.238863525390625000e+03
3.196618652343750000e+03
4.269540039062500000e+03
3.015184326171875000e+03
2.161995361328125000e+03
2.709032470703125000e+03
4.461847656250000000e+03
3.913214599609375000e+03
2.655138916015625000e+03
3.679239013671875000e+03
4.968333007812500000e+03
3.590920654296875000e+03
3.416727050781250000e+03
4.375347167968750000e+03
3.816241210937500000e+03
3.193712646484375000e+03
3.626372314453125000e+03
3.640918945312500000e+03
3.053681396484375000e+03
2.859202392578125000e+03
2.783424804687500000e+03
2.801782714843750000e+03
2.909503662109375000e+03
2.902778076171875000e+03
2.673466796875000000e+03
2.737998779296875000e+03
3.223940917968750000e+03
3.488015869140625000e+03
3.061747070312500000e+03
2.557968994140625000e+03
2.440349609375000000e+03
2.712975097656250000e+03
3.145587402343750000e+03
3.757671875000000000e+03
3.161386718750000000e+03
2.396501953125000000e+03
2.390407226562500000e+03
2.742560546875000000e+03
2.982878662109375000e+03
3.113678955078125000e+03
