2.354721093750000000e+05
1.949883906250000000e+05
1.552004375000000000e+05
1.187263906250000000e+05
8.707553125000000000e+04
6.690824218750000000e+04
6.043112500000000000e+04
6.476205078125000000e+04
7.287656250000000000e+04
8.008477343750000000e+04
8.307694531250000000e+04
8.211096093750000000e+04
7.694235156250000000e+04
6.990649218750000000e+04
6.209752343750000000e+04
5.504053906250000000e+04
5.011342187500000000e+04
4.737890234375000000e+04
4.726794531250000000e+04
4.921142187500000000e+04
5.119150781250000000e+04
5.251629687500000000e+04
5.178242968750000000e+04
4.995763281250000000e+04
4.787383593750000000e+04
4.507156640625000000e+04
4.250757421875000000e+04
4.081176562500000000e+04
3.982569921875000000e+04
4.017601953125000000e+04
4.075503515625000000e+04
4.129991015625000000e+04
4.120635546875000000e+04
4.098935156250000000e+04
4.020178515625000000e+04
3.867741796875000000e+04
3.761995312500000000e+04
3.707158203125000000e+04
3.658068750000000000e+04
3.649455078125000000e+04
3.668343359375000000e+04
3.670546875000000000e+04
3.664732421875000000e+04
3.637608984375000000e+04
3.572650781250000000e+04
3.514078906250000000e+04
3.482553125000000000e+04
3.442963281250000000e+04
3.445740625000000000e+04
3.451528515625000000e+04
3.436460937500000000e+04
3.409092968750000000e+04
3.398121875000000000e+04
3.377248828125000000e+04
3.341764062500000000e+04
3.310788281250000000e+04
3.288828906250000000e+04
3.286871875000000000e+04
3.292256250000000000e+04
3.280207031250000000e+04
3.258496289062500000e+04
3.258647656250000000e+04
3.230568164062500000e+04
3.212757617187500000e+04
3.181011523437500000e+04
3.194479101562500000e+04
3.170847460937500000e+04
3.164774023437500000e+04
3.175075195312500000e+04
3.146086718750000000e+04
3.133330078125000000e+04
3.122799414062500000e+04
3.110540429687500000e+04
3.100058984375000000e+04
3.102151757812500000e+04
3.096864453125000000e+04
3.092146875000000000e+04
3.075265625000000000e+04
3.063619921875000000e+04
3.061571093750000000e+04
3.058314843750000000e+04
3.038748437500000000e+04
3.040016796875000000e+04
3.037243164062500000e+04
3.023628710937500000e+04
3.013879492187500000e+04
2.998762890625000000e+04
2.988230078125000000e+04
3.004483203125000000e+04
2.990870117187500000e+04
2.993036328125000000e+04
2.984190820312500000e+04
2.965130273437500000e+04
2.966495507812500000e+04
2.956547265625000000e+04
2.943365234375000000e+04
2.961401562500000000e+04
2.938639257812500000e+04
2.926596679687500000e+04
2.932320703125000000e+04
2.927024804687500000e+04
2.915120703125000000e+04
2.908413867187500000e+04
2.916460742187500000e+04
2.902394335937500000e+04
2.887349218750000000e+04
2.908160742187500000e+04
2.883146679687500000e+04
2.876552539062500000e+04
2.892156250000000000e+04
2.881008007812500000e+04
2.872608593750000000e+04
2.867918164062500000e+04
2.866500000000000000e+04
2.857036718750000000e+04
2.848093750000000000e+04
2.848975000000000000e+04
2.831575781250000000e+04
2.845042578125000000e+04
2.839209765625000000e+04
2.836451171875000000e+04
2.841350390625000000e+04
2.821869921875000000e+04
2.837802539062500000e+04
2.831450390625000000e+04
2.806764843750000000e+04
2.820888867187500000e+04
2.811926171875000000e+04
2.822085742187500000e+04
2.817634570312500000e+04
2.815820703125000000e+04
2.803186914062500000e+04
2.805629101562500000e+04
2.802195117187500000e+04
2.793769531250000000e+04
2.794139257812500000e+04
2.788093750000000000e+04
2.780223632812500000e+04
2.795407226562500000e+04
2.793896679687500000e+04
2.770200585937500000e+04
2.774722851562500000e+04
2.772584179687500000e+04
2.755962695312500000e+04
2.764829296875000000e+04
2.766922460937500000e+04
2.777538671875000000e+04
2.744734375000000000e+04
2.759051171875000000e+04
2.746162109375000000e+04
2.763937109375000000e+04
2.752170703125000000e+04
2.742010937500000000e+04
2.738229296875000000e+04
2.735213085937500000e+04
2.745156835937500000e+04
2.742032421875000000e+04
2.742157617187500000e+04
2.747214843750000000e+04
2.729684960937500000e+04
2.732794921875000000e+04
2.724933593750000000e+04
2.733918359375000000e+04
2.703520703125000000e+04
2.720367382812500000e+04
2.716657812500000000e+04
2.729635351562500000e+04
2.720669531250000000e+04
2.726430273437500000e+04
2.712063671875000000e+04
2.726934960937500000e+04
2.696325000000000000e+04
2.706851757812500000e+04
2.724873828125000000e+04
2.716080273437500000e+04
2.707597070312500000e+04
2.691511523437500000e+04
2.695423242187500000e+04
2.701164062500000000e+04
2.703576171875000000e+04
2.697373828125000000e+04
2.704936718750000000e+04
2.698192187500000000e+04
2.698554101562500000e+04
2.686361328125000000e+04
2.704405664062500000e+04
2.683024218750000000e+04
2.694903710937500000e+04
2.693895507812500000e+04
2.689673242187500000e+04
2.688197656250000000e+04
2.681513867187500000e+04
2.666776171875000000e+04
2.681273242187500000e+04
2.681839257812500000e+04
2.658595703125000000e+04
2.682367968750000000e+04
2.682619921875000000e+04
2.674946289062500000e+04
2.677408203125000000e+04
2.673691406250000000e+04
2.675864062500000000e+04
2.673381640625000000e+04
2.659406640625000000e+04
2.676261523437500000e+04
2.662167968750000000e+04
2.667403125000000000e+04
2.653913281250000000e+04
2.655543945312500000e+04
2.647615234375000000e+04
2.652863671875000000e+04
2.647971875000000000e+04
2.636294921875000000e+04
2.652037500000000000e+04
2.643586718750000000e+04
2.655864257812500000e+04
2.654544140625000000e+04
2.663941796875000000e+04
2.661864257812500000e+04
2.643946679687500000e+04
2.658416210937500000e+04
2.626644335937500000e+04
2.649235351562500000e+04
2.652730468750000000e+04
2.643029296875000000e+04
2.647886718750000000e+04
2.632099609375000000e+04
2.634022851562500000e+04
2.632782812500000000e+04
2.646188867187500000e+04
2.641432031250000000e+04
2.626380859375000000e+04
2.631454687500000000e+04
2.647338281250000000e+04
2.634475976562500000e+04
2.643584570312500000e+04
2.635750585937500000e+04
2.631818554687500000e+04
2.623172460937500000e+04
2.633870312500000000e+04
2.626751757812500000e+04
2.626776757812500000e+04
2.624840429687500000e+04
2.625586328125000000e+04
2.630267773437500000e+04
2.628678125000000000e+04
2.631234570312500000e+04
2.629473046875000000e+04
2.626036328125000000e+04
2.626925781250000000e+04
2.639728320312500000e+04
2.617373242187500000e+04
2.613075781250000000e+04
2.630332812500000000e+04
2.629107617187500000e+04
2.625819726562500000e+04
2.610980859375000000e+04
2.624586328125000000e+04
2.631985351562500000e+04
2.623990429687500000e+04
2.615532812500000000e+04
2.616111523437500000e+04
2.619300195312500000e+04
2.610658593750000000e+04
2.618333593750000000e+04
2.617413867187500000e+04
2.615519726562500000e+04
2.608357031250000000e+04
2.616613867187500000e+04
2.608697265625000000e+04
2.606871484375000000e+04
2.602986718750000000e+04
2.591886718750000000e+04
2.602767773437500000e+04
2.603344335937500000e+04
2.613079687500000000e+04
2.598642578125000000e+04
2.609315625000000000e+04
2.615695507812500000e+04
2.600795703125000000e+04
2.600089062500000000e+04
2.606250585937500000e+04
2.603726562500000000e+04
2.591926953125000000e+04
2.594842968750000000e+04
2.607022460937500000e+04
2.597745312500000000e+04
2.590617382812500000e+04
2.613204687500000000e+04
2.599420312500000000e+04
2.602255468750000000e+04
2.592900781250000000e+04
2.591512695312500000e+04
2.606053906250000000e+04
2.588743359375000000e+04
2.592624804687500000e+04
2.602775976562500000e+04
2.594874023437500000e+04
2.596334375000000000e+04
2.595703125000000000e+04
2.587893750000000000e+04
2.587771093750000000e+04
2.585981054687500000e+04
2.590129296875000000e+04
2.587707226562500000e+04
2.602723632812500000e+04
2.595183789062500000e+04
2.592508007812500000e+04
2.590439648437500000e+04
2.587006445312500000e+04
2.596639453125000000e+04
2.580345312500000000e+04
2.582861523437500000e+04
2.587542187500000000e+04
2.591986718750000000e+04
2.585855664062500000e+04
2.604111132812500000e+04
2.584559765625000000e+04
2.587490039062500000e+04
2.594453515625000000e+04
2.587343164062500000e+04
2.581661132812500000e+04
2.586971484375000000e+04
2.584195898437500000e+04
2.578154882812500000e+04
2.576202734375000000e+04
2.592762695312500000e+04
2.583859375000000000e+04
2.582468750000000000e+04
2.569878710937500000e+04
2.590122851562500000e+04
2.577330859375000000e+04
2.583236523437500000e+04
2.588048046875000000e+04
2.582627148437500000e+04
2.584453320312500000e+04
2.584297851562500000e+04
2.581931445312500000e+04
2.578475000000000000e+04
2.569458398437500000e+04
2.570688867187500000e+04
2.584202929687500000e+04
2.569419726562500000e+04
2.568561523437500000e+04
2.578776171875000000e+04
2.566240039062500000e+04
2.580305859375000000e+04
2.554616601562500000e+04
2.576256250000000000e+04
2.572413085937500000e+04
2.569368945312500000e+04
2.572268750000000000e+04
2.566026367187500000e+04
2.560018164062500000e+04
2.583836328125000000e+04
2.580561914062500000e+04
2.567527734375000000e+04
2.555184960937500000e+04
2.571447265625000000e+04
2.571739648437500000e+04
2.571983984375000000e+04
2.561640039062500000e+04
2.566914453125000000e+04
2.564644335937500000e+04
2.563084765625000000e+04
2.560909570312500000e+04
2.558537109375000000e+04
2.554401757812500000e+04
2.557930468750000000e+04
2.577806445312500000e+04
2.566454687500000000e+04
2.568657617187500000e+04
2.556611718750000000e+04
2.571568945312500000e+04
2.553150195312500000e+04
2.560669921875000000e+04
2.568015429687500000e+04
2.562447656250000000e+04
2.577294726562500000e+04
2.574496679687500000e+04
2.567341210937500000e+04
2.571676562500000000e+04
2.555321484375000000e+04
2.558713867187500000e+04
2.552520507812500000e+04
2.563876953125000000e+04
2.566878906250000000e+04
2.551120507812500000e+04
2.555200781250000000e+04
2.555200781250000000e+04
2.555114062500000000e+04
2.557946289062500000e+04
2.550832421875000000e+04
2.558419140625000000e+04
2.557129101562500000e+04
2.568361328125000000e+04
2.560646093750000000e+04
2.561540039062500000e+04
2.574622851562500000e+04
2.547649218750000000e+04
2.564898046875000000e+04
2.552851367187500000e+04
2.559393359375000000e+04
2.559497070312500000e+04
2.553384179687500000e+04
2.557142968750000000e+04
2.563342382812500000e+04
2.561442187500000000e+04
2.555358398437500000e+04
2.532181640625000000e+04
2.557701757812500000e+04
2.535956250000000000e+04
2.549733789062500000e+04
2.552094140625000000e+04
2.547413281250000000e+04
2.551851757812500000e+04
2.558313867187500000e+04
2.559178710937500000e+04
2.575702734375000000e+04
2.555498046875000000e+04
2.559421289062500000e+04
2.569703125000000000e+04
2.557588281250000000e+04
2.532270312500000000e+04
2.545849218750000000e+04
2.542749804687500000e+04
2.560163085937500000e+04
2.555676953125000000e+04
2.555470703125000000e+04
2.546081835937500000e+04
2.544041210937500000e+04
2.545891992187500000e+04
2.533210937500000000e+04
2.540263085937500000e+04
2.546654882812500000e+04
2.544697265625000000e+04
2.556867968750000000e+04
2.560070898437500000e+04
2.553153906250000000e+04
2.546137109375000000e+04
2.535304687500000000e+04
2.546969531250000000e+04
2.553332421875000000e+04
2.556237109375000000e+04
2.541693554687500000e+04
2.543979492187500000e+04
2.548546289062500000e+04
2.547477343750000000e+04
2.539351367187500000e+04
2.551603710937500000e+04
2.520400976562500000e+04
2.546269921875000000e+04
2.560304687500000000e+04
2.535284960937500000e+04
2.524252734375000000e+04
2.542480273437500000e+04
2.537463476562500000e+04
2.524441210937500000e+04
2.535620312500000000e+04
2.534710546875000000e+04
2.540276562500000000e+04
2.543189257812500000e+04
2.549967773437500000e+04
2.544927734375000000e+04
2.522007617187500000e+04
2.531452148437500000e+04
2.538103515625000000e+04
2.529949218750000000e+04
2.540078710937500000e+04
2.539528320312500000e+04
2.522175781250000000e+04
2.538421875000000000e+04
2.541824804687500000e+04
2.540146289062500000e+04
2.550444335937500000e+04
2.534337500000000000e+04
2.544715234375000000e+04
2.542625000000000000e+04
2.526546875000000000e+04
2.534940820312500000e+04
2.535550195312500000e+04
2.547976757812500000e+04
2.529004296875000000e+04
2.535683984375000000e+04
2.532693750000000000e+04
2.548026367187500000e+04
2.551453906250000000e+04
2.524719921875000000e+04
2.542298437500000000e+04
2.519686328125000000e+04
2.523355664062500000e+04
2.528052539062500000e+04
2.539404687500000000e+04
2.535796484375000000e+04
2.534109765625000000e+04
2.534075976562500000e+04
2.530226953125000000e+04
2.522048437500000000e+04
2.533164453125000000e+04
2.542711523437500000e+04
2.527747656250000000e+04
2.523429296875000000e+04
2.525977343750000000e+04
2.537100976562500000e+04
2.523146289062500000e+04
2.530686132812500000e+04
2.538516992187500000e+04
2.531013085937500000e+04
2.520664843750000000e+04
2.533265234375000000e+04
2.514901367187500000e+04
2.527272460937500000e+04
2.518390820312500000e+04
2.536230468750000000e+04
2.521442187500000000e+04
2.525593359375000000e+04
2.532964062500000000e+04
2.541135742187500000e+04
2.535579687500000000e+04
2.530968750000000000e+04
2.527476953125000000e+04
2.541673046875000000e+04
2.527816601562500000e+04
2.533344335937500000e+04
2.519435742187500000e+04
2.530015625000000000e+04
2.523292773437500000e+04
2.532226171875000000e+04
2.523447656250000000e+04
2.520553125000000000e+04
2.525744726562500000e+04
2.522328710937500000e+04
2.520629882812500000e+04
2.538546093750000000e+04
2.530747265625000000e+04
2.519891992187500000e+04
2.525449609375000000e+04
2.528167187500000000e+04
2.522830468750000000e+04
2.532419726562500000e+04
2.536145312500000000e+04
2.538604296875000000e+04
2.512349218750000000e+04
2.519578320312500000e+04
2.520806835937500000e+04
2.536627148437500000e+04
2.519736523437500000e+04
2.510468554687500000e+04
2.522590429687500000e+04
2.527955078125000000e+04
2.527893750000000000e+04
2.514662109375000000e+04
2.534092187500000000e+04
2.521183789062500000e+04
2.518656250000000000e+04
2.525629101562500000e+04
2.520924023437500000e+04
2.516491210937500000e+04
2.534313476562500000e+04
2.521798632812500000e+04
2.517200976562500000e+04
2.525124023437500000e+04
2.518809765625000000e+04
2.525117382812500000e+04
2.499676171875000000e+04
2.513866992187500000e+04
2.521846093750000000e+04
2.519513281250000000e+04
2.517793750000000000e+04
2.513800976562500000e+04
2.514797070312500000e+04
2.525472265625000000e+04
2.514376562500000000e+04
2.519697656250000000e+04
2.511846875000000000e+04
2.524076562500000000e+04
2.512953125000000000e+04
2.511143945312500000e+04
2.525430078125000000e+04
2.528063085937500000e+04
2.525153125000000000e+04
2.522540820312500000e+04
2.531200585937500000e+04
2.523954687500000000e+04
2.514920703125000000e+04
2.509156250000000000e+04
2.522193750000000000e+04
2.520008789062500000e+04
2.501072851562500000e+04
2.519676953125000000e+04
2.514473046875000000e+04
2.516336328125000000e+04
2.514208203125000000e+04
2.524592968750000000e+04
2.516325000000000000e+04
2.515366406250000000e+04
2.503628710937500000e+04
2.507787500000000000e+04
2.497878906250000000e+04
2.504074609375000000e+04
2.505137304687500000e+04
2.497782617187500000e+04
2.503518359375000000e+04
2.509708789062500000e+04
2.511688281250000000e+04
2.519335937500000000e+04
2.511341601562500000e+04
2.506180273437500000e+04
2.528019726562500000e+04
2.522325000000000000e+04
2.511905859375000000e+04
2.519199218750000000e+04
2.507808789062500000e+04
2.500113281250000000e+04
2.506156250000000000e+04
2.509203125000000000e+04
2.504443945312500000e+04
2.525964062500000000e+04
2.513042968750000000e+04
2.509529101562500000e+04
2.513826562500000000e+04
2.505194921875000000e+04
2.521178125000000000e+04
2.522444531250000000e+04
2.523260546875000000e+04
2.502498046875000000e+04
2.517174609375000000e+04
2.511523632812500000e+04
2.509627343750000000e+04
2.505832031250000000e+04
2.504897656250000000e+04
2.502373242187500000e+04
2.508502343750000000e+04
2.511956445312500000e+04
2.502968945312500000e+04
2.491421875000000000e+04
2.491609765625000000e+04
2.507654882812500000e+04
2.499677929687500000e+04
2.509785351562500000e+04
2.507782812500000000e+04
2.503142578125000000e+04
2.499929492187500000e+04
2.506335937500000000e+04
2.510464062500000000e+04
2.501371679687500000e+04
2.506524023437500000e+04
2.509285546875000000e+04
2.514063476562500000e+04
2.501190429687500000e+04
2.495225585937500000e+04
2.498460546875000000e+04
2.510679882812500000e+04
2.497697265625000000e+04
2.490833007812500000e+04
2.506658593750000000e+04
2.492716796875000000e+04
2.486965625000000000e+04
2.496182421875000000e+04
2.493385937500000000e+04
2.518177539062500000e+04
2.510766992187500000e+04
2.512337500000000000e+04
2.493748242187500000e+04
2.499330859375000000e+04
2.511344726562500000e+04
2.501959960937500000e+04
2.509866601562500000e+04
2.507465625000000000e+04
2.483286132812500000e+04
2.484659960937500000e+04
2.521410351562500000e+04
2.502013281250000000e+04
2.498877539062500000e+04
2.494750976562500000e+04
2.494746289062500000e+04
2.502098632812500000e+04
2.502573632812500000e+04
2.494626562500000000e+04
2.495307617187500000e+04
2.507371679687500000e+04
2.493011718750000000e+04
2.507322070312500000e+04
2.511106835937500000e+04
2.491476171875000000e+04
2.506037890625000000e+04
2.504838671875000000e+04
2.498293554687500000e+04
2.504521093750000000e+04
2.491359179687500000e+04
2.478849804687500000e+04
2.492883203125000000e+04
2.500984960937500000e+04
2.494024414062500000e+04
2.474569335937500000e+04
2.486432031250000000e+04
2.505562109375000000e+04
2.478912304687500000e+04
2.490953515625000000e+04
2.508187500000000000e+04
2.504926367187500000e+04
2.489848242187500000e+04
2.496902734375000000e+04
2.481363085937500000e+04
2.484949804687500000e+04
2.487116210937500000e+04
2.494081054687500000e+04
2.487790429687500000e+04
2.497885937500000000e+04
2.493036328125000000e+04
2.504184765625000000e+04
2.498395703125000000e+04
2.508683398437500000e+04
2.474090039062500000e+04
2.497181640625000000e+04
2.484375000000000000e+04
2.486457226562500000e+04
2.482740820312500000e+04
2.494995703125000000e+04
2.479897070312500000e+04
2.496303125000000000e+04
2.478551757812500000e+04
2.502764257812500000e+04
2.480767968750000000e+04
2.479074414062500000e+04
2.481614062500000000e+04
2.500936328125000000e+04
2.498684765625000000e+04
2.489789843750000000e+04
2.496160156250000000e+04
2.505887500000000000e+04
2.488912304687500000e+04
2.482044726562500000e+04
2.482983789062500000e+04
2.490460156250000000e+04
2.474809375000000000e+04
2.506285351562500000e+04
2.491495507812500000e+04
2.491427148437500000e+04
2.494950585937500000e+04
2.482081640625000000e+04
2.508532226562500000e+04
2.488502148437500000e+04
2.471813476562500000e+04
2.493155468750000000e+04
2.478762890625000000e+04
2.481103710937500000e+04
2.480223242187500000e+04
2.473993554687500000e+04
2.481437304687500000e+04
2.496376953125000000e+04
2.489980273437500000e+04
2.484216601562500000e+04
2.486861132812500000e+04
2.492488867187500000e+04
2.474482617187500000e+04
2.486651757812500000e+04
2.481888281250000000e+04
2.472859179687500000e+04
2.482401757812500000e+04
2.490854687500000000e+04
2.487388281250000000e+04
2.479295117187500000e+04
2.476649023437500000e+04
2.475305273437500000e+04
2.485650195312500000e+04
2.475660546875000000e+04
2.479936718750000000e+04
2.482284960937500000e+04
2.480948046875000000e+04
2.496889843750000000e+04
2.481650585937500000e+04
2.470806640625000000e+04
2.478002734375000000e+04
2.482272265625000000e+04
2.485329882812500000e+04
2.481776953125000000e+04
2.476432226562500000e+04
2.484430664062500000e+04
2.495327148437500000e+04
2.475192773437500000e+04
2.476472070312500000e+04
2.483770117187500000e+04
2.497603515625000000e+04
2.483499218750000000e+04
2.471589648437500000e+04
2.487356250000000000e+04
2.482777929687500000e+04
2.486711132812500000e+04
2.475604492187500000e+04
2.469301367187500000e+04
2.470030859375000000e+04
2.476959179687500000e+04
2.474572460937500000e+04
2.478603710937500000e+04
2.466131250000000000e+04
2.481866992187500000e+04
2.485956054687500000e+04
2.482514453125000000e+04
2.471877929687500000e+04
2.473219140625000000e+04
2.475082812500000000e+04
2.470959179687500000e+04
2.478575781250000000e+04
2.458535937500000000e+04
2.480828710937500000e+04
2.479254687500000000e+04
2.471298828125000000e+04
2.477073242187500000e+04
2.457954687500000000e+04
2.461327148437500000e+04
2.475947656250000000e+04
2.471942187500000000e+04
2.466353125000000000e+04
2.467770703125000000e+04
2.466136718750000000e+04
2.478471679687500000e+04
2.484625000000000000e+04
2.466381250000000000e+04
2.472667968750000000e+04
2.488297070312500000e+04
2.481905664062500000e+04
2.475722851562500000e+04
2.472859375000000000e+04
2.472042382812500000e+04
2.469418359375000000e+04
2.465453125000000000e+04
2.464382812500000000e+04
2.469657226562500000e+04
2.467367968750000000e+04
2.476329101562500000e+04
2.469440039062500000e+04
2.472674609375000000e+04
2.477040234375000000e+04
2.474041796875000000e+04
2.484499609375000000e+04
2.452215234375000000e+04
2.477884570312500000e+04
2.462014843750000000e+04
2.474422851562500000e+04
2.467367187500000000e+04
2.472806054687500000e+04
2.484590820312500000e+04
2.479157812500000000e+04
2.473697851562500000e+04
2.488006054687500000e+04
2.470240820312500000e+04
2.467624023437500000e+04
2.465732226562500000e+04
2.470873046875000000e+04
2.459164453125000000e+04
2.478807421875000000e+04
2.491608789062500000e+04
2.474516210937500000e+04
2.481725585937500000e+04
2.463848828125000000e+04
2.463065234375000000e+04
2.455926171875000000e+04
2.464508593750000000e+04
2.469139257812500000e+04
2.479392968750000000e+04
2.468455468750000000e+04
2.461140039062500000e+04
2.470352148437500000e+04
2.467663476562500000e+04
2.468013085937500000e+04
2.477910546875000000e+04
2.476776953125000000e+04
2.455715625000000000e+04
2.456365820312500000e+04
2.463561132812500000e+04
2.465325585937500000e+04
2.462676562500000000e+04
2.457414062500000000e+04
2.469473242187500000e+04
2.470115234375000000e+04
2.477262695312500000e+04
2.475697070312500000e+04
2.456376562500000000e+04
2.476605859375000000e+04
2.471657617187500000e+04
2.464194140625000000e+04
2.466740234375000000e+04
2.452095117187500000e+04
2.455848437500000000e+04
2.464867382812500000e+04
2.465696679687500000e+04
2.462457812500000000e+04
2.454808984375000000e+04
2.470532226562500000e+04
2.472461914062500000e+04
2.464308984375000000e+04
2.471010351562500000e+04
2.456557812500000000e+04
2.448014453125000000e+04
2.477445898437500000e+04
2.455406640625000000e+04
2.451730859375000000e+04
2.462041210937500000e+04
2.449927343750000000e+04
2.463213085937500000e+04
2.460959375000000000e+04
2.451280273437500000e+04
2.473397070312500000e+04
2.457535156250000000e+04
2.442813476562500000e+04
2.465500585937500000e+04
2.444761523437500000e+04
2.461535351562500000e+04
2.459145117187500000e+04
2.456640820312500000e+04
2.468990039062500000e+04
2.463090625000000000e+04
2.461259765625000000e+04
2.456885351562500000e+04
2.463105273437500000e+04
2.453558593750000000e+04
2.440950976562500000e+04
2.462420312500000000e+04
2.458856250000000000e+04
2.463510546875000000e+04
2.468095703125000000e+04
2.455872851562500000e+04
2.464526953125000000e+04
2.452032031250000000e+04
2.455475390625000000e+04
2.457960546875000000e+04
2.456421289062500000e+04
2.446119921875000000e+04
2.472807421875000000e+04
2.444665820312500000e+04
2.449433593750000000e+04
2.442800781250000000e+04
2.479323632812500000e+04
2.459358398437500000e+04
2.452675781250000000e+04
2.456313085937500000e+04
2.464539648437500000e+04
2.457021875000000000e+04
2.464544335937500000e+04
2.443108593750000000e+04
2.468050390625000000e+04
2.451162695312500000e+04
2.445997851562500000e+04
2.450055078125000000e+04
2.441163671875000000e+04
2.446318945312500000e+04
2.453795117187500000e+04
2.455625390625000000e+04
2.456803125000000000e+04
2.457784765625000000e+04
2.451468945312500000e+04
2.446087890625000000e+04
2.448830468750000000e+04
2.445383398437500000e+04
2.435787695312500000e+04
2.456700781250000000e+04
2.443690039062500000e+04
2.433937500000000000e+04
2.454311523437500000e+04
2.434039453125000000e+04
2.451713281250000000e+04
2.439202734375000000e+04
2.462900195312500000e+04
2.441618164062500000e+04
2.430479101562500000e+04
2.460760156250000000e+04
2.449410156250000000e+04
2.448206445312500000e+04
2.440254101562500000e+04
2.450304687500000000e+04
2.443742968750000000e+04
2.448690625000000000e+04
2.445164843750000000e+04
2.444600976562500000e+04
2.446892187500000000e+04
2.443050390625000000e+04
2.443798828125000000e+04
2.453511523437500000e+04
2.456377929687500000e+04
2.447392968750000000e+04
2.451280273437500000e+04
2.440426562500000000e+04
2.452838671875000000e+04
2.462684765625000000e+04
2.441135156250000000e+04
2.431984765625000000e+04
2.437670898437500000e+04
2.446894140625000000e+04
2.454259179687500000e+04
2.439760156250000000e+04
2.442470703125000000e+04
2.456221484375000000e+04
2.460200781250000000e+04
2.447113085937500000e+04
2.454437890625000000e+04
2.433384570312500000e+04
2.445306054687500000e+04
2.439768164062500000e+04
2.444106835937500000e+04
