1.107664062500000000e+05
9.973904687500000000e+04
8.885329687500000000e+04
7.790332031250000000e+04
6.723464843750000000e+04
5.696864843750000000e+04
4.773925390625000000e+04
3.990988671875000000e+04
3.363678125000000000e+04
2.897864843750000000e+04
2.662714843750000000e+04
2.627821875000000000e+04
2.723526953125000000e+04
2.958681640625000000e+04
3.194695507812500000e+04
3.417369140625000000e+04
3.529523828125000000e+04
3.547037500000000000e+04
3.483253515625000000e+04
3.326484375000000000e+04
3.140854101562500000e+04
2.940829101562500000e+04
2.797350390625000000e+04
2.690746679687500000e+04
2.622854687500000000e+04
2.590303906250000000e+04
2.608756054687500000e+04
2.631759375000000000e+04
2.676604492187500000e+04
2.727327148437500000e+04
2.743125390625000000e+04
2.778838867187500000e+04
2.774412304687500000e+04
2.770817382812500000e+04
2.740895117187500000e+04
2.696740039062500000e+04
2.656423242187500000e+04
2.625960742187500000e+04
2.608043945312500000e+04
2.580344335937500000e+04
2.565871484375000000e+04
2.557081835937500000e+04
2.561317773437500000e+04
2.573600000000000000e+04
2.593673632812500000e+04
2.579146875000000000e+04
2.593785546875000000e+04
2.600123437500000000e+04
2.576268945312500000e+04
2.571090039062500000e+04
2.560640234375000000e+04
2.550174609375000000e+04
2.533798437500000000e+04
2.541403906250000000e+04
2.530885742187500000e+04
2.527167968750000000e+04
2.508818164062500000e+04
2.528458593750000000e+04
2.529683203125000000e+04
2.514581054687500000e+04
2.520856445312500000e+04
2.531048242187500000e+04
2.509127929687500000e+04
2.501464257812500000e+04
2.488375000000000000e+04
2.491975976562500000e+04
2.475832031250000000e+04
2.482545117187500000e+04
2.487366601562500000e+04
2.463804296875000000e+04
2.471716015625000000e+04
2.461722656250000000e+04
2.455768554687500000e+04
2.453556250000000000e+04
2.449713867187500000e+04
2.453278125000000000e+04
2.443121289062500000e+04
2.427589062500000000e+04
2.432763476562500000e+04
2.429433007812500000e+04
2.417895898437500000e+04
2.410614648437500000e+04
2.406154687500000000e+04
2.393811132812500000e+04
2.383137890625000000e+04
2.381625781250000000e+04
2.369616796875000000e+04
2.360791210937500000e+04
2.360281250000000000e+04
2.354299804687500000e+04
2.348054101562500000e+04
2.337850585937500000e+04
2.321443750000000000e+04
2.330376757812500000e+04
2.314868164062500000e+04
2.285765039062500000e+04
2.302225585937500000e+04
2.269422851562500000e+04
2.266910546875000000e+04
2.260007617187500000e+04
2.241733789062500000e+04
2.237821093750000000e+04
2.225987304687500000e+04
2.220246093750000000e+04
2.197583789062500000e+04
2.186571484375000000e+04
2.186352343750000000e+04
2.171511132812500000e+04
2.146519140625000000e+04
2.135892578125000000e+04
2.121098632812500000e+04
2.107010546875000000e+04
2.088063867187500000e+04
2.074550195312500000e+04
2.062580273437500000e+04
2.049122460937500000e+04
2.027961914062500000e+04
2.008057421875000000e+04
2.000263867187500000e+04
1.982500976562500000e+04
1.968876171875000000e+04
1.948934570312500000e+04
1.925433398437500000e+04
1.904543554687500000e+04
1.889695703125000000e+04
1.856812109375000000e+04
1.843858398437500000e+04
1.821008984375000000e+04
1.799708398437500000e+04
1.775842773437500000e+04
1.767758789062500000e+04
1.729743359375000000e+04
1.708782421875000000e+04
1.682319531250000000e+04
1.651409765625000000e+04
1.631027343750000000e+04
1.609937402343750000e+04
1.584410644531250000e+04
1.554211621093750000e+04
1.533271582031250000e+04
1.494287207031250000e+04
1.468212792968750000e+04
1.441059179687500000e+04
1.410796484375000000e+04
1.390306542968750000e+04
1.360489941406250000e+04
1.329372070312500000e+04
1.296104785156250000e+04
1.272471289062500000e+04
1.243826953125000000e+04
1.226110156250000000e+04
1.198388769531250000e+04
1.173845019531250000e+04
1.149859960937500000e+04
1.126994921875000000e+04
1.110414160156250000e+04
1.083708496093750000e+04
1.077662304687500000e+04
1.058946582031250000e+04
1.040154296875000000e+04
1.021046777343750000e+04
1.004395117187500000e+04
9.956284179687500000e+03
9.851634765625000000e+03
9.630966796875000000e+03
9.485056640625000000e+03
9.400063476562500000e+03
9.234144531250000000e+03
9.106681640625000000e+03
9.024900390625000000e+03
8.839985351562500000e+03
8.760498046875000000e+03
8.636796875000000000e+03
8.515593750000000000e+03
8.413828125000000000e+03
8.314850585937500000e+03
8.196853515625000000e+03
8.058779785156250000e+03
7.980404785156250000e+03
7.810155273437500000e+03
7.743389160156250000e+03
7.656050781250000000e+03
7.595666015625000000e+03
7.458063476562500000e+03
7.385996093750000000e+03
7.337859375000000000e+03
7.236562500000000000e+03
7.199029296875000000e+03
7.139084472656250000e+03
7.051761230468750000e+03
6.954764648437500000e+03
6.907815917968750000e+03
6.856724121093750000e+03
6.842921875000000000e+03
6.790239746093750000e+03
6.763501953125000000e+03
6.685235839843750000e+03
6.625220703125000000e+03
6.581886718750000000e+03
6.517996093750000000e+03
6.525879882812500000e+03
6.455099121093750000e+03
6.422483398437500000e+03
6.411859863281250000e+03
6.354368164062500000e+03
6.345634765625000000e+03
6.343063964843750000e+03
6.323748046875000000e+03
6.302917968750000000e+03
6.275427734375000000e+03
6.254091796875000000e+03
6.228266113281250000e+03
6.247277832031250000e+03
6.229286621093750000e+03
6.177301757812500000e+03
6.192537109375000000e+03
6.146307128906250000e+03
6.150144531250000000e+03
6.137848144531250000e+03
6.079764160156250000e+03
6.075954101562500000e+03
6.032549316406250000e+03
6.015997070312500000e+03
6.026958007812500000e+03
5.996411132812500000e+03
6.007121093750000000e+03
5.972578613281250000e+03
5.973027832031250000e+03
5.972171875000000000e+03
5.935943359375000000e+03
5.933686035156250000e+03
5.940270019531250000e+03
5.893972656250000000e+03
5.852291992187500000e+03
5.826417480468750000e+03
5.847021484375000000e+03
5.797690429687500000e+03
5.794241699218750000e+03
5.797334472656250000e+03
5.775805175781250000e+03
5.738193847656250000e+03
5.728964843750000000e+03
5.732540527343750000e+03
5.714383300781250000e+03
5.668398437500000000e+03
5.627342773437500000e+03
5.630994140625000000e+03
5.600871093750000000e+03
5.610448730468750000e+03
5.564231445312500000e+03
5.559507812500000000e+03
5.537553710937500000e+03
5.543488769531250000e+03
5.528357910156250000e+03
5.503476074218750000e+03
5.505388183593750000e+03
5.494300781250000000e+03
5.468838378906250000e+03
5.427131835937500000e+03
5.426869140625000000e+03
5.464625488281250000e+03
5.405667968750000000e+03
5.351303710937500000e+03
5.375656250000000000e+03
5.324187500000000000e+03
5.309616699218750000e+03
5.329366210937500000e+03
5.271186523437500000e+03
5.278559570312500000e+03
5.269954589843750000e+03
5.243398925781250000e+03
5.267751953125000000e+03
5.246244140625000000e+03
5.206274414062500000e+03
5.199475097656250000e+03
5.164563964843750000e+03
5.163688476562500000e+03
5.154181640625000000e+03
5.114684082031250000e+03
5.112483886718750000e+03
5.113908691406250000e+03
5.063767089843750000e+03
5.052308593750000000e+03
5.066672851562500000e+03
5.017522460937500000e+03
5.021232421875000000e+03
4.991628906250000000e+03
5.003177734375000000e+03
4.943196289062500000e+03
4.961513183593750000e+03
4.946209472656250000e+03
4.916374023437500000e+03
4.885569335937500000e+03
4.876150390625000000e+03
4.887284179687500000e+03
4.863051757812500000e+03
4.844300781250000000e+03
4.854622070312500000e+03
4.820143554687500000e+03
4.779027832031250000e+03
4.770613769531250000e+03
4.782978027343750000e+03
4.781321289062500000e+03
4.722172851562500000e+03
4.777333496093750000e+03
4.718428710937500000e+03
4.715579101562500000e+03
4.670068847656250000e+03
4.649174316406250000e+03
4.649331054687500000e+03
4.631729492187500000e+03
4.603306152343750000e+03
4.576890136718750000e+03
4.614796386718750000e+03
4.578996582031250000e+03
4.547666992187500000e+03
4.553346679687500000e+03
4.536217773437500000e+03
4.525519531250000000e+03
4.495444335937500000e+03
4.505802734375000000e+03
4.456212402343750000e+03
4.489140625000000000e+03
4.448482910156250000e+03
4.453875488281250000e+03
4.401040527343750000e+03
4.403535644531250000e+03
4.379555175781250000e+03
4.375669433593750000e+03
4.383141113281250000e+03
4.321954101562500000e+03
4.327541992187500000e+03
4.330922851562500000e+03
4.314660644531250000e+03
4.292179687500000000e+03
4.267539062500000000e+03
4.281118652343750000e+03
4.266207031250000000e+03
4.266661621093750000e+03
4.218844238281250000e+03
4.206062500000000000e+03
4.212753906250000000e+03
4.200184570312500000e+03
4.179493164062500000e+03
4.144527832031250000e+03
4.114657714843750000e+03
4.144414550781250000e+03
4.109872558593750000e+03
4.114605957031250000e+03
4.102513671875000000e+03
4.072789550781250000e+03
4.073149658203125000e+03
4.073686279296875000e+03
4.050638183593750000e+03
4.041769531250000000e+03
4.010445312500000000e+03
4.031850341796875000e+03
4.034100585937500000e+03
4.034727539062500000e+03
4.005976074218750000e+03
3.972701171875000000e+03
3.950271240234375000e+03
3.981685058593750000e+03
3.996119873046875000e+03
3.984289550781250000e+03
3.949643310546875000e+03
3.912676269531250000e+03
3.884921630859375000e+03
3.896083740234375000e+03
3.904048583984375000e+03
3.881977294921875000e+03
3.853177246093750000e+03
3.834667236328125000e+03
3.834154296875000000e+03
3.813428955078125000e+03
3.818208007812500000e+03
3.798810302734375000e+03
3.782635986328125000e+03
3.796791015625000000e+03
3.794580566406250000e+03
3.796232910156250000e+03
3.745937255859375000e+03
3.774951660156250000e+03
3.737102294921875000e+03
3.687830322265625000e+03
3.708089599609375000e+03
3.704535400390625000e+03
3.687389404296875000e+03
3.681887939453125000e+03
3.668992919921875000e+03
3.661101318359375000e+03
3.646054687500000000e+03
3.650189941406250000e+03
3.638765380859375000e+03
3.615378173828125000e+03
3.642462646484375000e+03
3.616020507812500000e+03
3.604784912109375000e+03
3.582281250000000000e+03
3.601771972656250000e+03
3.589172851562500000e+03
3.570718017578125000e+03
3.541269287109375000e+03
3.573724609375000000e+03
3.555322998046875000e+03
3.533930175781250000e+03
3.517786376953125000e+03
3.513110351562500000e+03
3.504410400390625000e+03
3.509543701171875000e+03
3.505650878906250000e+03
3.486497558593750000e+03
3.489480224609375000e+03
3.505356933593750000e+03
3.525708984375000000e+03
3.545502197265625000e+03
3.587056640625000000e+03
3.684635742187500000e+03
3.624448974609375000e+03
3.485409179687500000e+03
3.426730712890625000e+03
3.482449951171875000e+03
3.560144042968750000e+03
3.517419921875000000e+03
3.440436279296875000e+03
3.401657958984375000e+03
3.470215332031250000e+03
3.525764648437500000e+03
3.444861572265625000e+03
3.386848876953125000e+03
3.371643554687500000e+03
3.420552001953125000e+03
3.410305908203125000e+03
3.373347412109375000e+03
3.329511230468750000e+03
3.370568359375000000e+03
3.394403320312500000e+03
3.392742919921875000e+03
3.316920654296875000e+03
3.301499267578125000e+03
3.351458007812500000e+03
3.379024658203125000e+03
3.305670410156250000e+03
3.314516601562500000e+03
3.290404052734375000e+03
3.312187255859375000e+03
3.268363037109375000e+03
3.262744628906250000e+03
3.252419189453125000e+03
3.309894531250000000e+03
3.260081542968750000e+03
3.271729248046875000e+03
3.253531250000000000e+03
3.226097656250000000e+03
3.237427001953125000e+03
3.271470703125000000e+03
3.236263916015625000e+03
3.190140380859375000e+03
3.212687011718750000e+03
3.213872070312500000e+03
3.240188964843750000e+03
3.198643310546875000e+03
3.194437255859375000e+03
3.183818359375000000e+03
3.182795898437500000e+03
3.179744628906250000e+03
3.182904296875000000e+03
3.164770019531250000e+03
3.128415283203125000e+03
3.143987060546875000e+03
3.144201660156250000e+03
3.165681396484375000e+03
3.183560302734375000e+03
3.169297851562500000e+03
3.130996582031250000e+03
3.117989990234375000e+03
3.130202880859375000e+03
3.140654052734375000e+03
3.139128417968750000e+03
3.159439208984375000e+03
3.126408203125000000e+03
3.088761718750000000e+03
3.072051269531250000e+03
3.081942626953125000e+03
3.073222900390625000e+03
3.092383544921875000e+03
3.082521240234375000e+03
3.068949218750000000e+03
3.055221679687500000e+03
3.059563720703125000e+03
3.029264404296875000e+03
3.065025878906250000e+03
3.096472656250000000e+03
3.146322265625000000e+03
3.130231201171875000e+03
3.087509033203125000e+03
3.028068359375000000e+03
3.015231689453125000e+03
3.030891845703125000e+03
3.062905029296875000e+03
3.048172363281250000e+03
3.066445556640625000e+03
3.029731933593750000e+03
3.011166015625000000e+03
2.971940673828125000e+03
2.987386230468750000e+03
2.977390869140625000e+03
2.978247558593750000e+03
2.947010253906250000e+03
2.958695068359375000e+03
2.954170410156250000e+03
2.948333740234375000e+03
2.941978515625000000e+03
2.942953369140625000e+03
2.925298339843750000e+03
2.926830566406250000e+03
2.933372314453125000e+03
2.930283935546875000e+03
2.917997558593750000e+03
2.922118896484375000e+03
2.894894042968750000e+03
2.924472656250000000e+03
2.920814697265625000e+03
2.917633056640625000e+03
2.930870361328125000e+03
2.924191894531250000e+03
2.914827880859375000e+03
2.886827392578125000e+03
2.857525390625000000e+03
2.875560058593750000e+03
2.860908935546875000e+03
2.853748291015625000e+03
2.868698974609375000e+03
2.898043701171875000e+03
2.920400390625000000e+03
2.914590576171875000e+03
2.928915527343750000e+03
2.974343261718750000e+03
3.002632080078125000e+03
3.025630859375000000e+03
2.968097656250000000e+03
2.914311279296875000e+03
2.839359863281250000e+03
2.812575683593750000e+03
2.806469238281250000e+03
2.820785644531250000e+03
2.829012207031250000e+03
2.829419921875000000e+03
2.818888183593750000e+03
2.827022949218750000e+03
2.823241943359375000e+03
2.797018554687500000e+03
2.811617675781250000e+03
2.798491210937500000e+03
2.782402832031250000e+03
2.791610351562500000e+03
2.756597167968750000e+03
2.762163574218750000e+03
2.759466308593750000e+03
2.745868408203125000e+03
2.760803955078125000e+03
2.755943115234375000e+03
2.773519042968750000e+03
2.831298339843750000e+03
2.867601318359375000e+03
2.902456054687500000e+03
2.890649902343750000e+03
2.816095214843750000e+03
2.755243164062500000e+03
2.715741699218750000e+03
2.718560791015625000e+03
2.706522949218750000e+03
2.685987060546875000e+03
2.698428710937500000e+03
2.704468017578125000e+03
2.687428710937500000e+03
2.688372314453125000e+03
2.660509521484375000e+03
2.691008300781250000e+03
2.672618896484375000e+03
2.672832519531250000e+03
2.700128173828125000e+03
2.699871337890625000e+03
2.722898193359375000e+03
2.792065429687500000e+03
2.876002197265625000e+03
2.982939208984375000e+03
2.957733886718750000e+03
2.870615722656250000e+03
2.708775390625000000e+03
2.641674560546875000e+03
2.669928710937500000e+03
2.736988281250000000e+03
2.781140380859375000e+03
2.711305908203125000e+03
2.635832763671875000e+03
2.616470703125000000e+03
2.636696777343750000e+03
2.659493408203125000e+03
2.698562744140625000e+03
2.733660400390625000e+03
2.710312255859375000e+03
2.707544433593750000e+03
2.628679443359375000e+03
2.597598876953125000e+03
2.600532470703125000e+03
2.600554199218750000e+03
2.625469238281250000e+03
2.635356445312500000e+03
2.641503906250000000e+03
2.623894287109375000e+03
2.600542236328125000e+03
2.589262451171875000e+03
2.565590087890625000e+03
2.565083251953125000e+03
2.550924560546875000e+03
2.546685058593750000e+03
2.561302734375000000e+03
2.568274658203125000e+03
2.551750244140625000e+03
2.531011718750000000e+03
2.508660888671875000e+03
2.523414550781250000e+03
2.540862060546875000e+03
2.538773193359375000e+03
2.502517089843750000e+03
2.524297607421875000e+03
2.498441406250000000e+03
2.503053222656250000e+03
2.516320800781250000e+03
2.501555419921875000e+03
2.510071533203125000e+03
2.523161376953125000e+03
2.539670898437500000e+03
2.534602294921875000e+03
2.570611572265625000e+03
2.576397705078125000e+03
2.642446289062500000e+03
2.679447509765625000e+03
2.691905029296875000e+03
2.646935058593750000e+03
2.590521728515625000e+03
2.489667724609375000e+03
2.460732177734375000e+03
2.492889892578125000e+03
2.557945068359375000e+03
2.658679931640625000e+03
2.669160888671875000e+03
2.682716552734375000e+03
2.584015869140625000e+03
2.488202880859375000e+03
2.432656982421875000e+03
2.460200439453125000e+03
2.550169921875000000e+03
2.648497070312500000e+03
2.706317871093750000e+03
2.556545410156250000e+03
2.432666015625000000e+03
2.416134033203125000e+03
2.503347656250000000e+03
2.660614013671875000e+03
2.686489746093750000e+03
2.550321533203125000e+03
2.410015625000000000e+03
2.412522705078125000e+03
2.534162353515625000e+03
2.610010742187500000e+03
2.617862304687500000e+03
2.478890625000000000e+03
2.392134033203125000e+03
2.389226318359375000e+03
2.475257568359375000e+03
2.540382568359375000e+03
2.510864013671875000e+03
2.429200195312500000e+03
2.370228515625000000e+03
2.357164062500000000e+03
2.400256103515625000e+03
2.418640869140625000e+03
2.432190917968750000e+03
2.387226074218750000e+03
2.357480712890625000e+03
2.356044921875000000e+03
2.389859130859375000e+03
2.402023437500000000e+03
2.423083251953125000e+03
2.403656738281250000e+03
2.358549316406250000e+03
2.332225585937500000e+03
2.338541748046875000e+03
2.322438964843750000e+03
2.353788085937500000e+03
2.352560058593750000e+03
2.348537841796875000e+03
2.301704101562500000e+03
2.295429931640625000e+03
2.316629882812500000e+03
2.309000244140625000e+03
2.308708740234375000e+03
2.324759033203125000e+03
2.307167236328125000e+03
2.302295654296875000e+03
2.303136718750000000e+03
2.294974365234375000e+03
2.279307373046875000e+03
2.279791015625000000e+03
2.270090576171875000e+03
2.270114746093750000e+03
2.282616455078125000e+03
2.291848388671875000e+03
2.275038574218750000e+03
2.307856933593750000e+03
2.322227050781250000e+03
2.302864501953125000e+03
2.307951416015625000e+03
2.302830078125000000e+03
2.293584228515625000e+03
2.275264892578125000e+03
2.288580322265625000e+03
2.276341064453125000e+03
2.280055419921875000e+03
2.285302490234375000e+03
2.286634765625000000e+03
2.306745361328125000e+03
2.348800781250000000e+03
2.410976562500000000e+03
2.489100097656250000e+03
2.551369140625000000e+03
2.459084228515625000e+03
2.341748291015625000e+03
2.257056640625000000e+03
2.217489746093750000e+03
2.248972412109375000e+03
2.291936279296875000e+03
2.369130371093750000e+03
2.381748535156250000e+03
2.400185546875000000e+03
2.361221679687500000e+03
2.332512451171875000e+03
2.287071044921875000e+03
2.241342285156250000e+03
2.217282714843750000e+03
2.195366210937500000e+03
2.178043212890625000e+03
2.177493408203125000e+03
2.186083496093750000e+03
2.190453613281250000e+03
2.195662841796875000e+03
2.209662597656250000e+03
2.213944824218750000e+03
2.260643554687500000e+03
2.290894042968750000e+03
2.277000244140625000e+03
2.278366210937500000e+03
2.238674804687500000e+03
2.191083984375000000e+03
2.150358154296875000e+03
2.154840087890625000e+03
2.144162841796875000e+03
2.147454101562500000e+03
2.162517578125000000e+03
2.169101562500000000e+03
2.174270019531250000e+03
2.188944580078125000e+03
2.209519531250000000e+03
2.293390380859375000e+03
2.370126953125000000e+03
2.368993652343750000e+03
2.314954101562500000e+03
2.184964355468750000e+03
2.129604736328125000e+03
2.142755371093750000e+03
2.229271240234375000e+03
2.367777099609375000e+03
2.388939453125000000e+03
2.297338867187500000e+03
2.176755371093750000e+03
2.114366699218750000e+03
2.079491943359375000e+03
2.134001953125000000e+03
2.164572021484375000e+03
2.227609863281250000e+03
2.302952880859375000e+03
2.271765869140625000e+03
2.219199218750000000e+03
2.115783935546875000e+03
2.080911865234375000e+03
2.095598876953125000e+03
2.133107910156250000e+03
2.223796386718750000e+03
2.256699218750000000e+03
2.286328613281250000e+03
2.170830078125000000e+03
2.124316406250000000e+03
2.081693603515625000e+03
2.053615722656250000e+03
2.085513427734375000e+03
2.131189208984375000e+03
2.210108886718750000e+03
2.231682861328125000e+03
2.216238769531250000e+03
2.140184082031250000e+03
2.086554199218750000e+03
2.037903808593750000e+03
2.027152099609375000e+03
2.046835327148437500e+03
2.054068359375000000e+03
2.057685791015625000e+03
2.070672851562500000e+03
2.077871093750000000e+03
2.106059814453125000e+03
2.152398193359375000e+03
2.135466796875000000e+03
2.121456787109375000e+03
2.090461914062500000e+03
2.060764404296875000e+03
2.028273193359375000e+03
2.011605346679687500e+03
2.010843261718750000e+03
2.022830322265625000e+03
2.041370605468750000e+03
2.074449707031250000e+03
2.125141845703125000e+03
2.181137695312500000e+03
2.202809082031250000e+03
2.184830566406250000e+03
2.155448242187500000e+03
2.043002319335937500e+03
1.976977539062500000e+03
1.996084350585937500e+03
2.037285766601562500e+03
2.105286132812500000e+03
2.130937255859375000e+03
2.179460693359375000e+03
2.148648193359375000e+03
2.101822998046875000e+03
2.014561035156250000e+03
1.978543945312500000e+03
1.951891601562500000e+03
1.980604614257812500e+03
2.017201538085937500e+03
2.053630859375000000e+03
2.117877197265625000e+03
2.100812500000000000e+03
2.076582763671875000e+03
2.053843994140625000e+03
2.065642333984375000e+03
2.034192138671875000e+03
2.010880615234375000e+03
1.985896606445312500e+03
1.953037597656250000e+03
1.940424926757812500e+03
1.941951660156250000e+03
1.929532470703125000e+03
1.970321289062500000e+03
1.974967773437500000e+03
2.021908203125000000e+03
2.097545410156250000e+03
2.139777343750000000e+03
2.163660888671875000e+03
2.086944580078125000e+03
1.999501831054687500e+03
1.943684204101562500e+03
1.918064331054687500e+03
1.927010498046875000e+03
1.981516479492187500e+03
2.064233642578125000e+03
2.124595703125000000e+03
2.092188720703125000e+03
2.007250122070312500e+03
1.946997192382812500e+03
1.918337280273437500e+03
1.905554199218750000e+03
1.887292480468750000e+03
1.890568603515625000e+03
1.907353759765625000e+03
1.915426513671875000e+03
1.945953491210937500e+03
1.980956298828125000e+03
2.060884033203125000e+03
2.107683593750000000e+03
2.121132324218750000e+03
2.059544921875000000e+03
1.970409790039062500e+03
1.890719848632812500e+03
1.863049438476562500e+03
1.914362182617187500e+03
1.974196533203125000e+03
2.053801269531250000e+03
2.081003173828125000e+03
2.075877929687500000e+03
1.992943481445312500e+03
1.945277587890625000e+03
1.882939331054687500e+03
1.870112182617187500e+03
1.837976196289062500e+03
1.840722778320312500e+03
1.863897338867187500e+03
1.890499023437500000e+03
1.929548706054687500e+03
2.000314819335937500e+03
2.066125976562500000e+03
2.078137207031250000e+03
2.013705810546875000e+03
1.902376831054687500e+03
1.843171264648437500e+03
1.837924194335937500e+03
1.844058959960937500e+03
1.897670532226562500e+03
1.944681152343750000e+03
1.978083862304687500e+03
1.990694091796875000e+03
1.967525756835937500e+03
1.903791870117187500e+03
1.878250366210937500e+03
1.859720458984375000e+03
1.829073486328125000e+03
1.826251953125000000e+03
1.811937133789062500e+03
1.804293090820312500e+03
1.809454589843750000e+03
1.806800170898437500e+03
1.831114257812500000e+03
1.851373291015625000e+03
1.934877929687500000e+03
2.063567871093750000e+03
2.098085693359375000e+03
2.012458251953125000e+03
1.895120849609375000e+03
1.811659667968750000e+03
1.782343872070312500e+03
1.838852294921875000e+03
1.898547851562500000e+03
1.991778930664062500e+03
2.015798339843750000e+03
1.941905761718750000e+03
1.853640625000000000e+03
1.808955200195312500e+03
1.776075683593750000e+03
1.776516845703125000e+03
1.769894531250000000e+03
1.830741821289062500e+03
1.927985595703125000e+03
1.994388305664062500e+03
2.038231811523437500e+03
1.948361938476562500e+03
1.866072021484375000e+03
1.786113769531250000e+03
1.758684936523437500e+03
1.762714477539062500e+03
1.818135498046875000e+03
1.930541870117187500e+03
2.020791870117187500e+03
1.987973510742187500e+03
1.884322631835937500e+03
1.787148193359375000e+03
1.752447021484375000e+03
1.742508666992187500e+03
1.744869140625000000e+03
1.777961669921875000e+03
1.848215698242187500e+03
1.930749267578125000e+03
1.948111938476562500e+03
1.917739013671875000e+03
1.856114257812500000e+03
1.790493286132812500e+03
1.760177001953125000e+03
1.714792968750000000e+03
1.727122436523437500e+03
1.743890625000000000e+03
1.768513183593750000e+03
1.851717163085937500e+03
1.980958496093750000e+03
1.989231445312500000e+03
1.907892822265625000e+03
1.806097290039062500e+03
1.743410644531250000e+03
1.700867675781250000e+03
1.708349121093750000e+03
1.706128173828125000e+03
1.724811279296875000e+03
1.729838500976562500e+03
1.781217529296875000e+03
1.850848999023437500e+03
1.916728759765625000e+03
1.922678955078125000e+03
1.841675292968750000e+03
1.759851806640625000e+03
1.712019165039062500e+03
1.701301757812500000e+03
1.689900146484375000e+03
1.676911621093750000e+03
1.696800659179687500e+03
1.695594116210937500e+03
1.716016113281250000e+03
1.804437866210937500e+03
1.882627685546875000e+03
1.918393676757812500e+03
1.912094360351562500e+03
1.843733276367187500e+03
