1.107664062500000000e+05
9.973904687500000000e+04
8.885329687500000000e+04
7.790332031250000000e+04
6.723464843750000000e+04
5.696864843750000000e+04
4.773925390625000000e+04
3.990988671875000000e+04
3.363678125000000000e+04
2.897864843750000000e+04
2.662714843750000000e+04
2.627821875000000000e+04
2.723526953125000000e+04
2.958681640625000000e+04
3.194695507812500000e+04
3.417369140625000000e+04
3.529523828125000000e+04
3.547037500000000000e+04
3.483253515625000000e+04
3.326484375000000000e+04
3.140854101562500000e+04
2.940829101562500000e+04
2.797350390625000000e+04
2.690746679687500000e+04
2.622854687500000000e+04
2.590303906250000000e+04
2.608756054687500000e+04
2.631759375000000000e+04
2.676604492187500000e+04
2.727327148437500000e+04
2.743125390625000000e+04
2.778838867187500000e+04
2.774412304687500000e+04
2.770817382812500000e+04
2.740895117187500000e+04
2.696740039062500000e+04
2.656423242187500000e+04
2.625960742187500000e+04
2.608043945312500000e+04
2.580344335937500000e+04
2.565871484375000000e+04
2.557081835937500000e+04
2.561317773437500000e+04
2.573600000000000000e+04
2.593673632812500000e+04
2.579146875000000000e+04
2.593785546875000000e+04
2.600123437500000000e+04
2.576268945312500000e+04
2.571090039062500000e+04
2.560640234375000000e+04
2.550174609375000000e+04
2.533798437500000000e+04
2.541403906250000000e+04
2.530885742187500000e+04
2.527167968750000000e+04
2.508818164062500000e+04
2.528458593750000000e+04
2.529683203125000000e+04
2.514581054687500000e+04
2.520856445312500000e+04
2.531048242187500000e+04
2.509127929687500000e+04
2.501464257812500000e+04
2.488375000000000000e+04
2.491975976562500000e+04
2.475832031250000000e+04
2.482545117187500000e+04
2.487366601562500000e+04
2.463804296875000000e+04
2.471716015625000000e+04
2.461722656250000000e+04
2.455768554687500000e+04
2.453556250000000000e+04
2.449713867187500000e+04
2.453278125000000000e+04
2.443121289062500000e+04
2.427589062500000000e+04
2.432763476562500000e+04
2.429433007812500000e+04
2.417895898437500000e+04
2.410614648437500000e+04
2.406154687500000000e+04
2.393811132812500000e+04
2.383137890625000000e+04
2.381625781250000000e+04
2.369616796875000000e+04
2.360791210937500000e+04
2.360281250000000000e+04
2.354299804687500000e+04
2.348054101562500000e+04
2.337850585937500000e+04
2.321443750000000000e+04
2.330376757812500000e+04
2.314868164062500000e+04
2.285765039062500000e+04
2.302225585937500000e+04
2.269422851562500000e+04
2.266910546875000000e+04
2.260007617187500000e+04
2.241733789062500000e+04
2.237821093750000000e+04
2.225987304687500000e+04
2.220246093750000000e+04
2.197583789062500000e+04
2.186571484375000000e+04
2.186352343750000000e+04
2.171511132812500000e+04
2.146519140625000000e+04
2.135892578125000000e+04
2.121098632812500000e+04
2.107010546875000000e+04
2.088063867187500000e+04
2.074550195312500000e+04
2.062580273437500000e+04
2.049122460937500000e+04
2.027961914062500000e+04
2.008057421875000000e+04
2.000263867187500000e+04
1.982500976562500000e+04
1.968876171875000000e+04
1.948934570312500000e+04
1.925433398437500000e+04
1.904543554687500000e+04
1.889695703125000000e+04
1.856812109375000000e+04
1.843858398437500000e+04
1.821008984375000000e+04
1.799708398437500000e+04
1.775842773437500000e+04
1.767758789062500000e+04
1.729743359375000000e+04
1.708782421875000000e+04
1.682319531250000000e+04
1.651409765625000000e+04
1.631027343750000000e+04
1.609937402343750000e+04
1.584410644531250000e+04
1.554211621093750000e+04
1.533271582031250000e+04
1.494287207031250000e+04
1.468212792968750000e+04
1.441059179687500000e+04
1.410796484375000000e+04
1.390306542968750000e+04
1.360489941406250000e+04
1.329372070312500000e+04
1.296104785156250000e+04
1.272471289062500000e+04
1.243826953125000000e+04
1.226110156250000000e+04
1.198388769531250000e+04
1.173845019531250000e+04
1.149859960937500000e+04
1.126994921875000000e+04
1.110414160156250000e+04
1.083708496093750000e+04
1.077662304687500000e+04
1.058946582031250000e+04
1.040154296875000000e+04
1.021046777343750000e+04
1.004395117187500000e+04
9.956284179687500000e+03
9.851634765625000000e+03
9.630966796875000000e+03
9.485056640625000000e+03
9.400063476562500000e+03
9.234144531250000000e+03
9.106681640625000000e+03
9.024900390625000000e+03
8.839985351562500000e+03
8.760498046875000000e+03
8.636796875000000000e+03
8.515593750000000000e+03
8.413828125000000000e+03
8.314850585937500000e+03
8.196853515625000000e+03
8.058779785156250000e+03
7.980404785156250000e+03
7.810155273437500000e+03
7.743389160156250000e+03
7.656050781250000000e+03
7.595666015625000000e+03
7.458063476562500000e+03
7.385996093750000000e+03
7.337859375000000000e+03
7.236562500000000000e+03
7.199029296875000000e+03
7.139084472656250000e+03
7.051761230468750000e+03
6.954764648437500000e+03
6.907815917968750000e+03
6.856724121093750000e+03
6.842921875000000000e+03
6.790239746093750000e+03
6.763501953125000000e+03
6.685235839843750000e+03
6.625220703125000000e+03
6.581886718750000000e+03
6.517996093750000000e+03
6.525879882812500000e+03
6.455099121093750000e+03
6.422483398437500000e+03
6.411859863281250000e+03
6.354368164062500000e+03
6.345634765625000000e+03
6.343063964843750000e+03
6.323748046875000000e+03
6.302917968750000000e+03
6.275427734375000000e+03
6.254091796875000000e+03
6.228266113281250000e+03
6.247277832031250000e+03
6.229286621093750000e+03
6.177301757812500000e+03
6.192537109375000000e+03
6.146307128906250000e+03
6.150144531250000000e+03
6.137848144531250000e+03
6.079764160156250000e+03
6.075954101562500000e+03
6.032549316406250000e+03
6.015997070312500000e+03
6.026958007812500000e+03
5.996411132812500000e+03
6.007121093750000000e+03
5.972578613281250000e+03
5.973027832031250000e+03
5.972171875000000000e+03
5.935943359375000000e+03
5.933686035156250000e+03
5.940270019531250000e+03
5.893972656250000000e+03
5.852291992187500000e+03
5.826417480468750000e+03
5.847021484375000000e+03
5.797690429687500000e+03
5.794241699218750000e+03
5.797334472656250000e+03
5.775805175781250000e+03
5.738193847656250000e+03
5.728964843750000000e+03
5.732540527343750000e+03
5.714383300781250000e+03
5.668398437500000000e+03
5.627342773437500000e+03
5.630994140625000000e+03
5.600871093750000000e+03
5.610448730468750000e+03
5.564231445312500000e+03
5.559507812500000000e+03
5.537553710937500000e+03
5.543488769531250000e+03
5.528357910156250000e+03
5.503476074218750000e+03
5.505388183593750000e+03
5.494300781250000000e+03
5.468838378906250000e+03
5.427131835937500000e+03
5.426869140625000000e+03
5.464625488281250000e+03
5.405667968750000000e+03
5.351303710937500000e+03
5.375656250000000000e+03
5.324187500000000000e+03
5.309616699218750000e+03
5.329366210937500000e+03
5.271186523437500000e+03
5.278559570312500000e+03
5.269954589843750000e+03
5.243398925781250000e+03
5.267751953125000000e+03
5.246244140625000000e+03
5.206274414062500000e+03
5.199475097656250000e+03
5.164563964843750000e+03
5.163688476562500000e+03
5.154181640625000000e+03
5.114684082031250000e+03
5.112483886718750000e+03
5.113908691406250000e+03
5.063767089843750000e+03
5.052308593750000000e+03
5.066672851562500000e+03
5.017522460937500000e+03
5.021232421875000000e+03
4.991628906250000000e+03
5.003177734375000000e+03
4.943196289062500000e+03
4.961513183593750000e+03
4.946209472656250000e+03
4.916374023437500000e+03
4.885569335937500000e+03
4.876150390625000000e+03
4.887284179687500000e+03
4.863051757812500000e+03
4.844300781250000000e+03
4.854622070312500000e+03
4.820143554687500000e+03
4.779027832031250000e+03
4.770613769531250000e+03
4.782978027343750000e+03
4.781321289062500000e+03
4.722172851562500000e+03
4.777333496093750000e+03
4.718428710937500000e+03
4.715579101562500000e+03
4.670068847656250000e+03
4.649174316406250000e+03
4.649331054687500000e+03
4.631729492187500000e+03
4.603306152343750000e+03
4.576890136718750000e+03
4.614796386718750000e+03
4.578996582031250000e+03
4.547666992187500000e+03
4.553346679687500000e+03
4.536217773437500000e+03
4.525519531250000000e+03
4.495444335937500000e+03
4.505802734375000000e+03
4.456212402343750000e+03
4.489140625000000000e+03
4.448482910156250000e+03
4.453875488281250000e+03
4.401040527343750000e+03
4.403535644531250000e+03
4.379555175781250000e+03
4.375669433593750000e+03
4.383141113281250000e+03
4.321954101562500000e+03
4.327541992187500000e+03
4.330922851562500000e+03
4.314660644531250000e+03
4.292179687500000000e+03
4.267539062500000000e+03
4.281118652343750000e+03
4.266207031250000000e+03
4.266661621093750000e+03
4.218844238281250000e+03
4.206062500000000000e+03
4.212753906250000000e+03
4.200184570312500000e+03
4.179493164062500000e+03
4.144527832031250000e+03
4.114657714843750000e+03
4.144414550781250000e+03
4.109872558593750000e+03
4.114605957031250000e+03
4.102513671875000000e+03
4.072789550781250000e+03
4.073149658203125000e+03
4.073686279296875000e+03
4.050638183593750000e+03
4.041769531250000000e+03
4.010445312500000000e+03
4.031850341796875000e+03
4.034100585937500000e+03
4.034727539062500000e+03
4.005976074218750000e+03
3.972701171875000000e+03
3.950271240234375000e+03
3.981685058593750000e+03
3.996119873046875000e+03
3.984289550781250000e+03
3.949643310546875000e+03
3.912676269531250000e+03
3.884921630859375000e+03
3.896083740234375000e+03
3.904048583984375000e+03
3.881977294921875000e+03
3.853177246093750000e+03
3.834667236328125000e+03
3.834154296875000000e+03
3.813428955078125000e+03
3.818208007812500000e+03
3.798810302734375000e+03
3.782635986328125000e+03
3.796791015625000000e+03
3.794580566406250000e+03
3.796232910156250000e+03
3.745937255859375000e+03
3.774951660156250000e+03
3.737102294921875000e+03
3.687830322265625000e+03
3.708089599609375000e+03
3.704535400390625000e+03
3.687389404296875000e+03
3.681887939453125000e+03
3.668992919921875000e+03
3.661101318359375000e+03
3.646054687500000000e+03
3.650189941406250000e+03
3.638765380859375000e+03
3.615378173828125000e+03
3.642462646484375000e+03
3.616020507812500000e+03
3.604784912109375000e+03
3.582281250000000000e+03
3.601771972656250000e+03
3.589172851562500000e+03
3.570718017578125000e+03
3.541269287109375000e+03
3.573724609375000000e+03
3.555322998046875000e+03
3.533930175781250000e+03
3.517786376953125000e+03
3.513110351562500000e+03
3.504410400390625000e+03
3.509543701171875000e+03
3.505650878906250000e+03
3.486497558593750000e+03
3.489480224609375000e+03
3.505356933593750000e+03
3.525708984375000000e+03
3.545502197265625000e+03
3.587056640625000000e+03
3.684635742187500000e+03
3.624448974609375000e+03
3.485409179687500000e+03
3.426730712890625000e+03
3.482449951171875000e+03
3.560144042968750000e+03
3.517419921875000000e+03
3.440436279296875000e+03
3.401657958984375000e+03
3.470215332031250000e+03
3.525764648437500000e+03
3.444861572265625000e+03
3.386848876953125000e+03
3.371643554687500000e+03
3.420552001953125000e+03
3.410305908203125000e+03
3.373347412109375000e+03
3.329511230468750000e+03
3.370568359375000000e+03
3.394403320312500000e+03
3.392742919921875000e+03
3.316920654296875000e+03
3.301499267578125000e+03
3.351458007812500000e+03
3.379024658203125000e+03
3.305670410156250000e+03
3.314516601562500000e+03
3.290404052734375000e+03
3.312187255859375000e+03
3.268363037109375000e+03
3.262744628906250000e+03
3.252419189453125000e+03
3.309894531250000000e+03
3.260081542968750000e+03
3.271729248046875000e+03
3.253531250000000000e+03
3.226097656250000000e+03
3.237427001953125000e+03
3.271470703125000000e+03
3.236263916015625000e+03
3.190140380859375000e+03
3.212687011718750000e+03
3.213872070312500000e+03
3.240188964843750000e+03
3.198643310546875000e+03
3.194437255859375000e+03
3.183818359375000000e+03
3.182795898437500000e+03
3.179744628906250000e+03
3.182904296875000000e+03
3.164770019531250000e+03
3.128415283203125000e+03
3.143987060546875000e+03
3.144201660156250000e+03
3.165681396484375000e+03
3.183560302734375000e+03
3.169297851562500000e+03
3.130996582031250000e+03
3.117989990234375000e+03
3.130202880859375000e+03
3.140654052734375000e+03
3.139128417968750000e+03
3.159439208984375000e+03
3.126408203125000000e+03
3.088761718750000000e+03
3.072051269531250000e+03
3.081942626953125000e+03
3.073222900390625000e+03
3.092383544921875000e+03
3.082521240234375000e+03
3.068949218750000000e+03
3.055221679687500000e+03
3.059563720703125000e+03
3.029264404296875000e+03
3.065025878906250000e+03
3.096472656250000000e+03
3.146322265625000000e+03
3.130231201171875000e+03
3.087509033203125000e+03
3.028068359375000000e+03
3.015231689453125000e+03
3.030891845703125000e+03
3.062905029296875000e+03
3.048172363281250000e+03
3.066445556640625000e+03
3.029731933593750000e+03
3.011166015625000000e+03
2.971940673828125000e+03
2.987386230468750000e+03
2.977390869140625000e+03
2.978247558593750000e+03
2.947010253906250000e+03
2.958695068359375000e+03
2.954170410156250000e+03
2.948333740234375000e+03
2.941978515625000000e+03
2.942953369140625000e+03
2.925298339843750000e+03
2.926830566406250000e+03
2.933372314453125000e+03
2.930283935546875000e+03
2.917997558593750000e+03
2.922118896484375000e+03
2.894894042968750000e+03
2.924472656250000000e+03
2.920814697265625000e+03
2.917633056640625000e+03
2.930870361328125000e+03
2.924191894531250000e+03
2.914827880859375000e+03
2.886827392578125000e+03
2.857525390625000000e+03
2.875560058593750000e+03
2.860908935546875000e+03
2.853748291015625000e+03
2.868698974609375000e+03
2.898043701171875000e+03
2.920400390625000000e+03
2.914590576171875000e+03
2.928915527343750000e+03
2.974343261718750000e+03
3.002632080078125000e+03
3.025630859375000000e+03
2.968097656250000000e+03
2.914311279296875000e+03
2.839359863281250000e+03
2.812575683593750000e+03
2.806469238281250000e+03
2.820785644531250000e+03
2.829012207031250000e+03
2.829419921875000000e+03
2.818888183593750000e+03
2.827022949218750000e+03
2.823241943359375000e+03
2.797018554687500000e+03
2.811617675781250000e+03
2.798491210937500000e+03
2.782402832031250000e+03
2.791610351562500000e+03
2.756597167968750000e+03
2.762163574218750000e+03
2.759466308593750000e+03
2.745868408203125000e+03
2.760803955078125000e+03
2.755943115234375000e+03
2.773519042968750000e+03
2.831298339843750000e+03
2.867601318359375000e+03
2.902456054687500000e+03
2.890649902343750000e+03
2.816095214843750000e+03
2.755243164062500000e+03
2.715741699218750000e+03
2.718560791015625000e+03
2.706522949218750000e+03
2.685987060546875000e+03
2.698428710937500000e+03
2.704468017578125000e+03
2.687428710937500000e+03
2.688372314453125000e+03
2.660509521484375000e+03
2.691008300781250000e+03
2.672618896484375000e+03
2.672832519531250000e+03
2.700128173828125000e+03
2.699871337890625000e+03
2.722898193359375000e+03
2.792065429687500000e+03
2.876002197265625000e+03
2.982939208984375000e+03
2.957733886718750000e+03
2.870615722656250000e+03
2.708775390625000000e+03
2.641674560546875000e+03
2.669928710937500000e+03
2.736988281250000000e+03
2.781140380859375000e+03
2.711305908203125000e+03
2.635832763671875000e+03
2.616470703125000000e+03
2.636696777343750000e+03
2.659493408203125000e+03
2.698562744140625000e+03
2.733660400390625000e+03
2.710312255859375000e+03
2.707544433593750000e+03
2.628679443359375000e+03
2.597598876953125000e+03
2.600532470703125000e+03
2.600554199218750000e+03
2.625469238281250000e+03
2.635356445312500000e+03
2.641503906250000000e+03
2.623894287109375000e+03
2.600542236328125000e+03
2.589262451171875000e+03
2.565590087890625000e+03
2.565083251953125000e+03
2.550924560546875000e+03
2.546685058593750000e+03
2.561302734375000000e+03
2.568274658203125000e+03
2.551750244140625000e+03
2.531011718750000000e+03
2.508660888671875000e+03
2.523414550781250000e+03
2.540862060546875000e+03
2.538773193359375000e+03
2.502517089843750000e+03
2.524297607421875000e+03
2.498441406250000000e+03
2.503053222656250000e+03
2.516320800781250000e+03
2.501555419921875000e+03
2.510071533203125000e+03
2.523161376953125000e+03
2.539670898437500000e+03
2.534602294921875000e+03
2.570611572265625000e+03
2.576397705078125000e+03
2.642446289062500000e+03
2.679447509765625000e+03
2.691905029296875000e+03
2.646935058593750000e+03
2.590521728515625000e+03
2.489667724609375000e+03
2.460732177734375000e+03
2.492889892578125000e+03
2.557945068359375000e+03
2.658679931640625000e+03
2.669160888671875000e+03
2.682716552734375000e+03
2.584015869140625000e+03
2.488202880859375000e+03
2.432656982421875000e+03
2.460200439453125000e+03
2.550169921875000000e+03
2.648497070312500000e+03
2.706317871093750000e+03
2.556545410156250000e+03
2.432666015625000000e+03
2.416134033203125000e+03
2.503347656250000000e+03
2.660614013671875000e+03
2.686489746093750000e+03
2.550321533203125000e+03
2.410015625000000000e+03
2.412522705078125000e+03
2.534162353515625000e+03
2.610010742187500000e+03
2.617862304687500000e+03
2.478890625000000000e+03
2.392134033203125000e+03
2.389226318359375000e+03
2.475257568359375000e+03
2.540382568359375000e+03
2.510864013671875000e+03
2.429200195312500000e+03
2.370228515625000000e+03
2.357164062500000000e+03
2.400256103515625000e+03
2.418640869140625000e+03
2.432190917968750000e+03
2.387226074218750000e+03
2.357480712890625000e+03
2.356044921875000000e+03
2.389859130859375000e+03
2.402023437500000000e+03
2.423083251953125000e+03
2.403656738281250000e+03
2.358549316406250000e+03
2.332225585937500000e+03
2.338541748046875000e+03
2.322438964843750000e+03
2.353788085937500000e+03
2.352560058593750000e+03
2.348537841796875000e+03
2.301704101562500000e+03
2.295429931640625000e+03
2.316629882812500000e+03
2.309000244140625000e+03
2.308708740234375000e+03
2.324759033203125000e+03
2.307167236328125000e+03
2.302295654296875000e+03
2.303136718750000000e+03
2.294974365234375000e+03
2.279307373046875000e+03
2.279791015625000000e+03
2.270090576171875000e+03
2.270114746093750000e+03
2.282616455078125000e+03
2.291848388671875000e+03
2.275038574218750000e+03
2.307856933593750000e+03
2.322227050781250000e+03
2.302864501953125000e+03
2.307951416015625000e+03
2.302830078125000000e+03
2.293584228515625000e+03
2.275264892578125000e+03
2.288580322265625000e+03
2.276341064453125000e+03
2.280055419921875000e+03
2.285302490234375000e+03
2.286634765625000000e+03
2.306745361328125000e+03
2.348800781250000000e+03
2.410976562500000000e+03
2.489100097656250000e+03
2.551369140625000000e+03
2.459084228515625000e+03
2.341748291015625000e+03
2.257056640625000000e+03
2.217489746093750000e+03
2.248972412109375000e+03
2.291936279296875000e+03
2.369130371093750000e+03
2.381748535156250000e+03
2.400185546875000000e+03
2.361221679687500000e+03
2.332512451171875000e+03
2.287071044921875000e+03
2.241342285156250000e+03
2.217282714843750000e+03
2.195366210937500000e+03
2.178043212890625000e+03
2.177493408203125000e+03
2.186083496093750000e+03
2.190453613281250000e+03
2.195662841796875000e+03
2.209662597656250000e+03
2.213944824218750000e+03
2.260643554687500000e+03
2.290894042968750000e+03
2.277000244140625000e+03
2.278366210937500000e+03
2.238674804687500000e+03
2.191083984375000000e+03
2.150358154296875000e+03
2.154840087890625000e+03
2.144162841796875000e+03
2.147454101562500000e+03
2.162517578125000000e+03
2.169101562500000000e+03
2.174270019531250000e+03
2.188944580078125000e+03
2.209519531250000000e+03
2.293390380859375000e+03
2.370126953125000000e+03
2.368993652343750000e+03
2.314954101562500000e+03
2.184964355468750000e+03
2.129604736328125000e+03
2.142755371093750000e+03
2.229271240234375000e+03
2.367777099609375000e+03
2.388939453125000000e+03
2.297338867187500000e+03
2.176755371093750000e+03
2.114366699218750000e+03
2.079491943359375000e+03
2.134001953125000000e+03
2.164572021484375000e+03
2.227609863281250000e+03
2.302952880859375000e+03
2.271765869140625000e+03
2.219199218750000000e+03
2.115783935546875000e+03
2.080911865234375000e+03
2.095598876953125000e+03
2.133107910156250000e+03
2.223796386718750000e+03
2.256699218750000000e+03
2.286328613281250000e+03
2.170830078125000000e+03
2.124316406250000000e+03
2.081693603515625000e+03
2.053615722656250000e+03
2.085513427734375000e+03
2.131189208984375000e+03
2.210108886718750000e+03
2.231682861328125000e+03
2.216238769531250000e+03
2.140184082031250000e+03
2.086554199218750000e+03
2.037903808593750000e+03
2.027152099609375000e+03
2.046835327148437500e+03
2.054068359375000000e+03
2.057685791015625000e+03
2.070672851562500000e+03
2.077871093750000000e+03
2.106059814453125000e+03
2.152398193359375000e+03
2.135466796875000000e+03
2.121456787109375000e+03
2.090461914062500000e+03
2.060764404296875000e+03
2.028273193359375000e+03
2.011605346679687500e+03
2.010843261718750000e+03
2.022830322265625000e+03
2.041370605468750000e+03
2.074449707031250000e+03
2.125141845703125000e+03
2.181137695312500000e+03
2.202809082031250000e+03
2.184830566406250000e+03
2.155448242187500000e+03
2.043002319335937500e+03
1.976977539062500000e+03
1.996084350585937500e+03
2.037285766601562500e+03
2.105286132812500000e+03
2.130937255859375000e+03
2.179460693359375000e+03
2.148648193359375000e+03
2.101822998046875000e+03
2.014561035156250000e+03
1.978543945312500000e+03
1.951891601562500000e+03
1.980604614257812500e+03
2.017201538085937500e+03
2.053630859375000000e+03
2.117877197265625000e+03
2.100812500000000000e+03
2.076582763671875000e+03
2.053843994140625000e+03
2.065642333984375000e+03
2.034192138671875000e+03
2.010880615234375000e+03
1.985896606445312500e+03
1.953037597656250000e+03
1.940424926757812500e+03
1.941951660156250000e+03
1.929532470703125000e+03
1.970321289062500000e+03
1.974967773437500000e+03
2.021908203125000000e+03
2.097545410156250000e+03
2.139777343750000000e+03
2.163660888671875000e+03
2.086944580078125000e+03
1.999501831054687500e+03
1.943684204101562500e+03
1.918064331054687500e+03
1.927010498046875000e+03
1.981516479492187500e+03
2.064233642578125000e+03
2.124595703125000000e+03
2.092188720703125000e+03
2.007250122070312500e+03
1.946997192382812500e+03
1.918337280273437500e+03
1.905554199218750000e+03
1.887292480468750000e+03
1.890568603515625000e+03
1.907353759765625000e+03
1.915426513671875000e+03
1.945953491210937500e+03
1.980956298828125000e+03
2.060884033203125000e+03
2.107683593750000000e+03
2.121132324218750000e+03
2.059544921875000000e+03
1.970409790039062500e+03
1.890719848632812500e+03
1.863049438476562500e+03
1.914362182617187500e+03
1.974196533203125000e+03
2.053801269531250000e+03
2.081003173828125000e+03
2.075877929687500000e+03
1.992943481445312500e+03
1.945277587890625000e+03
1.882939331054687500e+03
1.870112182617187500e+03
1.837976196289062500e+03
1.840722778320312500e+03
1.863897338867187500e+03
1.890499023437500000e+03
1.929548706054687500e+03
2.000314819335937500e+03
2.066125976562500000e+03
2.078137207031250000e+03
2.013705810546875000e+03
1.902376831054687500e+03
1.843171264648437500e+03
1.837924194335937500e+03
1.844058959960937500e+03
1.897670532226562500e+03
1.944681152343750000e+03
1.978083862304687500e+03
1.990694091796875000e+03
1.967525756835937500e+03
1.903791870117187500e+03
1.878250366210937500e+03
1.859720458984375000e+03
1.829073486328125000e+03
1.826251953125000000e+03
1.811937133789062500e+03
1.804293090820312500e+03
1.809454589843750000e+03
1.806800170898437500e+03
1.831114257812500000e+03
1.851373291015625000e+03
1.934877929687500000e+03
2.063567871093750000e+03
2.098085693359375000e+03
2.012458251953125000e+03
1.895120849609375000e+03
1.811659667968750000e+03
1.782343872070312500e+03
1.838852294921875000e+03
1.898547851562500000e+03
1.991778930664062500e+03
2.015798339843750000e+03
1.941905761718750000e+03
1.853640625000000000e+03
1.808955200195312500e+03
1.776075683593750000e+03
1.776516845703125000e+03
1.769894531250000000e+03
1.830741821289062500e+03
1.927985595703125000e+03
1.994388305664062500e+03
2.038231811523437500e+03
1.948361938476562500e+03
1.866072021484375000e+03
1.786113769531250000e+03
1.758684936523437500e+03
1.762714477539062500e+03
1.818135498046875000e+03
1.930541870117187500e+03
2.020791870117187500e+03
1.987973510742187500e+03
1.884322631835937500e+03
1.787148193359375000e+03
1.752447021484375000e+03
1.742508666992187500e+03
1.744869140625000000e+03
1.777961669921875000e+03
1.848215698242187500e+03
1.930749267578125000e+03
1.948111938476562500e+03
1.917739013671875000e+03
1.856114257812500000e+03
1.790493286132812500e+03
1.760177001953125000e+03
1.714792968750000000e+03
1.727122436523437500e+03
1.743890625000000000e+03
1.768513183593750000e+03
1.851717163085937500e+03
1.980958496093750000e+03
1.989231445312500000e+03
1.907892822265625000e+03
1.806097290039062500e+03
1.743410644531250000e+03
1.700867675781250000e+03
1.708349121093750000e+03
1.706128173828125000e+03
1.724811279296875000e+03
1.729838500976562500e+03
1.781217529296875000e+03
1.850848999023437500e+03
1.916728759765625000e+03
1.922678955078125000e+03
1.841675292968750000e+03
1.759851806640625000e+03
1.712019165039062500e+03
1.701301757812500000e+03
1.689900146484375000e+03
1.676911621093750000e+03
1.696800659179687500e+03
1.695594116210937500e+03
1.716016113281250000e+03
1.804437866210937500e+03
1.882627685546875000e+03
1.918393676757812500e+03
1.912094360351562500e+03
1.843733276367187500e+03
1.754870117187500000e+03
1.717183837890625000e+03
1.670133422851562500e+03
1.667801513671875000e+03
1.666830688476562500e+03
1.698545166015625000e+03
1.758746459960937500e+03
1.838672607421875000e+03
1.932205322265625000e+03
1.940621948242187500e+03
1.806204101562500000e+03
1.716921997070312500e+03
1.680362792968750000e+03
1.682675292968750000e+03
1.657725341796875000e+03
1.675295166015625000e+03
1.700467773437500000e+03
1.742186645507812500e+03
1.804625122070312500e+03
1.921436035156250000e+03
1.924211669921875000e+03
1.866547973632812500e+03
1.755306518554687500e+03
1.674911499023437500e+03
1.652153930664062500e+03
1.639636474609375000e+03
1.631905273437500000e+03
1.643899291992187500e+03
1.673855590820312500e+03
1.741969848632812500e+03
1.850677001953125000e+03
1.881039672851562500e+03
1.869221801757812500e+03
1.809261962890625000e+03
1.719807373046875000e+03
1.679920532226562500e+03
1.644411621093750000e+03
1.634932128906250000e+03
1.621714111328125000e+03
1.606734619140625000e+03
1.604795776367187500e+03
1.605204467773437500e+03
1.615422973632812500e+03
1.621904541015625000e+03
1.672907104492187500e+03
1.812146850585937500e+03
1.914628295898437500e+03
1.950911865234375000e+03
1.788076538085937500e+03
1.658196289062500000e+03
1.615075317382812500e+03
1.600316162109375000e+03
1.618833862304687500e+03
1.672054443359375000e+03
1.748121948242187500e+03
1.857154541015625000e+03
1.905609130859375000e+03
1.762614624023437500e+03
1.671733520507812500e+03
1.621472534179687500e+03
1.602817504882812500e+03
1.598842773437500000e+03
1.596433349609375000e+03
1.624322875976562500e+03
1.635841308593750000e+03
1.688637695312500000e+03
1.771027587890625000e+03
1.850905517578125000e+03
1.857469970703125000e+03
1.748660278320312500e+03
1.636003173828125000e+03
1.609967041015625000e+03
1.600061645507812500e+03
1.580942993164062500e+03
1.568587036132812500e+03
1.572096801757812500e+03
1.581234863281250000e+03
1.639226806640625000e+03
1.730039794921875000e+03
1.868562866210937500e+03
1.983645507812500000e+03
1.775171875000000000e+03
1.604214965820312500e+03
1.566787597656250000e+03
1.548398803710937500e+03
1.573667358398437500e+03
1.674628295898437500e+03
1.819897827148437500e+03
1.830862792968750000e+03
1.751744995117187500e+03
1.639879638671875000e+03
1.566408447265625000e+03
1.560390502929687500e+03
1.546138793945312500e+03
1.550048095703125000e+03
1.574070312500000000e+03
1.629335937500000000e+03
1.709374755859375000e+03
1.791243286132812500e+03
1.829736816406250000e+03
1.724403442382812500e+03
1.616042968750000000e+03
1.572055664062500000e+03
1.529017456054687500e+03
1.528587036132812500e+03
1.524341796875000000e+03
1.526628173828125000e+03
1.528889526367187500e+03
1.536371704101562500e+03
1.559166503906250000e+03
1.644070800781250000e+03
1.801893920898437500e+03
1.840202758789062500e+03
1.803291137695312500e+03
1.668289794921875000e+03
1.552499511718750000e+03
1.535526000976562500e+03
1.511688842773437500e+03
1.515167602539062500e+03
1.523538940429687500e+03
1.501423461914062500e+03
1.517413818359375000e+03
1.507155151367187500e+03
1.531469970703125000e+03
1.567916259765625000e+03
1.722334594726562500e+03
1.968037475585937500e+03
1.826335693359375000e+03
1.668241455078125000e+03
1.555446655273437500e+03
1.491621826171875000e+03
1.497765136718750000e+03
1.528902465820312500e+03
1.600759765625000000e+03
1.734871704101562500e+03
1.844943847656250000e+03
1.702086303710937500e+03
1.578527832031250000e+03
1.539132812500000000e+03
1.537335815429687500e+03
1.568103759765625000e+03
1.605201538085937500e+03
1.675344482421875000e+03
1.757227294921875000e+03
1.722324829101562500e+03
1.649769165039062500e+03
1.568997924804687500e+03
1.505721801757812500e+03
1.485214599609375000e+03
1.468795654296875000e+03
1.476822143554687500e+03
1.488068847656250000e+03
1.524151611328125000e+03
1.610769653320312500e+03
1.714356201171875000e+03
1.850995605468750000e+03
1.694439941406250000e+03
1.576920043945312500e+03
1.527408691406250000e+03
1.513696655273437500e+03
1.519195678710937500e+03
1.546906372070312500e+03
1.579015014648437500e+03
1.613673950195312500e+03
1.646476806640625000e+03
1.622565429687500000e+03
1.615229858398437500e+03
1.600071777343750000e+03
1.596959594726562500e+03
1.604922851562500000e+03
1.592876464843750000e+03
1.594556640625000000e+03
1.594453613281250000e+03
1.592324340820312500e+03
1.601797973632812500e+03
1.608853149414062500e+03
1.582273315429687500e+03
1.551883300781250000e+03
1.515845825195312500e+03
1.515811035156250000e+03
1.511392089843750000e+03
1.516690429687500000e+03
1.537013427734375000e+03
1.627306274414062500e+03
1.672411865234375000e+03
1.684092285156250000e+03
1.587949951171875000e+03
1.545352783203125000e+03
1.501029296875000000e+03
1.505810424804687500e+03
1.534820922851562500e+03
1.564818603515625000e+03
1.603410644531250000e+03
1.613848999023437500e+03
1.586393676757812500e+03
1.555082519531250000e+03
1.527075195312500000e+03
1.494753295898437500e+03
1.477550537109375000e+03
1.488555786132812500e+03
1.510234863281250000e+03
1.530905273437500000e+03
1.564526367187500000e+03
1.610912841796875000e+03
1.629345458984375000e+03
1.607427001953125000e+03
1.555541137695312500e+03
1.517987426757812500e+03
1.484046264648437500e+03
1.449306518554687500e+03
1.436982177734375000e+03
1.439069335937500000e+03
1.441091430664062500e+03
1.471121826171875000e+03
1.512805664062500000e+03
1.607371459960937500e+03
1.642384033203125000e+03
1.622722534179687500e+03
1.576061035156250000e+03
1.561810302734375000e+03
1.527745605468750000e+03
1.492364624023437500e+03
1.484451660156250000e+03
1.468355957031250000e+03
1.465407836914062500e+03
1.470830444335937500e+03
1.485943847656250000e+03
1.508935180664062500e+03
1.564212646484375000e+03
1.641675170898437500e+03
1.619681152343750000e+03
1.558914672851562500e+03
1.490333129882812500e+03
1.464792846679687500e+03
1.466295654296875000e+03
1.464883300781250000e+03
1.475346923828125000e+03
1.507895263671875000e+03
1.518141113281250000e+03
1.524709960937500000e+03
1.517892089843750000e+03
1.507227783203125000e+03
1.510260009765625000e+03
1.527184814453125000e+03
1.538292602539062500e+03
1.558018188476562500e+03
1.506869995117187500e+03
1.476350097656250000e+03
1.456134765625000000e+03
1.455194458007812500e+03
1.464634277343750000e+03
1.482747436523437500e+03
1.508929321289062500e+03
1.514952758789062500e+03
1.505148681640625000e+03
1.529283325195312500e+03
1.522317504882812500e+03
1.518791259765625000e+03
1.502942504882812500e+03
1.503056152343750000e+03
1.472644653320312500e+03
1.483395019531250000e+03
1.476519653320312500e+03
1.481623779296875000e+03
1.482718872070312500e+03
1.493616699218750000e+03
1.494167480468750000e+03
1.495778198242187500e+03
1.473946044921875000e+03
1.493982299804687500e+03
1.448211181640625000e+03
1.469921875000000000e+03
1.475559936523437500e+03
1.491485961914062500e+03
1.486428955078125000e+03
1.501245849609375000e+03
1.483035034179687500e+03
1.487971313476562500e+03
1.454964477539062500e+03
1.463248779296875000e+03
1.454080444335937500e+03
1.457681030273437500e+03
1.423359619140625000e+03
1.434007446289062500e+03
1.454189819335937500e+03
1.494416137695312500e+03
1.531938598632812500e+03
1.581972167968750000e+03
1.534354614257812500e+03
1.463704345703125000e+03
1.404662597656250000e+03
1.390644165039062500e+03
1.387098388671875000e+03
1.387950073242187500e+03
1.402001464843750000e+03
1.445967651367187500e+03
1.499044677734375000e+03
1.550097167968750000e+03
1.516139160156250000e+03
1.476934448242187500e+03
1.441477783203125000e+03
1.430593872070312500e+03
1.435177978515625000e+03
1.454433471679687500e+03
1.456183959960937500e+03
1.465734008789062500e+03
1.462172973632812500e+03
1.448240112304687500e+03
1.427801513671875000e+03
1.430654663085937500e+03
1.425159301757812500e+03
1.460577148437500000e+03
1.475835693359375000e+03
1.526038208007812500e+03
1.508371948242187500e+03
1.492591796875000000e+03
1.439213989257812500e+03
1.380306518554687500e+03
1.357976196289062500e+03
1.347688354492187500e+03
1.350178466796875000e+03
1.355172119140625000e+03
1.398431030273437500e+03
1.480525024414062500e+03
1.568662841796875000e+03
1.589739501953125000e+03
1.476198974609375000e+03
1.410503662109375000e+03
1.386167480468750000e+03
1.377344482421875000e+03
1.363593627929687500e+03
1.403622436523437500e+03
1.444712036132812500e+03
1.489777832031250000e+03
1.505777465820312500e+03
1.479930786132812500e+03
1.410000610351562500e+03
1.366935668945312500e+03
1.368293945312500000e+03
1.371015869140625000e+03
1.395587768554687500e+03
1.455795654296875000e+03
1.483719360351562500e+03
1.522602294921875000e+03
1.464555786132812500e+03
1.424435424804687500e+03
1.374977539062500000e+03
1.351104370117187500e+03
1.337232910156250000e+03
1.340755859375000000e+03
1.350511474609375000e+03
1.350276611328125000e+03
1.400468872070312500e+03
1.479902832031250000e+03
1.533820800781250000e+03
1.546651367187500000e+03
1.477481811523437500e+03
1.413133544921875000e+03
1.376639160156250000e+03
1.353432861328125000e+03
1.351595092773437500e+03
1.366559936523437500e+03
1.386568481445312500e+03
1.431962646484375000e+03
1.469465454101562500e+03
1.486488769531250000e+03
1.443275146484375000e+03
1.415386108398437500e+03
1.359201904296875000e+03
1.349183471679687500e+03
1.333850830078125000e+03
1.358461181640625000e+03
1.411155029296875000e+03
1.476251464843750000e+03
1.484013671875000000e+03
1.456709472656250000e+03
1.405815795898437500e+03
1.367160522460937500e+03
1.346592895507812500e+03
1.342324340820312500e+03
1.363259033203125000e+03
1.402885498046875000e+03
1.464549438476562500e+03
1.513184814453125000e+03
1.482512939453125000e+03
1.432360839843750000e+03
1.359884033203125000e+03
1.342002319335937500e+03
1.338644042968750000e+03
1.324826538085937500e+03
1.340759033203125000e+03
1.360225708007812500e+03
1.395572509765625000e+03
1.427594604492187500e+03
1.460449096679687500e+03
1.476059204101562500e+03
1.410012207031250000e+03
1.361604614257812500e+03
1.341620117187500000e+03
1.305921752929687500e+03
1.291706176757812500e+03
1.303286132812500000e+03
1.329732910156250000e+03
1.387770874023437500e+03
1.435854003906250000e+03
1.518280273437500000e+03
1.475187988281250000e+03
1.439759765625000000e+03
1.357003784179687500e+03
1.307017456054687500e+03
1.284776977539062500e+03
1.277046020507812500e+03
1.291544921875000000e+03
1.290210083007812500e+03
1.333920898437500000e+03
1.430080688476562500e+03
1.493091308593750000e+03
1.528482788085937500e+03
1.424284179687500000e+03
1.358038940429687500e+03
1.296343383789062500e+03
1.287079833984375000e+03
1.265214965820312500e+03
1.270947875976562500e+03
1.270941894531250000e+03
1.286688354492187500e+03
1.321621337890625000e+03
1.416248291015625000e+03
1.529354003906250000e+03
1.561966430664062500e+03
1.408752929687500000e+03
1.324101440429687500e+03
1.284603637695312500e+03
1.272479125976562500e+03
1.269715209960937500e+03
1.266203735351562500e+03
1.267117797851562500e+03
1.263158447265625000e+03
1.251688598632812500e+03
1.263283569335937500e+03
1.276617431640625000e+03
1.313467407226562500e+03
1.395765136718750000e+03
1.552105590820312500e+03
1.557266479492187500e+03
1.464375488281250000e+03
1.345420166015625000e+03
1.293619873046875000e+03
1.267822265625000000e+03
1.264803100585937500e+03
1.249970703125000000e+03
1.258427124023437500e+03
1.265216552734375000e+03
1.307281616210937500e+03
1.405772460937500000e+03
1.554037475585937500e+03
1.530755371093750000e+03
1.438859619140625000e+03
1.325084350585937500e+03
1.283023315429687500e+03
1.248973022460937500e+03
1.258775268554687500e+03
1.248619384765625000e+03
1.255802124023437500e+03
1.253446899414062500e+03
1.272384765625000000e+03
1.308856689453125000e+03
1.436692504882812500e+03
1.520171508789062500e+03
1.556831176757812500e+03
1.379560180664062500e+03
1.288044677734375000e+03
1.253098510742187500e+03
1.234369384765625000e+03
1.247671020507812500e+03
1.307771606445312500e+03
1.425597290039062500e+03
1.558624755859375000e+03
1.538522094726562500e+03
1.364441650390625000e+03
1.262818847656250000e+03
1.238769165039062500e+03
1.235107666015625000e+03
1.241032958984375000e+03
1.236906372070312500e+03
1.262886230468750000e+03
1.328066284179687500e+03
1.455307617187500000e+03
1.553509155273437500e+03
1.533131469726562500e+03
1.371976928710937500e+03
1.276011962890625000e+03
1.237702880859375000e+03
1.229266357421875000e+03
1.232055053710937500e+03
1.256637207031250000e+03
1.290958007812500000e+03
1.394966552734375000e+03
1.489832275390625000e+03
1.519444335937500000e+03
1.422198974609375000e+03
1.344271118164062500e+03
1.296205444335937500e+03
1.256380615234375000e+03
1.248858032226562500e+03
1.252471923828125000e+03
1.271072875976562500e+03
1.327562011718750000e+03
1.401660644531250000e+03
1.484958862304687500e+03
1.479532836914062500e+03
1.383016723632812500e+03
1.322576293945312500e+03
1.283009399414062500e+03
1.253664184570312500e+03
1.246817871093750000e+03
1.270145996093750000e+03
1.313861206054687500e+03
1.380907836914062500e+03
1.466473022460937500e+03
1.489868041992187500e+03
1.384428222656250000e+03
1.307691528320312500e+03
1.273748779296875000e+03
1.257051147460937500e+03
1.231562622070312500e+03
1.227160278320312500e+03
1.231032104492187500e+03
1.271000488281250000e+03
1.309492553710937500e+03
1.400665161132812500e+03
1.487803955078125000e+03
1.501041503906250000e+03
1.371944946289062500e+03
1.273434082031250000e+03
1.235159057617187500e+03
1.225342041015625000e+03
1.217705200195312500e+03
1.209655761718750000e+03
1.202329711914062500e+03
1.215575439453125000e+03
1.213736694335937500e+03
1.209482177734375000e+03
1.252782836914062500e+03
1.333820556640625000e+03
1.452519653320312500e+03
1.585297363281250000e+03
1.420187988281250000e+03
1.292656616210937500e+03
1.215447265625000000e+03
1.196849365234375000e+03
1.222433471679687500e+03
1.262377685546875000e+03
1.370631469726562500e+03
1.492582275390625000e+03
1.489117675781250000e+03
1.367410888671875000e+03
1.263260742187500000e+03
1.224988525390625000e+03
1.205631713867187500e+03
1.202448120117187500e+03
1.204669189453125000e+03
1.237697753906250000e+03
1.320748657226562500e+03
1.447902465820312500e+03
1.514611694335937500e+03
1.460927124023437500e+03
1.316515869140625000e+03
1.264771606445312500e+03
1.216247802734375000e+03
1.208489501953125000e+03
1.201556030273437500e+03
1.195754394531250000e+03
1.196706176757812500e+03
1.236640869140625000e+03
1.309287719726562500e+03
1.463782348632812500e+03
1.526538330078125000e+03
1.457140869140625000e+03
1.305109497070312500e+03
1.234585693359375000e+03
1.197783691406250000e+03
1.190260375976562500e+03
1.216115356445312500e+03
1.243186035156250000e+03
1.347108764648437500e+03
1.468955810546875000e+03
1.462473876953125000e+03
1.343111816406250000e+03
1.261965576171875000e+03
1.228959472656250000e+03
1.227190917968750000e+03
1.221972534179687500e+03
1.236859863281250000e+03
1.264226440429687500e+03
1.329541870117187500e+03
1.378737304687500000e+03
1.427307617187500000e+03
1.390330566406250000e+03
1.322021118164062500e+03
1.260438232421875000e+03
1.220144042968750000e+03
1.213348876953125000e+03
1.236333984375000000e+03
1.250375610351562500e+03
1.306464477539062500e+03
1.377044677734375000e+03
1.422627685546875000e+03
1.413502685546875000e+03
1.341019531250000000e+03
1.270895629882812500e+03
1.231699218750000000e+03
1.211612915039062500e+03
1.195078369140625000e+03
1.207711547851562500e+03
1.227555908203125000e+03
1.297103881835937500e+03
1.390109863281250000e+03
1.420709838867187500e+03
1.385355957031250000e+03
1.290282958984375000e+03
1.222918701171875000e+03
1.201436523437500000e+03
1.174499511718750000e+03
1.189052734375000000e+03
1.191803833007812500e+03
1.205986450195312500e+03
1.250947509765625000e+03
1.340658447265625000e+03
1.451318847656250000e+03
1.411594482421875000e+03
1.336625610351562500e+03
1.244267211914062500e+03
1.201210693359375000e+03
1.167550170898437500e+03
1.179562133789062500e+03
1.171543579101562500e+03
1.177712768554687500e+03
1.199649780273437500e+03
1.217899047851562500e+03
1.275373168945312500e+03
1.369614379882812500e+03
1.449568969726562500e+03
1.394170410156250000e+03
1.308914062500000000e+03
1.222247802734375000e+03
1.191085937500000000e+03
1.174534301757812500e+03
1.176144287109375000e+03
1.175866943359375000e+03
1.178876464843750000e+03
1.211472778320312500e+03
1.278402099609375000e+03
1.388346801757812500e+03
1.477237182617187500e+03
1.397546875000000000e+03
1.293600708007812500e+03
1.206709594726562500e+03
1.166925903320312500e+03
1.170355102539062500e+03
1.208623779296875000e+03
1.288259033203125000e+03
1.389872070312500000e+03
1.433018432617187500e+03
1.356756835937500000e+03
1.280712768554687500e+03
1.218758056640625000e+03
1.190693237304687500e+03
1.171760375976562500e+03
1.176406372070312500e+03
1.169149169921875000e+03
1.173299560546875000e+03
1.198438964843750000e+03
1.240802490234375000e+03
1.318446044921875000e+03
1.434216308593750000e+03
1.441982177734375000e+03
1.352055053710937500e+03
1.241379638671875000e+03
1.184115356445312500e+03
1.163265991210937500e+03
1.155819213867187500e+03
1.155108276367187500e+03
1.157970214843750000e+03
1.180809936523437500e+03
1.238257446289062500e+03
1.359423706054687500e+03
1.454469360351562500e+03
1.473768676757812500e+03
1.314434692382812500e+03
1.203215942382812500e+03
1.165406738281250000e+03
1.157901855468750000e+03
1.175190673828125000e+03
1.229497802734375000e+03
1.330729125976562500e+03
1.445133300781250000e+03
1.399772949218750000e+03
1.295647583007812500e+03
1.225767700195312500e+03
1.182268676757812500e+03
1.171212524414062500e+03
1.162466674804687500e+03
1.153607177734375000e+03
1.145928710937500000e+03
1.140147338867187500e+03
1.151615112304687500e+03
1.168064697265625000e+03
1.204311035156250000e+03
1.283915283203125000e+03
1.401692504882812500e+03
1.438004272460937500e+03
1.345434082031250000e+03
1.221498535156250000e+03
1.164040283203125000e+03
1.143572509765625000e+03
1.162667358398437500e+03
1.186859008789062500e+03
1.277092041015625000e+03
1.409156982421875000e+03
1.468995117187500000e+03
1.343698852539062500e+03
1.232744750976562500e+03
1.171429443359375000e+03
1.155992065429687500e+03
1.140239746093750000e+03
1.144421142578125000e+03
1.162786865234375000e+03
1.212489868164062500e+03
1.285576782226562500e+03
1.390734375000000000e+03
1.388129272460937500e+03
1.310245483398437500e+03
1.240824462890625000e+03
1.189024169921875000e+03
1.171197753906250000e+03
1.143851074218750000e+03
1.143443847656250000e+03
1.133200073242187500e+03
1.132635986328125000e+03
1.161754272460937500e+03
1.221922485351562500e+03
1.333744750976562500e+03
1.453646606445312500e+03
1.394297729492187500e+03
1.298761962890625000e+03
1.202301025390625000e+03
1.168030761718750000e+03
1.144146118164062500e+03
1.142710449218750000e+03
1.143423339843750000e+03
1.129964111328125000e+03
1.147689575195312500e+03
1.157286010742187500e+03
1.203892333984375000e+03
1.308967285156250000e+03
1.425328857421875000e+03
1.451114868164062500e+03
1.276218505859375000e+03
1.177642211914062500e+03
1.131490722656250000e+03
1.129854125976562500e+03
1.168227172851562500e+03
1.282096313476562500e+03
1.425225952148437500e+03
1.424998535156250000e+03
1.283003906250000000e+03
1.193273437500000000e+03
1.160384765625000000e+03
1.135410888671875000e+03
1.130107788085937500e+03
1.145498291015625000e+03
1.119257690429687500e+03
1.129681030273437500e+03
1.126624877929687500e+03
1.134741577148437500e+03
1.152494506835937500e+03
1.184956176757812500e+03
1.304255371093750000e+03
1.428243530273437500e+03
1.458774291992187500e+03
1.292020996093750000e+03
1.167343139648437500e+03
1.137725097656250000e+03
1.144078857421875000e+03
1.217757934570312500e+03
1.368934082031250000e+03
1.458031616210937500e+03
1.352018554687500000e+03
1.232975341796875000e+03
1.160041503906250000e+03
1.140213134765625000e+03
1.127135498046875000e+03
1.120902709960937500e+03
1.119737182617187500e+03
1.121226440429687500e+03
1.133150878906250000e+03
1.143654418945312500e+03
1.196563964843750000e+03
1.310270263671875000e+03
1.423017456054687500e+03
1.384645385742187500e+03
1.280664428710937500e+03
1.192964599609375000e+03
1.142474609375000000e+03
1.125013305664062500e+03
1.120632568359375000e+03
1.112169067382812500e+03
1.132418212890625000e+03
1.141264526367187500e+03
1.221926391601562500e+03
1.365187377929687500e+03
1.442357788085937500e+03
1.374261596679687500e+03
1.236846069335937500e+03
1.168114501953125000e+03
1.132867309570312500e+03
1.118755737304687500e+03
1.115698852539062500e+03
1.105445800781250000e+03
1.140933105468750000e+03
1.205721923828125000e+03
1.355125366210937500e+03
1.445844360351562500e+03
1.396697875976562500e+03
1.243120849609375000e+03
1.172096557617187500e+03
1.131913208007812500e+03
1.118061401367187500e+03
1.114686279296875000e+03
1.116915283203125000e+03
1.160008544921875000e+03
1.239953491210937500e+03
1.351564453125000000e+03
1.412203125000000000e+03
1.354622192382812500e+03
1.227067626953125000e+03
1.165864379882812500e+03
1.117632690429687500e+03
1.102872070312500000e+03
1.114231201171875000e+03
1.116861206054687500e+03
1.144545288085937500e+03
1.175080566406250000e+03
1.241019531250000000e+03
1.363929443359375000e+03
1.413791992187500000e+03
1.309090332031250000e+03
1.218696899414062500e+03
1.154211181640625000e+03
1.125997680664062500e+03
1.102336547851562500e+03
1.103744018554687500e+03
1.107931274414062500e+03
1.098086791992187500e+03
1.108181518554687500e+03
1.109985595703125000e+03
1.093191528320312500e+03
1.106335937500000000e+03
1.100942626953125000e+03
1.094417724609375000e+03
1.097088134765625000e+03
1.101944458007812500e+03
1.102469116210937500e+03
1.098136352539062500e+03
1.105049560546875000e+03
1.119604736328125000e+03
1.152594604492187500e+03
1.206905517578125000e+03
1.343383178710937500e+03
1.418038696289062500e+03
1.341862915039062500e+03
1.221704345703125000e+03
1.152971069335937500e+03
1.113670654296875000e+03
1.100921142578125000e+03
1.098303344726562500e+03
1.100890380859375000e+03
1.105575439453125000e+03
1.133319580078125000e+03
1.220464355468750000e+03
1.371664184570312500e+03
1.482607299804687500e+03
1.314580078125000000e+03
1.199467651367187500e+03
1.120096557617187500e+03
1.100968017578125000e+03
1.105976196289062500e+03
1.167987792968750000e+03
1.296003295898437500e+03
1.411209960937500000e+03
1.359767211914062500e+03
1.248437866210937500e+03
1.179634399414062500e+03
1.155606933593750000e+03
1.140671020507812500e+03
1.152754272460937500e+03
1.160172363281250000e+03
1.161077758789062500e+03
1.205177490234375000e+03
1.268440551757812500e+03
1.329195068359375000e+03
1.342577514648437500e+03
1.298696411132812500e+03
1.243907714843750000e+03
1.214004272460937500e+03
1.169478271484375000e+03
1.144736450195312500e+03
1.137833129882812500e+03
1.140564941406250000e+03
1.150113403320312500e+03
1.168954101562500000e+03
1.254814453125000000e+03
1.345257446289062500e+03
1.371437377929687500e+03
1.297898803710937500e+03
1.208304321289062500e+03
1.144599853515625000e+03
1.124376220703125000e+03
1.095256103515625000e+03
1.094232666015625000e+03
1.090506469726562500e+03
1.084196289062500000e+03
1.076179931640625000e+03
1.082631225585937500e+03
1.075936645507812500e+03
1.080032226562500000e+03
1.082120605468750000e+03
1.133900268554687500e+03
1.196911010742187500e+03
1.326718872070312500e+03
1.389967407226562500e+03
1.344167968750000000e+03
1.200363281250000000e+03
1.119505493164062500e+03
1.102182128906250000e+03
1.075189697265625000e+03
1.087242553710937500e+03
1.103610473632812500e+03
1.154054809570312500e+03
1.239690063476562500e+03
1.391276489257812500e+03
1.378699096679687500e+03
1.271479370117187500e+03
1.153984375000000000e+03
1.097157104492187500e+03
1.082732788085937500e+03
1.078214721679687500e+03
1.081259765625000000e+03
1.117748535156250000e+03
1.195240600585937500e+03
1.330782592773437500e+03
1.411453369140625000e+03
1.295809448242187500e+03
1.179574462890625000e+03
1.115752685546875000e+03
1.093529785156250000e+03
1.077787841796875000e+03
1.071619384765625000e+03
1.078325439453125000e+03
1.074768310546875000e+03
1.093802124023437500e+03
1.138305664062500000e+03
1.231751831054687500e+03
1.383691040039062500e+03
1.433606323242187500e+03
1.255071533203125000e+03
1.143075561523437500e+03
1.083079345703125000e+03
1.078355712890625000e+03
1.098465087890625000e+03
1.159664794921875000e+03
1.268458862304687500e+03
1.367183593750000000e+03
1.331205932617187500e+03
1.206396606445312500e+03
1.137170288085937500e+03
1.121973266601562500e+03
1.113845214843750000e+03
1.097079345703125000e+03
1.090079101562500000e+03
1.093795288085937500e+03
1.109544189453125000e+03
1.163617797851562500e+03
1.273481567382812500e+03
1.372415039062500000e+03
1.361124267578125000e+03
1.228006347656250000e+03
1.149887939453125000e+03
1.101983520507812500e+03
1.082301025390625000e+03
1.080786499023437500e+03
1.067273925781250000e+03
1.070593017578125000e+03
1.063364135742187500e+03
1.070634277343750000e+03
1.066126953125000000e+03
1.068450683593750000e+03
1.093826293945312500e+03
1.150748779296875000e+03
1.254827026367187500e+03
1.401098510742187500e+03
1.385688110351562500e+03
1.193036865234375000e+03
1.095111328125000000e+03
1.063595458984375000e+03
1.066028930664062500e+03
1.101419433593750000e+03
1.196565429687500000e+03
1.365292358398437500e+03
1.390955322265625000e+03
1.263250122070312500e+03
1.147564941406250000e+03
1.092473510742187500e+03
1.069598022460937500e+03
1.076424804687500000e+03
1.062890380859375000e+03
1.059985473632812500e+03
1.053587158203125000e+03
1.068399658203125000e+03
1.101403930664062500e+03
1.158950561523437500e+03
1.308559936523437500e+03
1.396307861328125000e+03
1.322277709960937500e+03
1.179485107421875000e+03
1.112378662109375000e+03
1.084327148437500000e+03
1.056118774414062500e+03
1.061784301757812500e+03
1.068278076171875000e+03
1.054706420898437500e+03
1.072589721679687500e+03
1.087212280273437500e+03
1.133369018554687500e+03
1.247828247070312500e+03
1.412220092773437500e+03
1.358461914062500000e+03
1.221730468750000000e+03
1.112576904296875000e+03
1.060715820312500000e+03
1.070392944335937500e+03
1.132513793945312500e+03
1.258555053710937500e+03
1.378531372070312500e+03
1.318434692382812500e+03
1.194788696289062500e+03
1.109102783203125000e+03
1.077692138671875000e+03
1.060137695312500000e+03
1.060598876953125000e+03
1.064694824218750000e+03
1.060876342773437500e+03
1.060342163085937500e+03
1.085796020507812500e+03
1.138121704101562500e+03
1.248220092773437500e+03
1.391842529296875000e+03
1.312619628906250000e+03
1.171833251953125000e+03
1.107788208007812500e+03
1.064970458984375000e+03
1.052562377929687500e+03
1.048012939453125000e+03
1.037501464843750000e+03
1.054799072265625000e+03
1.062175781250000000e+03
1.086145629882812500e+03
1.134570434570312500e+03
1.234329956054687500e+03
1.384427490234375000e+03
1.336323364257812500e+03
1.224173095703125000e+03
1.109990478515625000e+03
1.067684570312500000e+03
1.045627197265625000e+03
1.053797363281250000e+03
1.081690917968750000e+03
1.165495605468750000e+03
1.296317260742187500e+03
1.367459228515625000e+03
1.304000122070312500e+03
1.174819458007812500e+03
1.118908935546875000e+03
1.094050537109375000e+03
1.072147460937500000e+03
1.068538330078125000e+03
1.082917602539062500e+03
1.103086181640625000e+03
1.191562011718750000e+03
1.308795288085937500e+03
1.374715209960937500e+03
1.230521240234375000e+03
1.127376953125000000e+03
1.073503784179687500e+03
1.057609619140625000e+03
1.053521606445312500e+03
1.043343994140625000e+03
1.043977783203125000e+03
1.056993041992187500e+03
1.068924316406250000e+03
1.098982421875000000e+03
1.200075317382812500e+03
1.370010375976562500e+03
1.350315429687500000e+03
1.228652465820312500e+03
1.125440185546875000e+03
1.072560058593750000e+03
1.050723388671875000e+03
1.043846923828125000e+03
1.065759033203125000e+03
1.121695434570312500e+03
1.242953491210937500e+03
1.358001342773437500e+03
1.289628662109375000e+03
1.165570922851562500e+03
1.104723754882812500e+03
1.068047607421875000e+03
1.067330200195312500e+03
1.054400756835937500e+03
1.055086669921875000e+03
1.054807739257812500e+03
1.081912475585937500e+03
1.158936401367187500e+03
1.302729492187500000e+03
1.363779785156250000e+03
1.272976684570312500e+03
1.138979736328125000e+03
1.076274658203125000e+03
1.058765258789062500e+03
1.037341552734375000e+03
1.034475708007812500e+03
1.028623535156250000e+03
1.036011596679687500e+03
1.065861083984375000e+03
1.116568603515625000e+03
1.221099731445312500e+03
1.367620849609375000e+03
1.308101318359375000e+03
1.179260864257812500e+03
1.099624023437500000e+03
1.045604003906250000e+03
1.032098999023437500e+03
1.030241210937500000e+03
1.049605102539062500e+03
1.065476196289062500e+03
1.134109375000000000e+03
1.231424438476562500e+03
1.345380737304687500e+03
1.294885864257812500e+03
1.189590576171875000e+03
1.113702514648437500e+03
1.075274047851562500e+03
1.054643798828125000e+03
1.040400268554687500e+03
1.039887573242187500e+03
1.047048095703125000e+03
1.065067871093750000e+03
1.128520019531250000e+03
1.248349365234375000e+03
1.358011962890625000e+03
1.266917724609375000e+03
1.151706176757812500e+03
1.088516113281250000e+03
1.047021118164062500e+03
1.025489501953125000e+03
1.032161132812500000e+03
1.039160522460937500e+03
1.051349731445312500e+03
1.093891357421875000e+03
1.185786499023437500e+03
1.337994628906250000e+03
1.309877563476562500e+03
1.195505371093750000e+03
1.100239013671875000e+03
1.057900268554687500e+03
1.033574707031250000e+03
1.027992431640625000e+03
1.039578369140625000e+03
1.056518432617187500e+03
1.122939575195312500e+03
1.224387695312500000e+03
1.358051635742187500e+03
1.277805297851562500e+03
1.163031494140625000e+03
1.086676269531250000e+03
1.063931640625000000e+03
1.051821777343750000e+03
1.026554443359375000e+03
1.032925903320312500e+03
1.031311523437500000e+03
1.052639282226562500e+03
1.102425292968750000e+03
1.202953491210937500e+03
1.318680541992187500e+03
1.273685913085937500e+03
1.160034057617187500e+03
1.098902587890625000e+03
1.067660400390625000e+03
1.047512573242187500e+03
1.046301635742187500e+03
1.052335083007812500e+03
1.087751098632812500e+03
1.172002319335937500e+03
1.307179687500000000e+03
1.299080444335937500e+03
1.199820312500000000e+03
1.122494262695312500e+03
1.077923583984375000e+03
1.046268188476562500e+03
1.046941406250000000e+03
1.046356689453125000e+03
1.061771240234375000e+03
1.113178466796875000e+03
1.218795898437500000e+03
1.300822387695312500e+03
1.278255859375000000e+03
1.173236816406250000e+03
1.121606323242187500e+03
1.090671020507812500e+03
1.082780883789062500e+03
1.081190795898437500e+03
1.085489257812500000e+03
1.089794555664062500e+03
1.116185180664062500e+03
1.177193725585937500e+03
1.239404296875000000e+03
1.253673706054687500e+03
1.226123168945312500e+03
1.154451293945312500e+03
1.105077148437500000e+03
1.084299438476562500e+03
1.065223266601562500e+03
1.076103881835937500e+03
1.082565795898437500e+03
1.116865478515625000e+03
1.181909545898437500e+03
1.230692504882812500e+03
1.259973510742187500e+03
1.183144775390625000e+03
1.110519042968750000e+03
1.087602661132812500e+03
1.071906982421875000e+03
1.068399291992187500e+03
1.093134277343750000e+03
1.127483398437500000e+03
1.179936767578125000e+03
1.206049560546875000e+03
1.197040649414062500e+03
1.165458129882812500e+03
1.149054687500000000e+03
1.118818847656250000e+03
1.094538574218750000e+03
1.071646606445312500e+03
1.068090942382812500e+03
1.068150146484375000e+03
1.077113891601562500e+03
1.097875366210937500e+03
1.136646606445312500e+03
1.176945678710937500e+03
1.209943359375000000e+03
1.200258789062500000e+03
1.182766479492187500e+03
1.138562622070312500e+03
1.112886596679687500e+03
1.079403930664062500e+03
1.071433471679687500e+03
1.060706054687500000e+03
1.058304931640625000e+03
1.083045288085937500e+03
1.119178100585937500e+03
1.186532592773437500e+03
1.239402099609375000e+03
1.184755981445312500e+03
1.130496704101562500e+03
1.083205688476562500e+03
1.057292114257812500e+03
1.032549438476562500e+03
1.024177124023437500e+03
1.020865295410156250e+03
1.041866455078125000e+03
1.099002929687500000e+03
1.200228759765625000e+03
1.260942382812500000e+03
1.219931518554687500e+03
1.140995605468750000e+03
1.063225585937500000e+03
1.031600708007812500e+03
1.014820983886718750e+03
1.004544067382812500e+03
9.983992309570312500e+02
1.000434082031250000e+03
1.030930541992187500e+03
1.056155517578125000e+03
1.157695800781250000e+03
1.260531250000000000e+03
1.261730346679687500e+03
1.169581665039062500e+03
1.094698242187500000e+03
1.043248779296875000e+03
1.013987487792968750e+03
1.010631652832031250e+03
9.993518066406250000e+02
1.006408325195312500e+03
1.014436340332031250e+03
1.044903076171875000e+03
1.104822509765625000e+03
1.212527099609375000e+03
1.290630615234375000e+03
1.215166259765625000e+03
1.108423095703125000e+03
1.042489624023437500e+03
1.005989562988281250e+03
1.003751831054687500e+03
1.033642456054687500e+03
1.111204956054687500e+03
1.254109619140625000e+03
1.273024780273437500e+03
1.193730957031250000e+03
1.090689453125000000e+03
1.042400390625000000e+03
1.016983825683593750e+03
1.011038513183593750e+03
1.001522644042968750e+03
9.975084228515625000e+02
1.003418518066406250e+03
9.978312377929687500e+02
1.010576477050781250e+03
1.053166870117187500e+03
1.144171142578125000e+03
1.267320312500000000e+03
1.293793334960937500e+03
1.140695556640625000e+03
1.057920776367187500e+03
1.014355468750000000e+03
1.003231750488281250e+03
9.968914184570312500e+02
9.971498413085937500e+02
1.012691833496093750e+03
1.064907348632812500e+03
1.171211669921875000e+03
1.289567993164062500e+03
1.294799438476562500e+03
1.140197265625000000e+03
1.059002197265625000e+03
1.004178222656250000e+03
9.958933105468750000e+02
1.001661804199218750e+03
1.043668701171875000e+03
1.165667114257812500e+03
1.306864257812500000e+03
1.294012084960937500e+03
1.101498535156250000e+03
1.007784851074218750e+03
9.876575927734375000e+02
1.004192932128906250e+03
1.034985961914062500e+03
1.108505249023437500e+03
1.236458862304687500e+03
1.275087280273437500e+03
1.193924926757812500e+03
1.084051513671875000e+03
1.026067016601562500e+03
1.008200378417968750e+03
9.930032958984375000e+02
9.802587280273437500e+02
9.947288208007812500e+02
9.912192382812500000e+02
9.827975463867187500e+02
9.948770751953125000e+02
1.008538330078125000e+03
1.081314208984375000e+03
1.248808105468750000e+03
1.374330078125000000e+03
1.165002563476562500e+03
1.039433105468750000e+03
9.908897094726562500e+02
9.883027954101562500e+02
1.018929382324218750e+03
1.118318115234375000e+03
1.272164672851562500e+03
1.253298461914062500e+03
1.146304931640625000e+03
1.062712036132812500e+03
1.029840942382812500e+03
1.015221496582031250e+03
1.025625122070312500e+03
1.030510620117187500e+03
1.080013183593750000e+03
1.139524658203125000e+03
1.228400024414062500e+03
1.208241210937500000e+03
1.160803833007812500e+03
1.102934936523437500e+03
1.075831298828125000e+03
1.075321533203125000e+03
1.088573120117187500e+03
1.141720214843750000e+03
1.165079589843750000e+03
1.143655273437500000e+03
1.133143066406250000e+03
1.112617187500000000e+03
1.097430297851562500e+03
1.098566772460937500e+03
1.107012084960937500e+03
1.118090087890625000e+03
1.116176879882812500e+03
1.114057128906250000e+03
1.101129028320312500e+03
1.092360717773437500e+03
1.105108032226562500e+03
1.100187133789062500e+03
1.114215820312500000e+03
1.119887451171875000e+03
1.111863037109375000e+03
1.113560668945312500e+03
1.118006713867187500e+03
1.120349731445312500e+03
1.124685180664062500e+03
1.125560913085937500e+03
1.125755004882812500e+03
1.117254760742187500e+03
1.113422241210937500e+03
1.112429077148437500e+03
1.097466186523437500e+03
1.072173095703125000e+03
1.060764404296875000e+03
1.070672363281250000e+03
1.099274047851562500e+03
1.128052368164062500e+03
1.138004272460937500e+03
1.130776367187500000e+03
1.110890869140625000e+03
1.089083129882812500e+03
1.083331787109375000e+03
1.087005737304687500e+03
1.072342041015625000e+03
1.074276855468750000e+03
1.058133300781250000e+03
1.064345458984375000e+03
1.073776733398437500e+03
1.113093505859375000e+03
1.131214599609375000e+03
1.140090576171875000e+03
1.115131347656250000e+03
1.093156982421875000e+03
1.092097290039062500e+03
1.080686523437500000e+03
1.084652587890625000e+03
1.092477539062500000e+03
1.098957031250000000e+03
1.083710937500000000e+03
1.067726928710937500e+03
1.067631591796875000e+03
1.072474243164062500e+03
1.090508666992187500e+03
1.125874877929687500e+03
1.136374755859375000e+03
1.114400268554687500e+03
1.073676147460937500e+03
1.054769775390625000e+03
1.043845703125000000e+03
1.023919128417968750e+03
1.008911315917968750e+03
1.007310424804687500e+03
1.021695556640625000e+03
1.051106201171875000e+03
1.116035766601562500e+03
1.194956176757812500e+03
1.195587280273437500e+03
1.123578369140625000e+03
1.043595581054687500e+03
9.996375122070312500e+02
9.807983398437500000e+02
9.764915771484375000e+02
9.667944946289062500e+02
9.891341552734375000e+02
1.015696411132812500e+03
1.104815429687500000e+03
1.232427856445312500e+03
1.207707275390625000e+03
1.113482666015625000e+03
1.037905883789062500e+03
1.015180236816406250e+03
9.947349243164062500e+02
1.006057250976562500e+03
1.009399658203125000e+03
1.008241882324218750e+03
1.044676757812500000e+03
1.103840087890625000e+03
1.164639770507812500e+03
1.185551025390625000e+03
1.129578125000000000e+03
1.082002563476562500e+03
1.051363403320312500e+03
1.030670532226562500e+03
1.013881469726562500e+03
9.951733398437500000e+02
1.003202636718750000e+03
1.021648925781250000e+03
1.030506591796875000e+03
1.078425781250000000e+03
1.120726196289062500e+03
1.160495971679687500e+03
1.118481323242187500e+03
1.077022094726562500e+03
1.052062377929687500e+03
1.052302246093750000e+03
1.041473632812500000e+03
1.048172119140625000e+03
1.068683105468750000e+03
1.102265380859375000e+03
1.122792114257812500e+03
1.140914306640625000e+03
1.105398315429687500e+03
1.066232666015625000e+03
1.027625122070312500e+03
1.010537658691406250e+03
1.011104553222656250e+03
1.032147949218750000e+03
1.052366699218750000e+03
1.111548095703125000e+03
1.150241455078125000e+03
1.163083129882812500e+03
1.108801635742187500e+03
1.063990356445312500e+03
1.033194580078125000e+03
1.015332519531250000e+03
9.975864257812500000e+02
1.004015747070312500e+03
1.027209960937500000e+03
1.065912841796875000e+03
1.120593261718750000e+03
1.185540527343750000e+03
1.152720214843750000e+03
1.070395629882812500e+03
1.022970825195312500e+03
9.856521606445312500e+02
9.823227539062500000e+02
9.727142944335937500e+02
9.890499877929687500e+02
1.004683227539062500e+03
1.061911865234375000e+03
1.143841186523437500e+03
1.197004272460937500e+03
1.162802368164062500e+03
1.069676269531250000e+03
1.009779418945312500e+03
9.884473876953125000e+02
9.773880004882812500e+02
9.626613769531250000e+02
9.637907104492187500e+02
9.789660644531250000e+02
1.004447326660156250e+03
1.063855346679687500e+03
1.168438354492187500e+03
1.211700439453125000e+03
1.154254028320312500e+03
1.060318725585937500e+03
1.008117309570312500e+03
9.904318237304687500e+02
9.757686767578125000e+02
9.793725585937500000e+02
9.916265869140625000e+02
1.030494384765625000e+03
1.110738891601562500e+03
1.182646240234375000e+03
1.186941162109375000e+03
1.103254272460937500e+03
1.025253295898437500e+03
1.013109558105468750e+03
9.855290527343750000e+02
9.592658081054687500e+02
9.679537353515625000e+02
9.521360473632812500e+02
9.639147338867187500e+02
9.719169921875000000e+02
1.009409423828125000e+03
1.101156250000000000e+03
1.210095092773437500e+03
1.158835449218750000e+03
1.075703857421875000e+03
1.015155334472656250e+03
9.846932373046875000e+02
9.656915893554687500e+02
9.592789916992187500e+02
9.661475830078125000e+02
9.824788208007812500e+02
1.033263793945312500e+03
1.118839965820312500e+03
1.195313476562500000e+03
1.191412719726562500e+03
1.083631835937500000e+03
1.010201843261718750e+03
9.844273071289062500e+02
9.601165161132812500e+02
9.584210815429687500e+02
9.484479370117187500e+02
9.493806762695312500e+02
9.574528198242187500e+02
9.639832153320312500e+02
1.022021057128906250e+03
1.156181396484375000e+03
1.276477539062500000e+03
1.149975585937500000e+03
1.021098876953125000e+03
9.672681274414062500e+02
9.449724731445312500e+02
9.421401367187500000e+02
9.570579223632812500e+02
9.914628906250000000e+02
1.073795654296875000e+03
1.218504394531250000e+03
1.215850097656250000e+03
1.111785888671875000e+03
1.019204406738281250e+03
9.831535034179687500e+02
9.606145019531250000e+02
9.588594360351562500e+02
9.550358276367187500e+02
9.636077270507812500e+02
1.020725646972656250e+03
1.116106201171875000e+03
1.228735839843750000e+03
1.210876342773437500e+03
1.067530273437500000e+03
1.000452209472656250e+03
9.777514648437500000e+02
9.769747314453125000e+02
9.770983276367187500e+02
1.005705017089843750e+03
1.067474853515625000e+03
1.148386962890625000e+03
1.169097778320312500e+03
1.125491943359375000e+03
1.046047607421875000e+03
1.013041809082031250e+03
1.018864318847656250e+03
1.047836059570312500e+03
1.090084960937500000e+03
1.138867797851562500e+03
1.113962402343750000e+03
1.070247680664062500e+03
1.038455932617187500e+03
1.026142700195312500e+03
1.068991821289062500e+03
1.113952636718750000e+03
1.135171508789062500e+03
1.119526367187500000e+03
1.068129516601562500e+03
1.012703247070312500e+03
1.002302001953125000e+03
1.016007324218750000e+03
1.046401611328125000e+03
1.101802124023437500e+03
1.135330688476562500e+03
1.128995117187500000e+03
1.076502929687500000e+03
1.030921020507812500e+03
1.025941650390625000e+03
1.040934448242187500e+03
1.066828857421875000e+03
1.098645874023437500e+03
1.114233764648437500e+03
1.094932128906250000e+03
1.064482543945312500e+03
1.037785522460937500e+03
1.035386962890625000e+03
1.039592163085937500e+03
1.069069213867187500e+03
1.091502075195312500e+03
1.091614624023437500e+03
1.087416625976562500e+03
1.054007568359375000e+03
1.021379089355468750e+03
1.011193542480468750e+03
1.010826599121093750e+03
1.015004882812500000e+03
1.029736450195312500e+03
1.058642578125000000e+03
1.105488769531250000e+03
1.090682373046875000e+03
1.069123779296875000e+03
1.046063598632812500e+03
1.040091064453125000e+03
1.039915161132812500e+03
1.067974121093750000e+03
1.067519653320312500e+03
1.086298461914062500e+03
1.057872070312500000e+03
1.030851440429687500e+03
1.014907043457031250e+03
1.013267333984375000e+03
1.035731811523437500e+03
1.054593261718750000e+03
1.095998779296875000e+03
1.117866088867187500e+03
1.088995117187500000e+03
1.049249633789062500e+03
1.018419555664062500e+03
9.918510742187500000e+02
9.886314697265625000e+02
1.006468627929687500e+03
1.051009887695312500e+03
1.083726196289062500e+03
1.097730102539062500e+03
1.098760375976562500e+03
1.062812255859375000e+03
1.026858032226562500e+03
1.020982482910156250e+03
1.033988769531250000e+03
1.058157226562500000e+03
1.077562011718750000e+03
1.065991699218750000e+03
1.042260131835937500e+03
1.020264099121093750e+03
1.001482849121093750e+03
9.904428100585937500e+02
1.001121093750000000e+03
1.025713378906250000e+03
1.060972900390625000e+03
1.100213500976562500e+03
1.120394409179687500e+03
1.063497192382812500e+03
1.020568908691406250e+03
1.006428466796875000e+03
9.935508422851562500e+02
1.004780395507812500e+03
1.018100402832031250e+03
1.055998168945312500e+03
1.088226318359375000e+03
1.109942504882812500e+03
1.092190185546875000e+03
1.042672119140625000e+03
1.005520812988281250e+03
9.695191650390625000e+02
9.508543090820312500e+02
9.506078491210937500e+02
9.455156860351562500e+02
9.625249633789062500e+02
1.002545166015625000e+03
1.063518432617187500e+03
1.137697998046875000e+03
1.123313598632812500e+03
1.088905517578125000e+03
1.027239990234375000e+03
9.842783813476562500e+02
9.550941772460937500e+02
9.464572143554687500e+02
9.547753906250000000e+02
9.749947509765625000e+02
1.031465576171875000e+03
1.106171997070312500e+03
1.126369873046875000e+03
1.094438232421875000e+03
1.037199951171875000e+03
1.003503234863281250e+03
9.774001464843750000e+02
9.687486572265625000e+02
9.726005859375000000e+02
9.994401855468750000e+02
1.028417968750000000e+03
1.104353027343750000e+03
1.129567626953125000e+03
1.089442016601562500e+03
1.013652160644531250e+03
9.680952148437500000e+02
9.529558105468750000e+02
9.403195190429687500e+02
9.292381591796875000e+02
9.320592651367187500e+02
9.306067504882812500e+02
9.433091430664062500e+02
9.934441528320312500e+02
1.088625854492187500e+03
1.156808959960937500e+03
1.149357543945312500e+03
1.048894531250000000e+03
9.963043823242187500e+02
9.739718017578125000e+02
9.532814331054687500e+02
9.577258911132812500e+02
9.885518188476562500e+02
1.041976440429687500e+03
1.122106689453125000e+03
1.126076660156250000e+03
1.062311279296875000e+03
1.000007934570312500e+03
9.862698974609375000e+02
9.945392456054687500e+02
1.014040710449218750e+03
1.030709350585937500e+03
1.073723266601562500e+03
1.088612304687500000e+03
1.074125610351562500e+03
1.049697021484375000e+03
1.035516357421875000e+03
1.026046752929687500e+03
1.012245056152343750e+03
1.026239868164062500e+03
1.076043212890625000e+03
1.076378540039062500e+03
1.062429443359375000e+03
1.023222473144531250e+03
1.012053222656250000e+03
9.962484741210937500e+02
1.037437377929687500e+03
1.047651123046875000e+03
1.072055175781250000e+03
1.075505737304687500e+03
1.060369873046875000e+03
1.021210510253906250e+03
9.927908325195312500e+02
9.827000122070312500e+02
9.890066528320312500e+02
9.910700073242187500e+02
1.021927734375000000e+03
1.053353881835937500e+03
1.067126342773437500e+03
1.058042602539062500e+03
1.043290161132812500e+03
1.038932739257812500e+03
1.046474121093750000e+03
1.045884277343750000e+03
1.035988281250000000e+03
1.004007019042968750e+03
9.823368530273437500e+02
1.008878051757812500e+03
1.023877563476562500e+03
1.037390869140625000e+03
1.060537109375000000e+03
1.040990112304687500e+03
1.045528198242187500e+03
1.015805847167968750e+03
1.001779296875000000e+03
1.004145507812500000e+03
1.025077514648437500e+03
1.031625610351562500e+03
1.039148437500000000e+03
1.045234008789062500e+03
1.027854370117187500e+03
1.012727722167968750e+03
1.024955688476562500e+03
1.031245117187500000e+03
1.049362060546875000e+03
1.042330566406250000e+03
1.040567993164062500e+03
1.016586547851562500e+03
1.010152343750000000e+03
1.009346496582031250e+03
1.009349304199218750e+03
1.017404235839843750e+03
1.027726440429687500e+03
1.048068481445312500e+03
1.047821044921875000e+03
1.028352050781250000e+03
1.028468383789062500e+03
1.040660644531250000e+03
1.047272460937500000e+03
1.026471923828125000e+03
1.002350158691406250e+03
9.887577514648437500e+02
1.004979797363281250e+03
1.018784057617187500e+03
1.041378540039062500e+03
1.056760498046875000e+03
1.063826538085937500e+03
1.039574462890625000e+03
1.009298583984375000e+03
9.862413330078125000e+02
9.913549804687500000e+02
1.007856018066406250e+03
1.032577270507812500e+03
1.051244995117187500e+03
1.059399169921875000e+03
1.033549438476562500e+03
1.027536621093750000e+03
1.007586059570312500e+03
1.019993408203125000e+03
1.013080810546875000e+03
1.012701416015625000e+03
1.002382324218750000e+03
1.017258483886718750e+03
1.017170227050781250e+03
1.037981323242187500e+03
1.028625854492187500e+03
1.021972961425781250e+03
1.007294921875000000e+03
1.008622375488281250e+03
1.007842346191406250e+03
1.018231506347656250e+03
1.029271362304687500e+03
1.032803588867187500e+03
1.026576293945312500e+03
1.030615600585937500e+03
1.028823486328125000e+03
1.022084167480468750e+03
1.020332519531250000e+03
1.003528930664062500e+03
9.877797241210937500e+02
9.938270874023437500e+02
1.003834167480468750e+03
9.935103759765625000e+02
1.019339294433593750e+03
1.035303588867187500e+03
1.035012451171875000e+03
1.012152587890625000e+03
9.967724609375000000e+02
9.980679321289062500e+02
9.908075561523437500e+02
9.854116821289062500e+02
1.011538269042968750e+03
1.023889465332031250e+03
1.022832092285156250e+03
1.023312561035156250e+03
1.012719177246093750e+03
9.918764648437500000e+02
9.908770751953125000e+02
9.938499145507812500e+02
9.937602539062500000e+02
1.009086547851562500e+03
1.011027587890625000e+03
1.018602905273437500e+03
1.008853149414062500e+03
1.026577880859375000e+03
1.018054382324218750e+03
1.013802917480468750e+03
1.022125732421875000e+03
1.020882812500000000e+03
1.020005981445312500e+03
1.024023437500000000e+03
1.023347961425781250e+03
1.026967041015625000e+03
1.000350891113281250e+03
9.698037109375000000e+02
9.559495849609375000e+02
9.555397949218750000e+02
9.677868041992187500e+02
1.003510009765625000e+03
1.043571411132812500e+03
1.071623657226562500e+03
1.044470703125000000e+03
9.986561279296875000e+02
9.722503051757812500e+02
9.571004638671875000e+02
9.611642456054687500e+02
9.964594116210937500e+02
1.044979370117187500e+03
1.063692626953125000e+03
1.067822875976562500e+03
1.017975830078125000e+03
9.689978027343750000e+02
9.387406616210937500e+02
9.442698974609375000e+02
9.557308959960937500e+02
9.950745849609375000e+02
1.043443359375000000e+03
1.055905395507812500e+03
1.033059204101562500e+03
1.005658325195312500e+03
9.695303955078125000e+02
9.601824951171875000e+02
9.674847412109375000e+02
9.920302124023437500e+02
1.037133789062500000e+03
1.050746704101562500e+03
1.041113281250000000e+03
9.967835693359375000e+02
9.759645996093750000e+02
9.628276367187500000e+02
9.728477172851562500e+02
9.967071533203125000e+02
1.029697265625000000e+03
1.036731567382812500e+03
1.033683593750000000e+03
1.018428161621093750e+03
1.018603820800781250e+03
9.996478881835937500e+02
9.804060668945312500e+02
9.863025512695312500e+02
9.963970947265625000e+02
1.010112243652343750e+03
1.027799072265625000e+03
1.020487304687500000e+03
1.006620239257812500e+03
9.884459228515625000e+02
9.955548095703125000e+02
9.949909667968750000e+02
9.867849121093750000e+02
9.959744262695312500e+02
1.004823303222656250e+03
1.016187561035156250e+03
1.036563842773437500e+03
1.019673645019531250e+03
1.002940246582031250e+03
9.682812500000000000e+02
9.524445190429687500e+02
9.439559936523437500e+02
9.487132568359375000e+02
9.941978149414062500e+02
