1.107875390625000000e+05
9.973842968750000000e+04
8.888955468750000000e+04
7.788082031250000000e+04
6.730125781250000000e+04
5.693337500000000000e+04
4.773142187500000000e+04
3.989177734375000000e+04
3.366691015625000000e+04
2.897350585937500000e+04
2.667958593750000000e+04
2.624992187500000000e+04
2.723053515625000000e+04
2.963157617187500000e+04
3.196313085937500000e+04
3.416372656250000000e+04
3.532917968750000000e+04
3.543971875000000000e+04
3.483473046875000000e+04
3.328243750000000000e+04
3.135221875000000000e+04
2.941865039062500000e+04
2.794373046875000000e+04
2.692610937500000000e+04
2.624418359375000000e+04
2.588732226562500000e+04
2.606228515625000000e+04
2.634814843750000000e+04
2.676262109375000000e+04
2.727085351562500000e+04
2.743469921875000000e+04
2.773822656250000000e+04
2.777738671875000000e+04
2.772009375000000000e+04
2.740068945312500000e+04
2.696823632812500000e+04
2.657136718750000000e+04
2.626808203125000000e+04
2.606828515625000000e+04
2.578756445312500000e+04
2.570905664062500000e+04
2.557484570312500000e+04
2.561492578125000000e+04
2.574543164062500000e+04
2.592865820312500000e+04
2.582860546875000000e+04
2.592796484375000000e+04
2.603434179687500000e+04
2.580377343750000000e+04
2.571029492187500000e+04
2.560434179687500000e+04
2.547524414062500000e+04
2.532870898437500000e+04
2.542432812500000000e+04
2.531034375000000000e+04
2.526728515625000000e+04
2.508465234375000000e+04
2.528413867187500000e+04
2.532907617187500000e+04
2.516803906250000000e+04
2.521147656250000000e+04
2.531329882812500000e+04
2.510887500000000000e+04
2.500594726562500000e+04
2.490376562500000000e+04
2.490076757812500000e+04
2.474741210937500000e+04
2.478832226562500000e+04
2.486452148437500000e+04
2.466374609375000000e+04
2.468827734375000000e+04
2.462492187500000000e+04
2.454224804687500000e+04
2.455168164062500000e+04
2.449202148437500000e+04
2.457430078125000000e+04
2.445401562500000000e+04
2.431467187500000000e+04
2.432501367187500000e+04
2.428176757812500000e+04
2.416102148437500000e+04
2.410229296875000000e+04
2.405561132812500000e+04
2.393830468750000000e+04
2.387820507812500000e+04
2.380303515625000000e+04
2.369827734375000000e+04
2.361135156250000000e+04
2.358928320312500000e+04
2.354948828125000000e+04
2.351502343750000000e+04
2.337690039062500000e+04
2.319808789062500000e+04
2.328738085937500000e+04
2.309887890625000000e+04
2.289023632812500000e+04
2.303974023437500000e+04
2.269103515625000000e+04
2.264563476562500000e+04
2.261527148437500000e+04
2.243516992187500000e+04
2.237244726562500000e+04
2.226192968750000000e+04
2.219853906250000000e+04
2.197479296875000000e+04
2.184516015625000000e+04
2.183514648437500000e+04
2.167768945312500000e+04
2.148645898437500000e+04
2.137515820312500000e+04
2.118475390625000000e+04
2.111258007812500000e+04
2.085942968750000000e+04
2.074887500000000000e+04
2.063320507812500000e+04
2.049016992187500000e+04
2.029464648437500000e+04
2.006559179687500000e+04
2.001260937500000000e+04
1.980333203125000000e+04
1.966472460937500000e+04
1.946979492187500000e+04
1.924471289062500000e+04
1.905652929687500000e+04
1.890085546875000000e+04
1.857796484375000000e+04
1.846497265625000000e+04
1.820192382812500000e+04
1.798829296875000000e+04
1.774867773437500000e+04
1.766336328125000000e+04
1.726101367187500000e+04
1.707423632812500000e+04
1.681131835937500000e+04
1.654696289062500000e+04
1.630246386718750000e+04
1.609197167968750000e+04
1.584518750000000000e+04
1.555156542968750000e+04
1.531708203125000000e+04
1.494717968750000000e+04
1.466307617187500000e+04
1.440125292968750000e+04
1.412311230468750000e+04
1.388947070312500000e+04
1.361561425781250000e+04
1.328182031250000000e+04
1.294975585937500000e+04
1.272356250000000000e+04
1.244122265625000000e+04
1.226197363281250000e+04
1.195397558593750000e+04
1.173060156250000000e+04
1.149948828125000000e+04
1.128094238281250000e+04
1.109881738281250000e+04
1.082891503906250000e+04
1.077741015625000000e+04
1.057822460937500000e+04
1.039546386718750000e+04
1.021371972656250000e+04
1.003933300781250000e+04
9.950076171875000000e+03
9.849291015625000000e+03
9.619440429687500000e+03
9.486807617187500000e+03
9.391616210937500000e+03
9.220984375000000000e+03
9.111111328125000000e+03
8.997582031250000000e+03
8.830950195312500000e+03
8.761415039062500000e+03
8.630773437500000000e+03
8.525754882812500000e+03
8.413740234375000000e+03
8.301325195312500000e+03
8.199375976562500000e+03
8.056199707031250000e+03
7.981147460937500000e+03
7.806709960937500000e+03
7.734761718750000000e+03
7.653153320312500000e+03
7.589143066406250000e+03
7.468975097656250000e+03
7.377438476562500000e+03
7.345387207031250000e+03
7.239461914062500000e+03
7.190861816406250000e+03
7.134580078125000000e+03
7.044393066406250000e+03
6.960843750000000000e+03
6.896564453125000000e+03
6.853454101562500000e+03
6.845921386718750000e+03
6.785873046875000000e+03
6.755994628906250000e+03
6.693872558593750000e+03
6.632300781250000000e+03
6.578286621093750000e+03
6.528513183593750000e+03
6.516793457031250000e+03
6.445423828125000000e+03
6.422367187500000000e+03
6.405615234375000000e+03
6.346861328125000000e+03
6.349496093750000000e+03
6.346735839843750000e+03
6.309872070312500000e+03
6.300855957031250000e+03
6.276527832031250000e+03
6.257212402343750000e+03
6.228893066406250000e+03
6.251036132812500000e+03
6.223812011718750000e+03
6.174600585937500000e+03
6.194892578125000000e+03
6.153011718750000000e+03
6.141637695312500000e+03
6.130863769531250000e+03
6.081492675781250000e+03
6.086147460937500000e+03
6.044342773437500000e+03
6.023315917968750000e+03
6.024256835937500000e+03
5.995955078125000000e+03
6.011324707031250000e+03
5.972056152343750000e+03
5.977171386718750000e+03
5.979822753906250000e+03
5.928850097656250000e+03
5.926907714843750000e+03
5.939994140625000000e+03
5.900456054687500000e+03
5.858623046875000000e+03
5.827704589843750000e+03
5.849013183593750000e+03
5.792504394531250000e+03
5.797328125000000000e+03
5.803670410156250000e+03
5.778878417968750000e+03
5.731538085937500000e+03
5.733332519531250000e+03
5.740438476562500000e+03
5.715129882812500000e+03
5.655932128906250000e+03
5.626341796875000000e+03
5.635947753906250000e+03
5.602186035156250000e+03
5.607059082031250000e+03
5.570093750000000000e+03
5.563250000000000000e+03
5.539926757812500000e+03
5.550176269531250000e+03
5.525588378906250000e+03
5.512056640625000000e+03
5.504183105468750000e+03
5.489190429687500000e+03
5.470963378906250000e+03
5.420523925781250000e+03
5.423278808593750000e+03
5.455276367187500000e+03
5.422644042968750000e+03
5.364747558593750000e+03
5.373036621093750000e+03
5.329696777343750000e+03
5.309607421875000000e+03
5.325932617187500000e+03
5.268144042968750000e+03
5.287327148437500000e+03
5.280602539062500000e+03
5.248658203125000000e+03
5.271410644531250000e+03
5.255543945312500000e+03
5.210639160156250000e+03
5.201022460937500000e+03
5.169938476562500000e+03
5.170652832031250000e+03
5.151499023437500000e+03
5.115547851562500000e+03
5.122342285156250000e+03
5.115007324218750000e+03
5.064285156250000000e+03
5.058333007812500000e+03
5.061051757812500000e+03
5.013355468750000000e+03
5.028293457031250000e+03
4.992295410156250000e+03
5.005288085937500000e+03
4.941697265625000000e+03
4.964365722656250000e+03
4.950675292968750000e+03
4.916614257812500000e+03
4.883245117187500000e+03
4.886380859375000000e+03
4.887259277343750000e+03
4.867452148437500000e+03
4.848646484375000000e+03
4.863828125000000000e+03
4.821808593750000000e+03
4.782581054687500000e+03
4.768797363281250000e+03
4.785278808593750000e+03
4.789483398437500000e+03
4.730060058593750000e+03
4.784044433593750000e+03
4.727002929687500000e+03
4.710073730468750000e+03
4.680256835937500000e+03
4.661906738281250000e+03
4.650859375000000000e+03
4.642008789062500000e+03
4.606247070312500000e+03
4.586321777343750000e+03
4.629704101562500000e+03
4.584669433593750000e+03
4.552044921875000000e+03
4.564535156250000000e+03
4.527424804687500000e+03
4.523058593750000000e+03
4.500570800781250000e+03
4.524064941406250000e+03
4.463314453125000000e+03
4.478755371093750000e+03
4.453049316406250000e+03
4.462001953125000000e+03
4.400621093750000000e+03
4.414695800781250000e+03
4.381703125000000000e+03
4.391630859375000000e+03
4.386670410156250000e+03
4.332634277343750000e+03
4.343826660156250000e+03
4.345260742187500000e+03
4.312804199218750000e+03
4.287281738281250000e+03
4.273520019531250000e+03
4.290638183593750000e+03
4.264750488281250000e+03
4.264433593750000000e+03
4.222333984375000000e+03
4.221499511718750000e+03
4.226204589843750000e+03
4.197046875000000000e+03
4.173366210937500000e+03
4.142459472656250000e+03
4.129156738281250000e+03
4.152105468750000000e+03
4.121066894531250000e+03
4.128895507812500000e+03
4.113472167968750000e+03
4.087435546875000000e+03
4.089076171875000000e+03
4.091373046875000000e+03
4.056547607421875000e+03
4.046787597656250000e+03
4.022365966796875000e+03
4.050791259765625000e+03
4.020427978515625000e+03
4.016946533203125000e+03
4.006604248046875000e+03
3.984004638671875000e+03
3.972723388671875000e+03
3.979579345703125000e+03
3.964873046875000000e+03
3.941563964843750000e+03
3.925389404296875000e+03
3.921100585937500000e+03
3.893229003906250000e+03
3.893687988281250000e+03
3.880933837890625000e+03
3.865719726562500000e+03
3.850240966796875000e+03
3.842662597656250000e+03
3.825845947265625000e+03
3.805991699218750000e+03
3.814135009765625000e+03
3.804196044921875000e+03
3.786956054687500000e+03
3.789036865234375000e+03
3.788043212890625000e+03
3.796707275390625000e+03
3.763349365234375000e+03
3.812442382812500000e+03
3.793454589843750000e+03
3.732894531250000000e+03
3.742703369140625000e+03
3.721584716796875000e+03
3.692449218750000000e+03
3.679666259765625000e+03
3.668591064453125000e+03
3.655028564453125000e+03
3.643045410156250000e+03
3.637520507812500000e+03
3.631677246093750000e+03
3.606038574218750000e+03
3.647247070312500000e+03
3.629161865234375000e+03
3.633044921875000000e+03
3.637044921875000000e+03
3.662977294921875000e+03
3.651920898437500000e+03
3.611266845703125000e+03
3.548419189453125000e+03
3.576750976562500000e+03
3.582866943359375000e+03
3.599945068359375000e+03
3.608537841796875000e+03
3.581760009765625000e+03
3.530508300781250000e+03
3.512490722656250000e+03
3.550593750000000000e+03
3.600543212890625000e+03
3.588838623046875000e+03
3.511760009765625000e+03
3.478075195312500000e+03
3.512551025390625000e+03
3.551917236328125000e+03
3.541977539062500000e+03
3.469632080078125000e+03
3.454921875000000000e+03
3.493990722656250000e+03
3.478860351562500000e+03
3.419887695312500000e+03
3.396272949218750000e+03
3.417393554687500000e+03
3.429156005859375000e+03
3.435326904296875000e+03
3.396035888671875000e+03
3.370718750000000000e+03
3.412206298828125000e+03
3.414587890625000000e+03
3.421083984375000000e+03
3.361167968750000000e+03
3.356836181640625000e+03
3.353013671875000000e+03
3.374797607421875000e+03
3.351159667968750000e+03
3.348254882812500000e+03
3.315626708984375000e+03
3.301730224609375000e+03
3.313795410156250000e+03
3.357019531250000000e+03
3.314906005859375000e+03
3.315630615234375000e+03
3.281901855468750000e+03
3.313236328125000000e+03
3.297051269531250000e+03
3.313104736328125000e+03
3.296160644531250000e+03
3.307205566406250000e+03
3.238608398437500000e+03
3.255559326171875000e+03
3.267716064453125000e+03
3.255393066406250000e+03
3.244130371093750000e+03
3.258935302734375000e+03
3.226975585937500000e+03
3.191731689453125000e+03
3.225506347656250000e+03
3.222770751953125000e+03
3.254171630859375000e+03
3.216242187500000000e+03
3.208801513671875000e+03
3.187548339843750000e+03
3.179849853515625000e+03
3.173495849609375000e+03
3.174538085937500000e+03
3.163188964843750000e+03
3.135395019531250000e+03
3.152710205078125000e+03
3.140714599609375000e+03
3.143362548828125000e+03
3.139165283203125000e+03
3.127943603515625000e+03
3.128145019531250000e+03
3.132437255859375000e+03
3.150398681640625000e+03
3.139841064453125000e+03
3.111792236328125000e+03
3.132919677734375000e+03
3.145971191406250000e+03
3.113794921875000000e+03
3.113945068359375000e+03
3.118458007812500000e+03
3.089302246093750000e+03
3.092886230468750000e+03
3.066220703125000000e+03
3.044224853515625000e+03
3.042473876953125000e+03
3.064923583984375000e+03
3.072500000000000000e+03
3.155401611328125000e+03
3.229191650390625000e+03
3.305128906250000000e+03
3.231406982421875000e+03
3.098805419921875000e+03
3.007223876953125000e+03
3.070212646484375000e+03
3.163787597656250000e+03
3.155655517578125000e+03
3.034626708984375000e+03
3.002874267578125000e+03
2.998892333984375000e+03
3.040729248046875000e+03
3.019601562500000000e+03
3.024649658203125000e+03
2.974596191406250000e+03
2.974026855468750000e+03
2.973158691406250000e+03
3.011254638671875000e+03
3.015003906250000000e+03
2.981949951171875000e+03
2.951612304687500000e+03
2.943410888671875000e+03
2.925194580078125000e+03
2.933651367187500000e+03
2.946792236328125000e+03
2.942933593750000000e+03
2.929220214843750000e+03
2.920997070312500000e+03
2.892803710937500000e+03
2.912135009765625000e+03
2.902396240234375000e+03
2.882114257812500000e+03
2.897527587890625000e+03
2.898312988281250000e+03
2.905887207031250000e+03
2.905344726562500000e+03
2.891992919921875000e+03
2.927714599609375000e+03
2.922477294921875000e+03
2.907236572265625000e+03
2.886283935546875000e+03
2.875062255859375000e+03
2.864177734375000000e+03
2.855354980468750000e+03
2.852639892578125000e+03
2.866981201171875000e+03
2.890961914062500000e+03
2.922674560546875000e+03
2.926703857421875000e+03
2.939091552734375000e+03
2.902298583984375000e+03
2.871967285156250000e+03
2.829702880859375000e+03
2.827476318359375000e+03
2.810833007812500000e+03
2.808160644531250000e+03
2.800115722656250000e+03
2.821867675781250000e+03
2.825671386718750000e+03
2.797708740234375000e+03
2.818530029296875000e+03
2.803104248046875000e+03
2.781183349609375000e+03
2.790163085937500000e+03
2.758700195312500000e+03
2.760274902343750000e+03
2.765060546875000000e+03
2.764141113281250000e+03
2.798657958984375000e+03
2.826140625000000000e+03
2.858055908203125000e+03
2.911806396484375000e+03
2.881216064453125000e+03
2.824662597656250000e+03
2.771432861328125000e+03
2.719295410156250000e+03
2.743652343750000000e+03
2.777102783203125000e+03
2.831572265625000000e+03
2.806394531250000000e+03
2.751242187500000000e+03
2.715018798828125000e+03
2.707954345703125000e+03
2.697484863281250000e+03
2.710573242187500000e+03
2.694651367187500000e+03
2.741514404296875000e+03
2.734609863281250000e+03
2.720301025390625000e+03
2.731211914062500000e+03
2.697117919921875000e+03
2.669064208984375000e+03
2.657418212890625000e+03
2.645188232421875000e+03
2.671837402343750000e+03
2.709132568359375000e+03
2.771365722656250000e+03
2.803238037109375000e+03
2.828703857421875000e+03
2.802952880859375000e+03
2.774982421875000000e+03
2.737336914062500000e+03
2.663078857421875000e+03
2.615006591796875000e+03
2.647674072265625000e+03
2.689413330078125000e+03
2.692857666015625000e+03
2.698322265625000000e+03
2.667317871093750000e+03
2.623247558593750000e+03
2.622738037109375000e+03
2.596858886718750000e+03
2.600750244140625000e+03
2.610056396484375000e+03
2.598023437500000000e+03
2.622803710937500000e+03
2.641477294921875000e+03
2.632430419921875000e+03
2.605997070312500000e+03
2.582774658203125000e+03
2.577637939453125000e+03
2.568075195312500000e+03
2.571002441406250000e+03
2.561997070312500000e+03
2.573739257812500000e+03
2.620309082031250000e+03
2.651217285156250000e+03
2.651892089843750000e+03
2.633396728515625000e+03
2.604698242187500000e+03
2.599840087890625000e+03
2.599054199218750000e+03
2.569541015625000000e+03
2.522765136718750000e+03
2.541646240234375000e+03
2.506956054687500000e+03
2.509957519531250000e+03
2.517088378906250000e+03
2.497925537109375000e+03
2.505243408203125000e+03
2.508184082031250000e+03
2.520264404296875000e+03
2.492440185546875000e+03
2.493130126953125000e+03
2.486167724609375000e+03
2.515796875000000000e+03
2.541214843750000000e+03
2.563926269531250000e+03
2.636817382812500000e+03
2.718684814453125000e+03
2.811763671875000000e+03
2.800341064453125000e+03
2.716759033203125000e+03
2.538396240234375000e+03
2.478782226562500000e+03
2.486752685546875000e+03
2.564135253906250000e+03
2.609604248046875000e+03
2.596570068359375000e+03
2.563397705078125000e+03
2.496095703125000000e+03
2.449989257812500000e+03
2.433434082031250000e+03
2.434979248046875000e+03
2.431254150390625000e+03
2.418162109375000000e+03
2.447018066406250000e+03
2.481216064453125000e+03
2.571433593750000000e+03
2.614673583984375000e+03
2.576718261718750000e+03
2.482870605468750000e+03
2.417314453125000000e+03
2.417971923828125000e+03
2.457738769531250000e+03
2.535939208984375000e+03
2.579316406250000000e+03
2.567914306640625000e+03
2.482465820312500000e+03
2.432032470703125000e+03
2.382381591796875000e+03
2.399574218750000000e+03
2.443959716796875000e+03
2.497138916015625000e+03
2.516466064453125000e+03
2.497777343750000000e+03
2.431557373046875000e+03
2.383772216796875000e+03
2.353276367187500000e+03
2.376668701171875000e+03
2.409394775390625000e+03
2.419934082031250000e+03
2.362755859375000000e+03
2.357433593750000000e+03
2.341300537109375000e+03
2.337266845703125000e+03
2.345570068359375000e+03
2.369800781250000000e+03
2.365798828125000000e+03
2.387767089843750000e+03
2.381115966796875000e+03
2.378513671875000000e+03
2.330432373046875000e+03
2.314241455078125000e+03
2.324177734375000000e+03
2.302611572265625000e+03
2.305572753906250000e+03
2.337832031250000000e+03
2.331970214843750000e+03
2.344034912109375000e+03
2.348009765625000000e+03
2.336837402343750000e+03
2.316860351562500000e+03
2.308662597656250000e+03
2.289166503906250000e+03
2.278547607421875000e+03
2.279442382812500000e+03
2.281424560546875000e+03
2.261370849609375000e+03
2.275371337890625000e+03
2.274760009765625000e+03
2.246692871093750000e+03
2.282231933593750000e+03
2.290128906250000000e+03
2.298622802734375000e+03
2.295771728515625000e+03
2.345901367187500000e+03
2.359408691406250000e+03
2.441561035156250000e+03
2.492319824218750000e+03
2.537236572265625000e+03
2.472179931640625000e+03
2.437000976562500000e+03
2.304077880859375000e+03
2.250763427734375000e+03
2.233574951171875000e+03
2.264439941406250000e+03
2.313642089843750000e+03
2.399959228515625000e+03
2.472177734375000000e+03
2.443652587890625000e+03
2.379604736328125000e+03
2.271652832031250000e+03
2.207116699218750000e+03
2.206867919921875000e+03
2.247324707031250000e+03
2.333641113281250000e+03
2.414589355468750000e+03
2.450673095703125000e+03
2.390522949218750000e+03
2.312806884765625000e+03
2.218842041015625000e+03
2.180084228515625000e+03
2.186354248046875000e+03
2.218614013671875000e+03
2.243669921875000000e+03
2.254202148437500000e+03
2.234136962890625000e+03
2.229041992187500000e+03
2.193230224609375000e+03
2.164065429687500000e+03
2.150054443359375000e+03
2.161255371093750000e+03
2.168656250000000000e+03
2.202260742187500000e+03
2.238428222656250000e+03
2.243145996093750000e+03
2.230548339843750000e+03
2.231591308593750000e+03
2.189239501953125000e+03
2.157290527343750000e+03
2.145301269531250000e+03
2.117652587890625000e+03
2.145385498046875000e+03
2.151680908203125000e+03
2.193318115234375000e+03
2.247743896484375000e+03
2.333277099609375000e+03
2.399678710937500000e+03
2.359811523437500000e+03
2.235073730468750000e+03
2.157263183593750000e+03
2.121989013671875000e+03
2.133044921875000000e+03
2.178156738281250000e+03
2.202197998046875000e+03
2.220973388671875000e+03
2.248554931640625000e+03
2.204441162109375000e+03
2.189116210937500000e+03
2.198586669921875000e+03
2.162863037109375000e+03
2.161341796875000000e+03
2.108374023437500000e+03
2.090857177734375000e+03
2.088886962890625000e+03
2.083344238281250000e+03
2.099729003906250000e+03
2.101974853515625000e+03
2.164879882812500000e+03
2.192297363281250000e+03
2.272927246093750000e+03
2.292487548828125000e+03
2.243560058593750000e+03
2.164329345703125000e+03
2.099842285156250000e+03
2.059151611328125000e+03
2.063759033203125000e+03
2.097004394531250000e+03
2.111299072265625000e+03
2.125925292968750000e+03
2.134476074218750000e+03
2.167627929687500000e+03
2.195259033203125000e+03
2.192819091796875000e+03
2.140613281250000000e+03
2.101487792968750000e+03
2.041100463867187500e+03
2.023829833984375000e+03
2.045218872070312500e+03
2.061687744140625000e+03
2.100306396484375000e+03
2.149134765625000000e+03
2.191949218750000000e+03
2.193784667968750000e+03
2.173800781250000000e+03
2.105479736328125000e+03
2.069500000000000000e+03
2.030698974609375000e+03
2.013881103515625000e+03
2.002314331054687500e+03
2.017952148437500000e+03
2.031383178710937500e+03
2.074231689453125000e+03
2.151592041015625000e+03
2.192967285156250000e+03
2.169068603515625000e+03
2.118584716796875000e+03
2.067996093750000000e+03
2.011716796875000000e+03
1.977253662109375000e+03
1.991271606445312500e+03
2.010867431640625000e+03
2.052982421875000000e+03
2.060793945312500000e+03
2.086636718750000000e+03
2.060187744140625000e+03
2.076102539062500000e+03
2.050406738281250000e+03
2.030215332031250000e+03
2.002607421875000000e+03
1.982136962890625000e+03
1.949062255859375000e+03
1.946792480468750000e+03
1.983950317382812500e+03
2.041440673828125000e+03
2.151433593750000000e+03
2.225377197265625000e+03
2.162731689453125000e+03
2.056036376953125000e+03
1.991964965820312500e+03
1.931254760742187500e+03
1.952513305664062500e+03
1.957372436523437500e+03
1.992411987304687500e+03
2.033076293945312500e+03
2.050113525390625000e+03
2.076936279296875000e+03
2.075138916015625000e+03
2.045808471679687500e+03
2.011136108398437500e+03
1.981746459960937500e+03
1.933231201171875000e+03
1.920817016601562500e+03
1.906665527343750000e+03
1.913715820312500000e+03
1.906199707031250000e+03
1.902417602539062500e+03
1.904842285156250000e+03
1.950821533203125000e+03
2.038554687500000000e+03
2.142518798828125000e+03
2.217275390625000000e+03
2.140686279296875000e+03
2.025400268554687500e+03
1.921474487304687500e+03
1.889290039062500000e+03
1.918577514648437500e+03
1.969380004882812500e+03
2.048622070312500000e+03
2.107772216796875000e+03
2.064716064453125000e+03
1.987711669921875000e+03
1.916273193359375000e+03
1.887633789062500000e+03
1.867722167968750000e+03
1.859789184570312500e+03
1.864818969726562500e+03
1.885642822265625000e+03
1.895511108398437500e+03
1.954926635742187500e+03
2.012129516601562500e+03
2.085347900390625000e+03
2.072537109375000000e+03
2.037013793945312500e+03
1.964356811523437500e+03
1.905208862304687500e+03
1.847116455078125000e+03
1.840937622070312500e+03
1.856324462890625000e+03
1.876880615234375000e+03
1.927862426757812500e+03
1.967186767578125000e+03
2.014194702148437500e+03
2.060316406250000000e+03
2.016233520507812500e+03
1.941674926757812500e+03
1.897189086914062500e+03
1.834842651367187500e+03
1.826385864257812500e+03
1.838894531250000000e+03
1.854614013671875000e+03
1.929743652343750000e+03
2.014402343750000000e+03
2.025063964843750000e+03
2.019243286132812500e+03
1.946533691406250000e+03
1.870116943359375000e+03
1.844214355468750000e+03
1.814925537109375000e+03
1.809467773437500000e+03
1.791434448242187500e+03
1.783439941406250000e+03
1.806919189453125000e+03
1.792539428710937500e+03
1.809257934570312500e+03
1.835752807617187500e+03
1.942833496093750000e+03
2.083215087890625000e+03
2.152087158203125000e+03
2.035645141601562500e+03
1.916707641601562500e+03
1.808958984375000000e+03
1.786912841796875000e+03
1.814224975585937500e+03
1.879037841796875000e+03
1.957556030273437500e+03
2.003075927734375000e+03
1.947767333984375000e+03
1.914600463867187500e+03
1.865801269531250000e+03
1.799842651367187500e+03
1.790476318359375000e+03
1.760247192382812500e+03
1.769377319335937500e+03
1.763752197265625000e+03
1.755295776367187500e+03
1.749029785156250000e+03
1.765050781250000000e+03
1.832089965820312500e+03
1.975995849609375000e+03
2.105127197265625000e+03
2.098595947265625000e+03
1.902635009765625000e+03
1.779764282226562500e+03
1.745817504882812500e+03
1.763870849609375000e+03
1.822034301757812500e+03
1.914617797851562500e+03
1.947108520507812500e+03
1.898440185546875000e+03
1.825788330078125000e+03
1.770785522460937500e+03
1.743348144531250000e+03
1.735365844726562500e+03
1.707088500976562500e+03
1.725778686523437500e+03
1.735664428710937500e+03
1.738057617187500000e+03
1.808546142578125000e+03
1.956036865234375000e+03
2.048910400390625000e+03
2.020756469726562500e+03
1.882946533203125000e+03
1.762367187500000000e+03
1.703388671875000000e+03
1.711399536132812500e+03
1.729433837890625000e+03
1.794257934570312500e+03
1.841661987304687500e+03
1.891238525390625000e+03
1.888040161132812500e+03
1.846750366210937500e+03
1.769794921875000000e+03
1.718526123046875000e+03
1.698587036132812500e+03
1.680116943359375000e+03
1.693878662109375000e+03
1.691148803710937500e+03
1.692859985351562500e+03
1.736827758789062500e+03
1.800548339843750000e+03
1.909407592773437500e+03
1.987766845703125000e+03
1.933687500000000000e+03
1.801000854492187500e+03
1.702672851562500000e+03
1.677263305664062500e+03
