1.129880390625000000e+05
1.131026640625000000e+05
1.130643281250000000e+05
1.130992421875000000e+05
1.130507421875000000e+05
1.132263984375000000e+05
1.133128515625000000e+05
1.131463593750000000e+05
1.130388671875000000e+05
1.131161015625000000e+05
1.129560703125000000e+05
1.131241875000000000e+05
1.129942031250000000e+05
1.131044140625000000e+05
1.128913671875000000e+05
1.130900546875000000e+05
1.130411406250000000e+05
1.131103125000000000e+05
1.132609140625000000e+05
1.131885625000000000e+05
1.130488437500000000e+05
1.129275859375000000e+05
1.131211406250000000e+05
1.131420546875000000e+05
1.134843750000000000e+05
1.131312500000000000e+05
1.129529765625000000e+05
1.135235078125000000e+05
1.129236718750000000e+05
1.129645000000000000e+05
1.132507968750000000e+05
1.132645312500000000e+05
1.129780781250000000e+05
1.130582421875000000e+05
1.131330625000000000e+05
1.132046718750000000e+05
1.131600703125000000e+05
1.132311484375000000e+05
1.130991015625000000e+05
1.131784609375000000e+05
1.130661328125000000e+05
1.131300390625000000e+05
1.131603593750000000e+05
1.133255781250000000e+05
1.131938125000000000e+05
1.129033281250000000e+05
1.132063906250000000e+05
1.133543750000000000e+05
1.128830781250000000e+05
1.131717890625000000e+05
1.133700156250000000e+05
1.130856093750000000e+05
1.132426875000000000e+05
1.132424218750000000e+05
1.132836718750000000e+05
1.128289609375000000e+05
1.132268437500000000e+05
1.129643281250000000e+05
1.134542265625000000e+05
1.132305156250000000e+05
1.128330937500000000e+05
1.130967968750000000e+05
1.130280859375000000e+05
1.133237343750000000e+05
1.129217343750000000e+05
1.131216406250000000e+05
1.131872187500000000e+05
1.131807656250000000e+05
1.130563906250000000e+05
1.131463984375000000e+05
1.131637968750000000e+05
1.131256171875000000e+05
1.130309765625000000e+05
1.132679531250000000e+05
1.134186796875000000e+05
1.132305156250000000e+05
1.132143671875000000e+05
1.129261953125000000e+05
1.133023750000000000e+05
1.134308125000000000e+05
1.133437734375000000e+05
1.132735859375000000e+05
1.132166250000000000e+05
1.133639765625000000e+05
1.130373671875000000e+05
1.130019921875000000e+05
1.132084140625000000e+05
1.135302187500000000e+05
1.132093125000000000e+05
1.131063437500000000e+05
1.130631250000000000e+05
1.131480859375000000e+05
1.130484140625000000e+05
1.127879140625000000e+05
1.131609140625000000e+05
1.128349531250000000e+05
1.130599218750000000e+05
1.131265468750000000e+05
1.131972031250000000e+05
1.130445625000000000e+05
1.131803593750000000e+05
1.132682734375000000e+05
1.132965937500000000e+05
1.133310781250000000e+05
1.131276718750000000e+05
1.130115078125000000e+05
1.132870625000000000e+05
1.130431171875000000e+05
1.129892343750000000e+05
1.131447656250000000e+05
1.132657031250000000e+05
1.129883437500000000e+05
1.133451093750000000e+05
1.133106953125000000e+05
1.132047968750000000e+05
1.132101250000000000e+05
1.130320937500000000e+05
1.131791250000000000e+05
1.131598359375000000e+05
1.131776718750000000e+05
1.129587187500000000e+05
1.131450468750000000e+05
1.131702265625000000e+05
1.130522031250000000e+05
1.130995078125000000e+05
1.130067109375000000e+05
1.131785625000000000e+05
1.131865781250000000e+05
1.132622500000000000e+05
1.131841484375000000e+05
1.132709453125000000e+05
1.132274531250000000e+05
1.128763046875000000e+05
1.132270312500000000e+05
1.132171796875000000e+05
1.132202890625000000e+05
1.130793906250000000e+05
1.131272109375000000e+05
1.130306406250000000e+05
1.131056093750000000e+05
1.131899218750000000e+05
1.131096718750000000e+05
1.132564218750000000e+05
1.130153515625000000e+05
1.130432421875000000e+05
1.132327656250000000e+05
1.130666328125000000e+05
1.132196171875000000e+05
1.130696718750000000e+05
1.130809375000000000e+05
1.130536015625000000e+05
1.130230312500000000e+05
1.128924609375000000e+05
1.130662812500000000e+05
1.132146562500000000e+05
1.131473515625000000e+05
1.131907968750000000e+05
1.133159453125000000e+05
1.132480625000000000e+05
1.131717343750000000e+05
1.130571484375000000e+05
1.131036171875000000e+05
1.129522890625000000e+05
1.129279765625000000e+05
1.133023359375000000e+05
1.130947265625000000e+05
1.131521171875000000e+05
1.131999375000000000e+05
1.131927812500000000e+05
1.129985625000000000e+05
1.132775312500000000e+05
1.130015312500000000e+05
1.130789453125000000e+05
1.130402968750000000e+05
1.131759765625000000e+05
1.131465078125000000e+05
1.132170312500000000e+05
1.132341640625000000e+05
1.132683515625000000e+05
1.134653828125000000e+05
1.129418203125000000e+05
1.132987500000000000e+05
1.129126406250000000e+05
1.135002265625000000e+05
1.131189531250000000e+05
1.131685937500000000e+05
1.131597734375000000e+05
1.132832343750000000e+05
1.131584062500000000e+05
1.133669453125000000e+05
1.132256406250000000e+05
1.129981328125000000e+05
1.131515859375000000e+05
1.129649765625000000e+05
1.132420546875000000e+05
1.129260156250000000e+05
1.131807578125000000e+05
1.131749218750000000e+05
1.132308984375000000e+05
1.131864921875000000e+05
1.131397968750000000e+05
1.132564921875000000e+05
1.133322734375000000e+05
1.131579375000000000e+05
1.131439531250000000e+05
1.132004765625000000e+05
1.131004218750000000e+05
1.131290781250000000e+05
1.129238671875000000e+05
1.133080625000000000e+05
1.129069843750000000e+05
1.131275078125000000e+05
1.129145390625000000e+05
1.128239375000000000e+05
1.130423593750000000e+05
1.132780703125000000e+05
1.132752656250000000e+05
1.131453359375000000e+05
1.132042968750000000e+05
1.131844218750000000e+05
1.131576484375000000e+05
1.130694062500000000e+05
1.133798281250000000e+05
1.131969375000000000e+05
1.132910000000000000e+05
1.131553046875000000e+05
1.132808437500000000e+05
1.130051406250000000e+05
1.132244140625000000e+05
1.131055781250000000e+05
1.130703125000000000e+05
1.128025078125000000e+05
1.130973984375000000e+05
1.130620390625000000e+05
1.132504765625000000e+05
1.130903203125000000e+05
1.130411718750000000e+05
1.129808750000000000e+05
1.130475078125000000e+05
1.131723203125000000e+05
1.131077187500000000e+05
1.128388750000000000e+05
1.130037187500000000e+05
1.132290000000000000e+05
1.131537578125000000e+05
1.132836796875000000e+05
1.130814609375000000e+05
1.130939296875000000e+05
1.130194843750000000e+05
1.131714453125000000e+05
1.132539687500000000e+05
1.131677656250000000e+05
1.131438593750000000e+05
1.130656171875000000e+05
1.131970156250000000e+05
1.131907500000000000e+05
1.130226640625000000e+05
1.131083593750000000e+05
1.132550078125000000e+05
1.132564218750000000e+05
1.129577656250000000e+05
1.129842968750000000e+05
1.131109218750000000e+05
1.131837421875000000e+05
1.131085625000000000e+05
1.130850234375000000e+05
1.130838671875000000e+05
1.130936406250000000e+05
1.132084375000000000e+05
1.131011796875000000e+05
1.132334531250000000e+05
1.128879140625000000e+05
1.130846250000000000e+05
1.131033515625000000e+05
1.129781250000000000e+05
1.132785703125000000e+05
1.130157187500000000e+05
1.133216953125000000e+05
1.133703906250000000e+05
1.132533984375000000e+05
1.130582890625000000e+05
1.130507187500000000e+05
1.131837187500000000e+05
1.132294843750000000e+05
1.131422031250000000e+05
1.133565781250000000e+05
1.132221562500000000e+05
1.133174843750000000e+05
1.131969296875000000e+05
1.131107734375000000e+05
1.130135312500000000e+05
1.133191328125000000e+05
1.133462734375000000e+05
1.132193984375000000e+05
1.131138125000000000e+05
1.132823437500000000e+05
1.131117031250000000e+05
1.131724062500000000e+05
1.132133437500000000e+05
1.130352968750000000e+05
1.129935781250000000e+05
1.134457812500000000e+05
1.130217187500000000e+05
1.132425703125000000e+05
1.130021875000000000e+05
1.132136484375000000e+05
1.132694062500000000e+05
1.131955078125000000e+05
1.131795000000000000e+05
1.132907812500000000e+05
1.131512656250000000e+05
1.131110625000000000e+05
1.132264218750000000e+05
1.129360703125000000e+05
1.129945781250000000e+05
1.131294062500000000e+05
1.134547109375000000e+05
1.131042109375000000e+05
1.132179687500000000e+05
1.132379062500000000e+05
1.129287031250000000e+05
1.132631796875000000e+05
1.131001875000000000e+05
1.130794140625000000e+05
1.129469843750000000e+05
1.132444687500000000e+05
1.131098125000000000e+05
1.132252265625000000e+05
1.131159765625000000e+05
1.131448281250000000e+05
1.130147812500000000e+05
1.133117109375000000e+05
1.131325078125000000e+05
1.131867734375000000e+05
1.132443593750000000e+05
1.133266328125000000e+05
1.130529921875000000e+05
1.130157031250000000e+05
1.131418984375000000e+05
1.130419218750000000e+05
1.129196875000000000e+05
1.130447343750000000e+05
1.130396484375000000e+05
1.131702890625000000e+05
1.131401875000000000e+05
1.132841875000000000e+05
1.132165234375000000e+05
1.132800625000000000e+05
1.132807109375000000e+05
1.132675703125000000e+05
1.130646796875000000e+05
1.132077109375000000e+05
1.131454843750000000e+05
1.132017500000000000e+05
1.131764921875000000e+05
1.132468359375000000e+05
1.129587500000000000e+05
1.131286718750000000e+05
1.130604140625000000e+05
1.130784218750000000e+05
1.131806484375000000e+05
1.130818671875000000e+05
1.131183750000000000e+05
1.131987265625000000e+05
1.132237343750000000e+05
1.129848125000000000e+05
1.131302187500000000e+05
1.130859921875000000e+05
1.131167890625000000e+05
1.131975000000000000e+05
1.129604453125000000e+05
1.131007578125000000e+05
1.131758906250000000e+05
1.133366093750000000e+05
1.130775000000000000e+05
1.130308671875000000e+05
1.130922656250000000e+05
1.130603046875000000e+05
1.133191015625000000e+05
1.130761718750000000e+05
1.131002578125000000e+05
1.131614531250000000e+05
1.130150312500000000e+05
1.131965859375000000e+05
1.131690234375000000e+05
1.133263750000000000e+05
1.132102500000000000e+05
1.128610859375000000e+05
1.131119140625000000e+05
1.131587109375000000e+05
1.132327343750000000e+05
1.130523046875000000e+05
1.132127421875000000e+05
1.130585625000000000e+05
1.131818906250000000e+05
1.129369062500000000e+05
1.131649296875000000e+05
1.128948437500000000e+05
1.133608828125000000e+05
1.132062890625000000e+05
1.130499609375000000e+05
1.132355859375000000e+05
1.131298203125000000e+05
1.132074765625000000e+05
1.130670156250000000e+05
1.133215546875000000e+05
1.131122343750000000e+05
1.133353046875000000e+05
1.132134921875000000e+05
1.129887890625000000e+05
1.132337265625000000e+05
1.129735234375000000e+05
1.132704609375000000e+05
1.131284609375000000e+05
1.129077343750000000e+05
1.129950468750000000e+05
1.131545156250000000e+05
1.131082734375000000e+05
1.131139062500000000e+05
1.133038671875000000e+05
1.130199140625000000e+05
1.132507968750000000e+05
1.133000078125000000e+05
1.131624921875000000e+05
1.131060859375000000e+05
1.130555390625000000e+05
1.131026406250000000e+05
1.132434531250000000e+05
1.130920937500000000e+05
1.132728437500000000e+05
1.131641484375000000e+05
1.132454921875000000e+05
1.132846484375000000e+05
1.131137812500000000e+05
1.130773437500000000e+05
1.131158046875000000e+05
1.134285312500000000e+05
1.131258515625000000e+05
1.132646171875000000e+05
1.132612031250000000e+05
1.130946875000000000e+05
1.131119531250000000e+05
1.133511484375000000e+05
1.132849921875000000e+05
1.133878046875000000e+05
1.131040312500000000e+05
1.131189531250000000e+05
1.132958671875000000e+05
1.131844687500000000e+05
1.131244921875000000e+05
1.127505937500000000e+05
1.132089921875000000e+05
1.133477734375000000e+05
1.130102812500000000e+05
1.129613515625000000e+05
1.131534375000000000e+05
1.132198593750000000e+05
1.130452109375000000e+05
1.130155156250000000e+05
1.129324375000000000e+05
1.130323515625000000e+05
1.129849687500000000e+05
1.132302031250000000e+05
1.132240390625000000e+05
1.129900234375000000e+05
1.129961875000000000e+05
1.130218984375000000e+05
1.129399531250000000e+05
1.134420546875000000e+05
1.130047656250000000e+05
1.127135546875000000e+05
1.131852265625000000e+05
1.130153359375000000e+05
1.130979062500000000e+05
1.131192109375000000e+05
1.131204765625000000e+05
1.132371953125000000e+05
1.129595546875000000e+05
1.130423046875000000e+05
1.131254531250000000e+05
1.131110000000000000e+05
1.133036484375000000e+05
1.131201875000000000e+05
1.131189453125000000e+05
1.131141406250000000e+05
1.132722890625000000e+05
1.133595000000000000e+05
1.128699218750000000e+05
1.132196484375000000e+05
1.129577500000000000e+05
1.132328281250000000e+05
1.132092890625000000e+05
1.132711953125000000e+05
1.132528515625000000e+05
1.131730859375000000e+05
1.132320937500000000e+05
1.131561171875000000e+05
1.131823203125000000e+05
1.133104453125000000e+05
1.133156328125000000e+05
1.130209062500000000e+05
1.129211640625000000e+05
1.132292968750000000e+05
1.131474843750000000e+05
1.130657343750000000e+05
1.130240703125000000e+05
1.133005546875000000e+05
1.131015859375000000e+05
1.132378437500000000e+05
1.130640312500000000e+05
1.129688281250000000e+05
1.130469843750000000e+05
1.132426406250000000e+05
1.130981406250000000e+05
1.131876015625000000e+05
1.131095000000000000e+05
1.132413203125000000e+05
1.132328281250000000e+05
1.132712656250000000e+05
1.130252265625000000e+05
1.133696328125000000e+05
1.130556250000000000e+05
1.132147421875000000e+05
1.130775703125000000e+05
1.129527343750000000e+05
1.130967890625000000e+05
1.130230781250000000e+05
1.131138750000000000e+05
1.132364140625000000e+05
1.130573984375000000e+05
1.132530312500000000e+05
1.132036562500000000e+05
1.131738906250000000e+05
1.132904531250000000e+05
1.131132890625000000e+05
1.130199140625000000e+05
1.131697343750000000e+05
1.131645078125000000e+05
1.133365781250000000e+05
1.130978046875000000e+05
1.131611484375000000e+05
1.132739609375000000e+05
1.131699375000000000e+05
1.131119531250000000e+05
1.130905625000000000e+05
1.132736484375000000e+05
1.128526718750000000e+05
1.128707578125000000e+05
1.131253359375000000e+05
1.131484375000000000e+05
1.132413828125000000e+05
1.131553671875000000e+05
1.132436015625000000e+05
1.130705703125000000e+05
1.130532500000000000e+05
1.130846796875000000e+05
1.132184921875000000e+05
1.129201250000000000e+05
1.130070703125000000e+05
1.130226406250000000e+05
1.130265781250000000e+05
1.131210156250000000e+05
1.131062812500000000e+05
1.131627812500000000e+05
1.129185156250000000e+05
1.129441406250000000e+05
1.130461718750000000e+05
1.132802343750000000e+05
1.130227968750000000e+05
1.130521875000000000e+05
1.129774062500000000e+05
1.131751562500000000e+05
1.132971093750000000e+05
1.132778906250000000e+05
1.130120703125000000e+05
1.131103046875000000e+05
1.131803437500000000e+05
1.131283046875000000e+05
1.130054843750000000e+05
1.132262265625000000e+05
1.129817812500000000e+05
1.130197421875000000e+05
1.131276796875000000e+05
1.133011640625000000e+05
1.132072968750000000e+05
1.128870781250000000e+05
1.133365625000000000e+05
1.131248125000000000e+05
1.131827421875000000e+05
1.131661250000000000e+05
1.131607343750000000e+05
1.131124609375000000e+05
1.132426640625000000e+05
1.132656718750000000e+05
1.130141093750000000e+05
1.130152421875000000e+05
1.129292343750000000e+05
1.128985703125000000e+05
1.130257500000000000e+05
1.128575156250000000e+05
1.130561406250000000e+05
1.130195859375000000e+05
1.130349609375000000e+05
1.133084375000000000e+05
1.132993593750000000e+05
1.129860468750000000e+05
1.132808281250000000e+05
1.131292812500000000e+05
1.131089921875000000e+05
1.130901250000000000e+05
1.131866953125000000e+05
1.130389531250000000e+05
1.131279843750000000e+05
1.131258906250000000e+05
1.129337578125000000e+05
1.132574843750000000e+05
1.131556484375000000e+05
1.133896328125000000e+05
1.131598359375000000e+05
1.131838281250000000e+05
1.132046250000000000e+05
1.131565546875000000e+05
1.132113671875000000e+05
1.130881015625000000e+05
1.133216171875000000e+05
1.130989843750000000e+05
1.130866093750000000e+05
1.132871250000000000e+05
1.130416015625000000e+05
1.131929296875000000e+05
1.131421093750000000e+05
1.131382031250000000e+05
1.131891640625000000e+05
1.130770000000000000e+05
1.130775859375000000e+05
1.131288281250000000e+05
1.130183046875000000e+05
1.132190625000000000e+05
1.129969609375000000e+05
1.130866875000000000e+05
1.132959140625000000e+05
1.133283593750000000e+05
1.132285390625000000e+05
1.131920703125000000e+05
1.131117421875000000e+05
1.131537578125000000e+05
1.131610546875000000e+05
1.130288437500000000e+05
1.130825703125000000e+05
1.129725390625000000e+05
1.130897265625000000e+05
1.131577578125000000e+05
1.132270390625000000e+05
1.130911171875000000e+05
1.131163046875000000e+05
1.129871953125000000e+05
1.131450546875000000e+05
1.130635156250000000e+05
1.130660546875000000e+05
1.132606718750000000e+05
1.132949140625000000e+05
1.130485859375000000e+05
1.133849921875000000e+05
1.130958515625000000e+05
1.129843046875000000e+05
1.131403515625000000e+05
1.131335703125000000e+05
1.131579375000000000e+05
1.132919140625000000e+05
1.131953359375000000e+05
1.131677187500000000e+05
1.131369453125000000e+05
1.131784765625000000e+05
1.131475625000000000e+05
1.131060390625000000e+05
1.131380390625000000e+05
1.131739921875000000e+05
1.132722265625000000e+05
1.132260468750000000e+05
1.132452500000000000e+05
1.131115937500000000e+05
1.132780234375000000e+05
1.131573437500000000e+05
1.133006953125000000e+05
1.130593281250000000e+05
1.133766796875000000e+05
1.131667109375000000e+05
1.131995859375000000e+05
1.131900234375000000e+05
1.133299218750000000e+05
1.129447109375000000e+05
1.130609140625000000e+05
1.131906875000000000e+05
1.128825078125000000e+05
1.130272812500000000e+05
1.130321406250000000e+05
1.131005781250000000e+05
1.130825781250000000e+05
1.131576953125000000e+05
1.132793125000000000e+05
1.132460234375000000e+05
1.130696015625000000e+05
1.131142187500000000e+05
1.129088515625000000e+05
1.132457343750000000e+05
1.131569375000000000e+05
1.132458046875000000e+05
1.131370468750000000e+05
1.131978359375000000e+05
1.131685390625000000e+05
1.131415546875000000e+05
1.131788984375000000e+05
1.132287656250000000e+05
1.129432109375000000e+05
1.130487968750000000e+05
1.129895234375000000e+05
1.130412578125000000e+05
1.129001406250000000e+05
1.132918046875000000e+05
1.129460546875000000e+05
1.133192812500000000e+05
1.130378437500000000e+05
1.132283906250000000e+05
1.131951484375000000e+05
1.132659296875000000e+05
1.129534531250000000e+05
1.131748125000000000e+05
1.132658437500000000e+05
1.131156718750000000e+05
1.131562031250000000e+05
1.132480546875000000e+05
1.130648281250000000e+05
1.131826640625000000e+05
1.131998046875000000e+05
1.132252343750000000e+05
1.129918359375000000e+05
1.133143984375000000e+05
1.130248593750000000e+05
1.132011171875000000e+05
1.132898671875000000e+05
1.131701640625000000e+05
1.132784765625000000e+05
1.131603203125000000e+05
1.129219921875000000e+05
1.132331484375000000e+05
1.131108359375000000e+05
1.127438593750000000e+05
1.129969921875000000e+05
1.131120546875000000e+05
1.131317968750000000e+05
1.134943437500000000e+05
1.130048750000000000e+05
1.130669531250000000e+05
1.130687265625000000e+05
1.131415546875000000e+05
1.129517890625000000e+05
1.131099921875000000e+05
1.129797109375000000e+05
1.130238906250000000e+05
1.129457890625000000e+05
1.131718359375000000e+05
1.132634218750000000e+05
1.131001015625000000e+05
1.129267265625000000e+05
1.131252265625000000e+05
1.131805625000000000e+05
1.130159765625000000e+05
1.133263750000000000e+05
1.132371171875000000e+05
1.132268906250000000e+05
1.132739531250000000e+05
1.131754843750000000e+05
1.130665234375000000e+05
1.130206093750000000e+05
1.134567578125000000e+05
1.133888203125000000e+05
1.131037109375000000e+05
1.131075859375000000e+05
1.132855312500000000e+05
1.133267187500000000e+05
1.131089687500000000e+05
1.130351171875000000e+05
1.131426640625000000e+05
1.131403281250000000e+05
1.131980703125000000e+05
1.129533671875000000e+05
1.133566562500000000e+05
1.131574296875000000e+05
1.132486406250000000e+05
1.130923906250000000e+05
1.131512812500000000e+05
1.131370000000000000e+05
1.131294531250000000e+05
1.128846796875000000e+05
1.131685234375000000e+05
1.132426796875000000e+05
1.131864531250000000e+05
1.132981015625000000e+05
1.133406796875000000e+05
1.131965859375000000e+05
1.130814531250000000e+05
1.131773359375000000e+05
1.131648593750000000e+05
1.132227187500000000e+05
1.127666093750000000e+05
1.130914140625000000e+05
1.131547812500000000e+05
1.129249296875000000e+05
1.132434531250000000e+05
1.131440937500000000e+05
1.129797109375000000e+05
1.130076562500000000e+05
1.131296093750000000e+05
1.130890312500000000e+05
1.129930625000000000e+05
1.128889609375000000e+05
1.131558593750000000e+05
1.130247109375000000e+05
1.129212109375000000e+05
1.132428906250000000e+05
1.131256640625000000e+05
1.129637343750000000e+05
1.132214687500000000e+05
1.131364140625000000e+05
1.129234843750000000e+05
1.130337890625000000e+05
1.131756718750000000e+05
1.129312734375000000e+05
1.131325234375000000e+05
1.131056718750000000e+05
1.132677109375000000e+05
1.128713125000000000e+05
1.131327578125000000e+05
1.133031484375000000e+05
1.131327343750000000e+05
1.129906875000000000e+05
1.128521875000000000e+05
1.132007109375000000e+05
1.129955390625000000e+05
1.131035703125000000e+05
1.131086796875000000e+05
1.130562031250000000e+05
1.131593906250000000e+05
1.132518281250000000e+05
1.132521015625000000e+05
1.131185468750000000e+05
1.131477031250000000e+05
1.132473671875000000e+05
1.132329296875000000e+05
1.132039140625000000e+05
1.130728750000000000e+05
1.131254296875000000e+05
1.133520703125000000e+05
1.132126953125000000e+05
1.133872734375000000e+05
1.128587968750000000e+05
1.131717187500000000e+05
1.129528515625000000e+05
1.131184296875000000e+05
1.131259375000000000e+05
1.134357031250000000e+05
1.133208515625000000e+05
1.129705234375000000e+05
1.132176015625000000e+05
1.131247812500000000e+05
1.133138750000000000e+05
1.131635156250000000e+05
1.133318671875000000e+05
1.130910000000000000e+05
1.131331093750000000e+05
1.130096093750000000e+05
1.130969453125000000e+05
1.131730937500000000e+05
1.130147500000000000e+05
1.132665468750000000e+05
1.133810156250000000e+05
1.132391796875000000e+05
1.133731406250000000e+05
1.131888828125000000e+05
1.132421640625000000e+05
1.132528593750000000e+05
1.131287265625000000e+05
1.132466093750000000e+05
1.131601484375000000e+05
1.132676328125000000e+05
1.131157031250000000e+05
1.133020078125000000e+05
1.130768984375000000e+05
1.129496875000000000e+05
1.134124687500000000e+05
1.132967109375000000e+05
1.131049296875000000e+05
1.130429140625000000e+05
1.131672656250000000e+05
1.131215468750000000e+05
1.133540156250000000e+05
1.130293125000000000e+05
1.130907500000000000e+05
1.131669765625000000e+05
1.131368593750000000e+05
1.130814375000000000e+05
1.131893828125000000e+05
1.131234218750000000e+05
1.130914140625000000e+05
1.129428281250000000e+05
1.129583593750000000e+05
1.130718359375000000e+05
1.131259218750000000e+05
1.132744609375000000e+05
1.130217343750000000e+05
1.131627187500000000e+05
1.132790468750000000e+05
1.131632187500000000e+05
1.129957031250000000e+05
1.130550781250000000e+05
1.131058359375000000e+05
1.130913671875000000e+05
1.128197968750000000e+05
1.132872343750000000e+05
1.130602031250000000e+05
1.130430703125000000e+05
1.132234843750000000e+05
1.131927421875000000e+05
1.132192656250000000e+05
1.131686250000000000e+05
1.129674140625000000e+05
1.131265078125000000e+05
1.131499921875000000e+05
1.130869453125000000e+05
1.133975781250000000e+05
1.130266796875000000e+05
1.130110937500000000e+05
1.131949453125000000e+05
1.135650312500000000e+05
1.131837656250000000e+05
1.130547187500000000e+05
1.133377812500000000e+05
1.130466640625000000e+05
1.132205390625000000e+05
1.132080234375000000e+05
1.132109531250000000e+05
1.134712968750000000e+05
1.131748437500000000e+05
1.128552734375000000e+05
1.130907734375000000e+05
1.129945078125000000e+05
1.130650859375000000e+05
1.132464843750000000e+05
1.132669140625000000e+05
1.131314843750000000e+05
1.131237187500000000e+05
1.131519453125000000e+05
1.131992812500000000e+05
1.131471015625000000e+05
1.128757734375000000e+05
1.130387187500000000e+05
1.132911015625000000e+05
1.131420859375000000e+05
1.132570312500000000e+05
1.133094062500000000e+05
1.129951328125000000e+05
1.133415546875000000e+05
1.130322968750000000e+05
1.132861953125000000e+05
1.131959453125000000e+05
1.128840625000000000e+05
1.130898671875000000e+05
1.131593984375000000e+05
1.131931640625000000e+05
1.130049687500000000e+05
1.130893359375000000e+05
1.129848125000000000e+05
1.130077656250000000e+05
1.129903125000000000e+05
1.129813671875000000e+05
1.131152187500000000e+05
1.131208828125000000e+05
1.130961015625000000e+05
1.132635312500000000e+05
1.132123828125000000e+05
1.131309765625000000e+05
1.131163046875000000e+05
1.129759062500000000e+05
1.131606796875000000e+05
1.132705625000000000e+05
1.130185390625000000e+05
1.132230625000000000e+05
1.130485234375000000e+05
1.132470625000000000e+05
1.132777265625000000e+05
1.129590078125000000e+05
1.129824218750000000e+05
1.132572500000000000e+05
1.130974140625000000e+05
1.130878906250000000e+05
1.133193671875000000e+05
1.130724765625000000e+05
1.132609687500000000e+05
1.132509609375000000e+05
1.131855468750000000e+05
