8.522614843750000000e+04
7.395052343750000000e+04
6.322050781250000000e+04
5.304377734375000000e+04
4.419267187500000000e+04
3.667239453125000000e+04
3.113900585937500000e+04
2.771773632812500000e+04
2.634955468750000000e+04
2.673327148437500000e+04
2.860282812500000000e+04
3.096762304687500000e+04
3.272948437500000000e+04
3.388355859375000000e+04
3.369967578125000000e+04
3.302448828125000000e+04
3.172690625000000000e+04
3.017933398437500000e+04
2.877313867187500000e+04
2.750370898437500000e+04
2.666768164062500000e+04
2.622867187500000000e+04
2.624729882812500000e+04
2.660896679687500000e+04
2.698716992187500000e+04
2.741475195312500000e+04
2.783784960937500000e+04
2.789767382812500000e+04
2.795068945312500000e+04
2.789833007812500000e+04
2.747241015625000000e+04
2.727328710937500000e+04
2.693529882812500000e+04
2.668606835937500000e+04
2.645273242187500000e+04
2.624103710937500000e+04
2.616184960937500000e+04
2.629839257812500000e+04
2.644891210937500000e+04
2.650606640625000000e+04
2.663067968750000000e+04
2.657157031250000000e+04
2.657634179687500000e+04
2.658874414062500000e+04
2.659614062500000000e+04
2.633096289062500000e+04
2.631656054687500000e+04
2.636163671875000000e+04
2.621340234375000000e+04
2.618054687500000000e+04
2.617322851562500000e+04
2.622953906250000000e+04
2.621625585937500000e+04
2.640099218750000000e+04
2.633428320312500000e+04
2.633124804687500000e+04
2.611532031250000000e+04
2.629148437500000000e+04
2.632808007812500000e+04
2.615253906250000000e+04
2.617992968750000000e+04
2.633261328125000000e+04
2.619371875000000000e+04
2.614400781250000000e+04
2.610169531250000000e+04
2.617918164062500000e+04
2.605945117187500000e+04
2.616290039062500000e+04
2.627828320312500000e+04
2.609586718750000000e+04
2.612794726562500000e+04
2.608864453125000000e+04
2.604879492187500000e+04
2.608370898437500000e+04
2.609167187500000000e+04
2.623997656250000000e+04
2.618950976562500000e+04
2.609975195312500000e+04
2.616614062500000000e+04
2.617554882812500000e+04
2.611244726562500000e+04
2.609380468750000000e+04
2.608425781250000000e+04
2.600691406250000000e+04
2.601212500000000000e+04
2.600384765625000000e+04
2.596599609375000000e+04
2.596497070312500000e+04
2.601674023437500000e+04
2.602469335937500000e+04
2.606648437500000000e+04
2.599276562500000000e+04
2.590030468750000000e+04
2.605242578125000000e+04
2.592523437500000000e+04
2.580455468750000000e+04
2.606310937500000000e+04
2.575561132812500000e+04
2.580176171875000000e+04
2.586037304687500000e+04
2.574438867187500000e+04
2.577355078125000000e+04
2.578155468750000000e+04
2.581722851562500000e+04
2.569196679687500000e+04
2.560195898437500000e+04
2.578071679687500000e+04
2.568184765625000000e+04
2.559759375000000000e+04
2.561692968750000000e+04
2.550915625000000000e+04
2.554518945312500000e+04
2.542377539062500000e+04
2.544924023437500000e+04
2.535638085937500000e+04
2.536402929687500000e+04
2.527722851562500000e+04
2.515295703125000000e+04
2.524448242187500000e+04
2.519208007812500000e+04
2.514202148437500000e+04
2.507345117187500000e+04
2.494944726562500000e+04
2.490209375000000000e+04
2.486231445312500000e+04
2.468051367187500000e+04
2.470483789062500000e+04
2.450861132812500000e+04
2.440503515625000000e+04
2.433749804687500000e+04
2.434419726562500000e+04
2.404428710937500000e+04
2.399072851562500000e+04
2.374106445312500000e+04
2.355484960937500000e+04
2.343297851562500000e+04
2.322020703125000000e+04
2.298168945312500000e+04
2.281195703125000000e+04
2.256861523437500000e+04
2.219517968750000000e+04
2.186905859375000000e+04
2.164181054687500000e+04
2.122268359375000000e+04
2.095183789062500000e+04
2.058054882812500000e+04
2.014850585937500000e+04
1.955068945312500000e+04
1.923821484375000000e+04
1.865703515625000000e+04
1.825938476562500000e+04
1.766172070312500000e+04
1.709348046875000000e+04
1.649526171875000000e+04
1.590495410156250000e+04
1.527229492187500000e+04
1.457878613281250000e+04
1.394994238281250000e+04
1.329813574218750000e+04
1.260263183593750000e+04
1.189836230468750000e+04
1.119641894531250000e+04
1.081715234375000000e+04
1.026380761718750000e+04
9.901947265625000000e+03
9.621563476562500000e+03
9.543511718750000000e+03
9.322768554687500000e+03
9.177958984375000000e+03
9.101281250000000000e+03
8.957637695312500000e+03
8.834553710937500000e+03
8.581004882812500000e+03
8.423862304687500000e+03
8.194077148437500000e+03
7.920620117187500000e+03
7.649591308593750000e+03
7.434360351562500000e+03
7.319751953125000000e+03
7.111029785156250000e+03
7.019584472656250000e+03
6.877802734375000000e+03
6.867458496093750000e+03
6.807724121093750000e+03
6.787471191406250000e+03
6.627696777343750000e+03
6.509708007812500000e+03
6.591115234375000000e+03
6.547368164062500000e+03
6.335738769531250000e+03
6.353573730468750000e+03
6.254468750000000000e+03
6.134649902343750000e+03
6.244129394531250000e+03
6.078661132812500000e+03
6.072466796875000000e+03
6.034694824218750000e+03
5.927890136718750000e+03
5.915098632812500000e+03
5.843315429687500000e+03
5.772062500000000000e+03
5.736412597656250000e+03
5.677171875000000000e+03
5.623106445312500000e+03
5.613002441406250000e+03
5.557711425781250000e+03
5.564756835937500000e+03
5.494798339843750000e+03
5.480931152343750000e+03
5.389743164062500000e+03
5.412979492187500000e+03
5.335405273437500000e+03
5.330707519531250000e+03
5.288386230468750000e+03
5.237745605468750000e+03
5.270384765625000000e+03
5.211937011718750000e+03
5.154395507812500000e+03
5.175967773437500000e+03
5.101004394531250000e+03
5.137796386718750000e+03
5.069438476562500000e+03
5.034999023437500000e+03
5.026702148437500000e+03
4.983490722656250000e+03
4.995156738281250000e+03
4.949924804687500000e+03
4.962157226562500000e+03
4.956227050781250000e+03
4.910414062500000000e+03
4.853528320312500000e+03
4.842559082031250000e+03
4.850175781250000000e+03
4.835522460937500000e+03
4.812571777343750000e+03
4.835649414062500000e+03
4.812273437500000000e+03
4.725645507812500000e+03
4.710642578125000000e+03
4.738070312500000000e+03
4.699080566406250000e+03
4.705331542968750000e+03
4.644332031250000000e+03
4.585915527343750000e+03
4.583781250000000000e+03
4.585519531250000000e+03
4.621451171875000000e+03
4.580947753906250000e+03
4.560376464843750000e+03
4.489131347656250000e+03
4.514549316406250000e+03
4.421852050781250000e+03
4.471219726562500000e+03
4.461241210937500000e+03
4.435176269531250000e+03
4.421307128906250000e+03
4.413078125000000000e+03
4.411951660156250000e+03
4.362461425781250000e+03
4.381738281250000000e+03
4.350597656250000000e+03
4.334850097656250000e+03
4.312376464843750000e+03
4.326853515625000000e+03
4.334372070312500000e+03
4.405426757812500000e+03
4.491629394531250000e+03
4.533373046875000000e+03
4.460998046875000000e+03
4.261805175781250000e+03
4.183045898437500000e+03
4.321917968750000000e+03
4.395691406250000000e+03
4.270968750000000000e+03
4.157703613281250000e+03
4.140700195312500000e+03
4.273610351562500000e+03
4.333418457031250000e+03
4.177163085937500000e+03
4.082466552734375000e+03
4.147804199218750000e+03
4.173728515625000000e+03
4.165841796875000000e+03
4.071979736328125000e+03
4.015878173828125000e+03
4.090715576171875000e+03
4.065455566406250000e+03
4.046220214843750000e+03
4.012865966796875000e+03
3.993833740234375000e+03
3.986423583984375000e+03
4.014156250000000000e+03
4.013691650390625000e+03
4.021167968750000000e+03
3.920951171875000000e+03
3.889467041015625000e+03
3.922942871093750000e+03
3.950931396484375000e+03
3.943764892578125000e+03
3.917959228515625000e+03
3.883127929687500000e+03
3.868690917968750000e+03
3.852530029296875000e+03
3.827078857421875000e+03
3.834734375000000000e+03
3.819731201171875000e+03
3.810039306640625000e+03
3.821837646484375000e+03
3.861092285156250000e+03
3.932712402343750000e+03
3.975737304687500000e+03
3.887562744140625000e+03
3.774877929687500000e+03
3.746980224609375000e+03
3.755820556640625000e+03
3.843703857421875000e+03
3.931154052734375000e+03
3.860016601562500000e+03
3.727427978515625000e+03
3.653618408203125000e+03
3.725860595703125000e+03
3.737567382812500000e+03
3.804457031250000000e+03
3.760499511718750000e+03
3.676677001953125000e+03
3.610890625000000000e+03
3.660543701171875000e+03
3.659119628906250000e+03
3.702989257812500000e+03
3.723131591796875000e+03
3.695069335937500000e+03
3.624201904296875000e+03
3.592989257812500000e+03
3.537603027343750000e+03
3.545012695312500000e+03
3.542922851562500000e+03
3.558297363281250000e+03
3.571865966796875000e+03
3.647801513671875000e+03
3.636178955078125000e+03
3.657048583984375000e+03
3.634981201171875000e+03
3.562920654296875000e+03
3.500358886718750000e+03
3.470109375000000000e+03
3.442685058593750000e+03
3.494436279296875000e+03
3.479965576171875000e+03
3.519089355468750000e+03
3.560732177734375000e+03
3.576919677734375000e+03
3.568074707031250000e+03
3.558577392578125000e+03
3.476242187500000000e+03
3.485870361328125000e+03
3.426956542968750000e+03
3.397896728515625000e+03
3.380837646484375000e+03
3.411510986328125000e+03
3.408341308593750000e+03
3.416822998046875000e+03
3.463755859375000000e+03
3.503765869140625000e+03
3.545566406250000000e+03
3.493134277343750000e+03
3.446449218750000000e+03
3.361003662109375000e+03
3.352137695312500000e+03
3.335988281250000000e+03
3.315854003906250000e+03
3.331041015625000000e+03
3.368527587890625000e+03
3.354695068359375000e+03
3.419369873046875000e+03
3.508137207031250000e+03
3.529072998046875000e+03
3.439649414062500000e+03
3.326783935546875000e+03
3.290554199218750000e+03
3.294282714843750000e+03
3.272400634765625000e+03
3.295418701171875000e+03
3.308956054687500000e+03
3.312115722656250000e+03
3.299959960937500000e+03
3.363820068359375000e+03
3.360057617187500000e+03
3.333291259765625000e+03
3.281934082031250000e+03
3.208397705078125000e+03
3.182431640625000000e+03
3.204696533203125000e+03
3.207802978515625000e+03
3.242035644531250000e+03
3.267512695312500000e+03
3.355251708984375000e+03
3.350573974609375000e+03
3.344904052734375000e+03
3.279120361328125000e+03
3.198776611328125000e+03
3.186843994140625000e+03
3.168914550781250000e+03
3.127575683593750000e+03
3.162119873046875000e+03
3.157837402343750000e+03
3.124189208984375000e+03
3.161853515625000000e+03
3.154544921875000000e+03
3.189920654296875000e+03
3.313493652343750000e+03
3.347850341796875000e+03
3.336358398437500000e+03
3.211834716796875000e+03
3.131118408203125000e+03
3.101864990234375000e+03
3.123650390625000000e+03
3.172192382812500000e+03
3.235395263671875000e+03
3.214765625000000000e+03
3.138504638671875000e+03
3.148639404296875000e+03
3.114925292968750000e+03
3.066997558593750000e+03
3.063828857421875000e+03
3.042411621093750000e+03
3.031709960937500000e+03
3.037722900390625000e+03
3.062544189453125000e+03
3.018869873046875000e+03
2.986489013671875000e+03
3.009424072265625000e+03
3.047410644531250000e+03
3.063688964843750000e+03
3.204510986328125000e+03
3.246027587890625000e+03
3.232594970703125000e+03
3.090460693359375000e+03
3.014895263671875000e+03
2.974334716796875000e+03
2.979745605468750000e+03
2.989786376953125000e+03
3.104042968750000000e+03
3.147221679687500000e+03
3.183005371093750000e+03
3.128409912109375000e+03
3.135715087890625000e+03
3.021865966796875000e+03
2.959095947265625000e+03
2.943708984375000000e+03
2.925749023437500000e+03
2.920819580078125000e+03
2.935886230468750000e+03
2.918297363281250000e+03
2.899333007812500000e+03
2.896799316406250000e+03
2.936616210937500000e+03
2.957590576171875000e+03
3.057803710937500000e+03
3.167933349609375000e+03
3.211249267578125000e+03
3.091081298828125000e+03
2.946749267578125000e+03
2.887086914062500000e+03
2.867459960937500000e+03
2.907675537109375000e+03
3.037009277343750000e+03
3.162667236328125000e+03
3.103283203125000000e+03
2.989347412109375000e+03
2.909772949218750000e+03
2.865478271484375000e+03
2.833936035156250000e+03
2.847625244140625000e+03
2.847941406250000000e+03
2.811373535156250000e+03
2.811766357421875000e+03
2.826843994140625000e+03
2.838032226562500000e+03
2.905630859375000000e+03
2.993240966796875000e+03
3.119239013671875000e+03
3.115775634765625000e+03
2.996409667968750000e+03
2.854141357421875000e+03
2.771757080078125000e+03
2.788398437500000000e+03
2.817871337890625000e+03
2.902321289062500000e+03
2.982885986328125000e+03
3.089397216796875000e+03
2.941302246093750000e+03
2.842417724609375000e+03
2.790437988281250000e+03
2.753903076171875000e+03
2.747619873046875000e+03
2.737198486328125000e+03
2.757587402343750000e+03
2.777782714843750000e+03
2.828656250000000000e+03
2.939328613281250000e+03
3.028670898437500000e+03
3.042843017578125000e+03
2.844255615234375000e+03
2.743391113281250000e+03
2.698369384765625000e+03
2.733755615234375000e+03
2.755811767578125000e+03
2.846883544921875000e+03
2.936990234375000000e+03
2.959388916015625000e+03
2.907784667968750000e+03
2.784106445312500000e+03
2.735211181640625000e+03
2.697147216796875000e+03
2.650824707031250000e+03
2.680059082031250000e+03
2.659599121093750000e+03
2.672886718750000000e+03
2.723228515625000000e+03
2.769540527343750000e+03
2.932277343750000000e+03
2.967185302734375000e+03
2.942891601562500000e+03
2.751206787109375000e+03
2.709905273437500000e+03
2.627417480468750000e+03
2.638165039062500000e+03
2.678516845703125000e+03
2.764836914062500000e+03
2.978494628906250000e+03
2.874675048828125000e+03
2.758182128906250000e+03
2.655461425781250000e+03
2.599902832031250000e+03
2.619951904296875000e+03
2.670545654296875000e+03
2.745966552734375000e+03
2.883887695312500000e+03
2.930126953125000000e+03
2.743141601562500000e+03
2.645015869140625000e+03
2.588596191406250000e+03
2.566618408203125000e+03
2.577626953125000000e+03
2.605458740234375000e+03
2.659863281250000000e+03
2.756893066406250000e+03
2.893753417968750000e+03
2.763162353515625000e+03
2.681217041015625000e+03
2.577747558593750000e+03
2.565055419921875000e+03
2.561436035156250000e+03
2.570880615234375000e+03
2.551195800781250000e+03
2.578538330078125000e+03
2.573322753906250000e+03
2.647271240234375000e+03
2.754729248046875000e+03
2.831279052734375000e+03
2.930355957031250000e+03
2.667224853515625000e+03
2.554327880859375000e+03
2.540704345703125000e+03
2.564958984375000000e+03
2.617689208984375000e+03
2.716018554687500000e+03
2.837687988281250000e+03
2.768204833984375000e+03
2.671709228515625000e+03
2.575203125000000000e+03
2.522645507812500000e+03
2.489258300781250000e+03
2.505177734375000000e+03
2.589039062500000000e+03
2.634275146484375000e+03
2.761860839843750000e+03
2.697151123046875000e+03
2.730339599609375000e+03
2.584394775390625000e+03
2.537775390625000000e+03
2.543731689453125000e+03
2.486637207031250000e+03
2.502442626953125000e+03
2.523241210937500000e+03
2.565677246093750000e+03
2.659564697265625000e+03
2.710255859375000000e+03
2.764854248046875000e+03
2.612362548828125000e+03
2.553149414062500000e+03
2.512953125000000000e+03
2.472346191406250000e+03
2.447182617187500000e+03
2.484081787109375000e+03
2.450560546875000000e+03
2.451056640625000000e+03
2.497514648437500000e+03
2.481517089843750000e+03
2.522676025390625000e+03
2.624826904296875000e+03
2.737487548828125000e+03
2.810662597656250000e+03
2.592152343750000000e+03
2.486594238281250000e+03
2.462816406250000000e+03
2.432275390625000000e+03
2.423137695312500000e+03
2.470533203125000000e+03
2.548295166015625000e+03
2.661521972656250000e+03
2.790147949218750000e+03
2.618172119140625000e+03
2.537960205078125000e+03
2.466853759765625000e+03
2.435556640625000000e+03
2.437445068359375000e+03
2.445884521484375000e+03
2.490804687500000000e+03
2.558768554687500000e+03
2.708312255859375000e+03
2.648618896484375000e+03
2.602362792968750000e+03
2.511676025390625000e+03
2.452456054687500000e+03
2.437939697265625000e+03
2.455735107421875000e+03
2.457323242187500000e+03
2.540016601562500000e+03
2.639715332031250000e+03
2.720503906250000000e+03
2.582419921875000000e+03
2.462158203125000000e+03
2.437543457031250000e+03
2.393589355468750000e+03
2.399116210937500000e+03
2.376058105468750000e+03
2.401213378906250000e+03
2.392898437500000000e+03
2.382526123046875000e+03
2.412533691406250000e+03
2.435417480468750000e+03
2.568237548828125000e+03
2.599132080078125000e+03
2.650295410156250000e+03
2.550192871093750000e+03
2.479285156250000000e+03
2.425950927734375000e+03
2.413807373046875000e+03
2.426815185546875000e+03
2.434860839843750000e+03
2.429756591796875000e+03
2.548635742187500000e+03
2.599915527343750000e+03
2.658470214843750000e+03
2.538941894531250000e+03
2.429189697265625000e+03
2.381755615234375000e+03
2.373454101562500000e+03
2.338847412109375000e+03
2.346146484375000000e+03
2.391917236328125000e+03
2.361030517578125000e+03
2.473767089843750000e+03
2.539380859375000000e+03
2.690771728515625000e+03
2.520741210937500000e+03
2.431655517578125000e+03
2.387674560546875000e+03
2.334657714843750000e+03
2.330790771484375000e+03
2.348009277343750000e+03
2.336262207031250000e+03
2.379373291015625000e+03
2.427153808593750000e+03
2.518645751953125000e+03
2.625146728515625000e+03
2.668695068359375000e+03
2.441592773437500000e+03
2.369210449218750000e+03
2.332876708984375000e+03
2.322760986328125000e+03
2.405484130859375000e+03
2.498358398437500000e+03
2.689796875000000000e+03
2.532580322265625000e+03
2.428820068359375000e+03
2.341393066406250000e+03
2.342200439453125000e+03
2.288463378906250000e+03
2.281595947265625000e+03
2.307685302734375000e+03
2.317479248046875000e+03
2.323331054687500000e+03
2.350784423828125000e+03
2.494536621093750000e+03
2.586011474609375000e+03
2.666760253906250000e+03
2.434535400390625000e+03
2.316952880859375000e+03
2.310003662109375000e+03
2.301116699218750000e+03
2.321932373046875000e+03
2.397605712890625000e+03
2.528387207031250000e+03
2.606554687500000000e+03
2.620406250000000000e+03
2.401338378906250000e+03
2.300199707031250000e+03
2.290060546875000000e+03
2.287281982421875000e+03
2.302724853515625000e+03
2.346834716796875000e+03
2.455193115234375000e+03
2.606759033203125000e+03
2.668600830078125000e+03
2.401573242187500000e+03
2.295618896484375000e+03
2.254427246093750000e+03
2.327004882812500000e+03
2.427091796875000000e+03
2.555011962890625000e+03
2.607488037109375000e+03
2.386909423828125000e+03
2.304321044921875000e+03
2.253146728515625000e+03
2.248950439453125000e+03
2.315259033203125000e+03
2.426312011718750000e+03
2.583475341796875000e+03
2.514255859375000000e+03
2.444945312500000000e+03
2.360613769531250000e+03
2.310000976562500000e+03
2.269736328125000000e+03
2.280991943359375000e+03
2.283424072265625000e+03
2.313112060546875000e+03
2.359461914062500000e+03
2.498499023437500000e+03
2.542122314453125000e+03
2.485168212890625000e+03
2.384191406250000000e+03
2.304737792968750000e+03
2.253000732421875000e+03
2.249778564453125000e+03
2.274812255859375000e+03
2.257059082031250000e+03
2.275159912109375000e+03
2.282921875000000000e+03
2.292895019531250000e+03
2.403173828125000000e+03
2.464330566406250000e+03
2.518402832031250000e+03
2.393145751953125000e+03
2.332903564453125000e+03
2.271448242187500000e+03
2.286074707031250000e+03
2.241372802734375000e+03
2.272508789062500000e+03
2.326897949218750000e+03
2.401077392578125000e+03
2.493955566406250000e+03
2.553193603515625000e+03
2.362212890625000000e+03
2.244783691406250000e+03
2.217946044921875000e+03
2.208774902343750000e+03
2.234736572265625000e+03
2.257884765625000000e+03
2.325552490234375000e+03
2.448566406250000000e+03
2.617451171875000000e+03
2.375037353515625000e+03
2.246423095703125000e+03
2.216637695312500000e+03
2.233311767578125000e+03
2.324228271484375000e+03
2.440061035156250000e+03
2.529609863281250000e+03
2.376029785156250000e+03
2.253763183593750000e+03
2.238841552734375000e+03
2.220182373046875000e+03
2.236941406250000000e+03
2.241821044921875000e+03
2.247637939453125000e+03
2.331940917968750000e+03
2.427964599609375000e+03
2.513297607421875000e+03
2.372530761718750000e+03
2.287634521484375000e+03
2.229972900390625000e+03
2.240751953125000000e+03
2.227111083984375000e+03
2.234251464843750000e+03
2.280990966796875000e+03
2.348649902343750000e+03
2.441304931640625000e+03
2.470700927734375000e+03
2.344375732421875000e+03
2.258554687500000000e+03
2.227520507812500000e+03
2.225788818359375000e+03
2.252158203125000000e+03
2.276727539062500000e+03
2.365571044921875000e+03
2.437487060546875000e+03
2.399085449218750000e+03
2.339749023437500000e+03
2.284507080078125000e+03
2.245838378906250000e+03
2.214840087890625000e+03
2.195872558593750000e+03
2.199441894531250000e+03
2.199033447265625000e+03
2.212899169921875000e+03
2.353187744140625000e+03
2.430046386718750000e+03
2.462930664062500000e+03
2.343387207031250000e+03
2.278468261718750000e+03
2.189042236328125000e+03
2.195354248046875000e+03
2.183366699218750000e+03
2.173568359375000000e+03
2.172868408203125000e+03
2.185625976562500000e+03
2.164867431640625000e+03
2.170957763671875000e+03
2.163556152343750000e+03
2.204653564453125000e+03
2.276425537109375000e+03
2.354064208984375000e+03
2.455228515625000000e+03
2.323852050781250000e+03
2.289672363281250000e+03
2.219734863281250000e+03
2.205309082031250000e+03
2.220650878906250000e+03
2.277123046875000000e+03
2.341072021484375000e+03
2.430425292968750000e+03
2.343237548828125000e+03
2.262937500000000000e+03
2.209337890625000000e+03
2.172923583984375000e+03
2.162231201171875000e+03
2.132628906250000000e+03
2.174794189453125000e+03
2.178018310546875000e+03
2.191781494140625000e+03
2.283880859375000000e+03
2.409153564453125000e+03
2.480142089843750000e+03
2.329286865234375000e+03
2.201456054687500000e+03
2.167516845703125000e+03
2.156444580078125000e+03
2.126077392578125000e+03
2.171707763671875000e+03
2.259030273437500000e+03
2.421373535156250000e+03
2.559757324218750000e+03
2.294212890625000000e+03
2.175580078125000000e+03
2.137677001953125000e+03
2.148924072265625000e+03
2.166379394531250000e+03
2.267594726562500000e+03
2.464990478515625000e+03
2.410903320312500000e+03
2.335910400390625000e+03
2.218987792968750000e+03
2.180488525390625000e+03
2.159463623046875000e+03
2.178020751953125000e+03
2.225997314453125000e+03
2.312885986328125000e+03
2.350951660156250000e+03
2.372120117187500000e+03
2.270718017578125000e+03
2.239661621093750000e+03
2.189015869140625000e+03
2.236748779296875000e+03
2.234876220703125000e+03
2.296349609375000000e+03
2.248771240234375000e+03
2.291071777343750000e+03
2.237494628906250000e+03
2.246233398437500000e+03
2.246155029296875000e+03
2.272006347656250000e+03
2.262679199218750000e+03
2.275569335937500000e+03
2.219520019531250000e+03
2.234213623046875000e+03
2.205799560546875000e+03
2.210187744140625000e+03
2.210895019531250000e+03
2.226616699218750000e+03
2.241498535156250000e+03
2.239145751953125000e+03
2.245823242187500000e+03
2.248619873046875000e+03
2.219251220703125000e+03
2.252715576171875000e+03
2.232647705078125000e+03
2.221842529296875000e+03
2.241952636718750000e+03
2.232630371093750000e+03
2.216093994140625000e+03
2.212932128906250000e+03
2.226520751953125000e+03
2.223083984375000000e+03
2.243520019531250000e+03
2.266791748046875000e+03
2.248548828125000000e+03
2.216286376953125000e+03
2.186624755859375000e+03
2.170304443359375000e+03
2.172053710937500000e+03
2.221087402343750000e+03
2.211689208984375000e+03
2.250369140625000000e+03
2.267738769531250000e+03
2.239550048828125000e+03
2.228012451171875000e+03
2.169654052734375000e+03
2.181383789062500000e+03
2.170260253906250000e+03
2.182760986328125000e+03
2.226479492187500000e+03
2.223036865234375000e+03
2.241809082031250000e+03
2.192976318359375000e+03
2.191909667968750000e+03
2.166200195312500000e+03
2.180502197265625000e+03
2.155343017578125000e+03
2.165689697265625000e+03
2.149932373046875000e+03
2.220808105468750000e+03
2.203547851562500000e+03
2.220685546875000000e+03
2.211585937500000000e+03
2.207549804687500000e+03
2.168825927734375000e+03
2.152147949218750000e+03
2.141961425781250000e+03
2.109645263671875000e+03
2.136052490234375000e+03
2.204189453125000000e+03
2.242093261718750000e+03
2.278448242187500000e+03
2.212892089843750000e+03
2.154913818359375000e+03
2.114569335937500000e+03
2.110400878906250000e+03
2.104490966796875000e+03
2.116945068359375000e+03
2.144080566406250000e+03
2.246627929687500000e+03
2.248584228515625000e+03
2.263359619140625000e+03
2.199339111328125000e+03
2.137569824218750000e+03
2.108385253906250000e+03
2.110702148437500000e+03
2.131128417968750000e+03
2.135118896484375000e+03
2.192921142578125000e+03
2.272150878906250000e+03
2.240611572265625000e+03
2.201050048828125000e+03
2.142424804687500000e+03
2.119274902343750000e+03
2.082113525390625000e+03
2.128545654296875000e+03
2.118697265625000000e+03
2.142881103515625000e+03
2.175708740234375000e+03
2.245158691406250000e+03
2.235123779296875000e+03
2.196718750000000000e+03
2.139976806640625000e+03
2.110456298828125000e+03
2.113008056640625000e+03
2.110424072265625000e+03
2.085218261718750000e+03
2.164020263671875000e+03
2.200539062500000000e+03
2.246844482421875000e+03
2.222263916015625000e+03
2.163579345703125000e+03
2.112915527343750000e+03
2.104967041015625000e+03
2.074846435546875000e+03
2.058343505859375000e+03
2.059151855468750000e+03
