8.522614843750000000e+04
7.395052343750000000e+04
6.322050781250000000e+04
5.304377734375000000e+04
4.419267187500000000e+04
3.667239453125000000e+04
3.113900585937500000e+04
2.771773632812500000e+04
2.634955468750000000e+04
2.673327148437500000e+04
2.860282812500000000e+04
3.096762304687500000e+04
3.272948437500000000e+04
3.388355859375000000e+04
3.369967578125000000e+04
3.302448828125000000e+04
3.172690625000000000e+04
3.017933398437500000e+04
2.877313867187500000e+04
2.750370898437500000e+04
2.666768164062500000e+04
2.622867187500000000e+04
2.624729882812500000e+04
2.660896679687500000e+04
2.698716992187500000e+04
2.741475195312500000e+04
2.783784960937500000e+04
2.789767382812500000e+04
2.795068945312500000e+04
2.789833007812500000e+04
2.747241015625000000e+04
2.727328710937500000e+04
2.693529882812500000e+04
2.668606835937500000e+04
2.645273242187500000e+04
2.624103710937500000e+04
2.616184960937500000e+04
2.629839257812500000e+04
2.644891210937500000e+04
2.650606640625000000e+04
2.663067968750000000e+04
2.657157031250000000e+04
2.657634179687500000e+04
2.658874414062500000e+04
2.659614062500000000e+04
2.633096289062500000e+04
2.631656054687500000e+04
2.636163671875000000e+04
2.621340234375000000e+04
2.618054687500000000e+04
2.617322851562500000e+04
2.622953906250000000e+04
2.621625585937500000e+04
2.640099218750000000e+04
2.633428320312500000e+04
2.633124804687500000e+04
2.611532031250000000e+04
2.629148437500000000e+04
2.632808007812500000e+04
2.615253906250000000e+04
2.617992968750000000e+04
2.633261328125000000e+04
2.619371875000000000e+04
2.614400781250000000e+04
2.610169531250000000e+04
2.617918164062500000e+04
2.605945117187500000e+04
2.616290039062500000e+04
2.627828320312500000e+04
2.609586718750000000e+04
2.612794726562500000e+04
2.608864453125000000e+04
2.604879492187500000e+04
2.608370898437500000e+04
2.609167187500000000e+04
2.623997656250000000e+04
2.618950976562500000e+04
2.609975195312500000e+04
2.616614062500000000e+04
2.617554882812500000e+04
2.611244726562500000e+04
2.609380468750000000e+04
2.608425781250000000e+04
2.600691406250000000e+04
2.601212500000000000e+04
2.600384765625000000e+04
2.596599609375000000e+04
2.596497070312500000e+04
2.601674023437500000e+04
2.602469335937500000e+04
2.606648437500000000e+04
2.599276562500000000e+04
2.590030468750000000e+04
2.605242578125000000e+04
2.592523437500000000e+04
2.580455468750000000e+04
2.606310937500000000e+04
2.575561132812500000e+04
2.580176171875000000e+04
2.586037304687500000e+04
2.574438867187500000e+04
2.577355078125000000e+04
2.578155468750000000e+04
2.581722851562500000e+04
2.569196679687500000e+04
2.560195898437500000e+04
2.578071679687500000e+04
2.568184765625000000e+04
2.559759375000000000e+04
2.561692968750000000e+04
2.550915625000000000e+04
2.554518945312500000e+04
2.542377539062500000e+04
2.544924023437500000e+04
2.535638085937500000e+04
2.536402929687500000e+04
2.527722851562500000e+04
2.515295703125000000e+04
2.524448242187500000e+04
2.519208007812500000e+04
2.514202148437500000e+04
2.507345117187500000e+04
2.494944726562500000e+04
2.490209375000000000e+04
2.486231445312500000e+04
2.468051367187500000e+04
2.470483789062500000e+04
2.450861132812500000e+04
2.440503515625000000e+04
2.433749804687500000e+04
2.434419726562500000e+04
2.404428710937500000e+04
2.399072851562500000e+04
2.374106445312500000e+04
2.355484960937500000e+04
2.343297851562500000e+04
2.322020703125000000e+04
2.298168945312500000e+04
2.281195703125000000e+04
2.256861523437500000e+04
2.219517968750000000e+04
2.186905859375000000e+04
2.164181054687500000e+04
2.122268359375000000e+04
2.095183789062500000e+04
2.058054882812500000e+04
2.014850585937500000e+04
1.955068945312500000e+04
1.923821484375000000e+04
1.865703515625000000e+04
1.825938476562500000e+04
1.766172070312500000e+04
1.709348046875000000e+04
1.649526171875000000e+04
1.590495410156250000e+04
1.527229492187500000e+04
1.457878613281250000e+04
1.394994238281250000e+04
1.329813574218750000e+04
1.260263183593750000e+04
1.189836230468750000e+04
1.119641894531250000e+04
1.081715234375000000e+04
1.026380761718750000e+04
9.901947265625000000e+03
9.621563476562500000e+03
9.543511718750000000e+03
9.322768554687500000e+03
9.177958984375000000e+03
9.101281250000000000e+03
8.957637695312500000e+03
8.834553710937500000e+03
8.581004882812500000e+03
8.423862304687500000e+03
8.194077148437500000e+03
7.920620117187500000e+03
7.649591308593750000e+03
7.434360351562500000e+03
7.319751953125000000e+03
7.111029785156250000e+03
7.019584472656250000e+03
6.877802734375000000e+03
6.867458496093750000e+03
6.807724121093750000e+03
6.787471191406250000e+03
6.627696777343750000e+03
6.509708007812500000e+03
6.591115234375000000e+03
6.547368164062500000e+03
6.335738769531250000e+03
6.353573730468750000e+03
6.254468750000000000e+03
6.134649902343750000e+03
6.244129394531250000e+03
6.078661132812500000e+03
6.072466796875000000e+03
6.034694824218750000e+03
5.927890136718750000e+03
5.915098632812500000e+03
5.843315429687500000e+03
5.772062500000000000e+03
5.736412597656250000e+03
5.677171875000000000e+03
5.623106445312500000e+03
5.613002441406250000e+03
5.557711425781250000e+03
5.564756835937500000e+03
5.494798339843750000e+03
5.480931152343750000e+03
5.389743164062500000e+03
5.412979492187500000e+03
5.335405273437500000e+03
5.330707519531250000e+03
5.288386230468750000e+03
5.237745605468750000e+03
5.270384765625000000e+03
5.211937011718750000e+03
5.154395507812500000e+03
5.175967773437500000e+03
5.101004394531250000e+03
5.137796386718750000e+03
5.069438476562500000e+03
5.034999023437500000e+03
5.026702148437500000e+03
4.983490722656250000e+03
4.995156738281250000e+03
4.949924804687500000e+03
4.962157226562500000e+03
4.956227050781250000e+03
4.910414062500000000e+03
4.853528320312500000e+03
4.842559082031250000e+03
4.850175781250000000e+03
4.835522460937500000e+03
4.812571777343750000e+03
4.835649414062500000e+03
4.812273437500000000e+03
4.725645507812500000e+03
4.710642578125000000e+03
4.738070312500000000e+03
4.699080566406250000e+03
4.705331542968750000e+03
4.644332031250000000e+03
4.585915527343750000e+03
4.583781250000000000e+03
4.585519531250000000e+03
4.621451171875000000e+03
4.580947753906250000e+03
4.560376464843750000e+03
4.489131347656250000e+03
4.514549316406250000e+03
4.421852050781250000e+03
4.471219726562500000e+03
4.461241210937500000e+03
4.435176269531250000e+03
4.421307128906250000e+03
4.413078125000000000e+03
4.411951660156250000e+03
4.362461425781250000e+03
4.381738281250000000e+03
4.350597656250000000e+03
4.334850097656250000e+03
4.312376464843750000e+03
4.326853515625000000e+03
4.334372070312500000e+03
4.405426757812500000e+03
4.491629394531250000e+03
4.533373046875000000e+03
4.460998046875000000e+03
4.261805175781250000e+03
4.183045898437500000e+03
4.321917968750000000e+03
4.395691406250000000e+03
4.270968750000000000e+03
4.157703613281250000e+03
4.140700195312500000e+03
4.273610351562500000e+03
4.333418457031250000e+03
4.177163085937500000e+03
4.082466552734375000e+03
4.147804199218750000e+03
4.173728515625000000e+03
4.165841796875000000e+03
4.071979736328125000e+03
4.015878173828125000e+03
4.090715576171875000e+03
4.065455566406250000e+03
4.046220214843750000e+03
4.012865966796875000e+03
3.993833740234375000e+03
3.986423583984375000e+03
4.014156250000000000e+03
4.013691650390625000e+03
4.021167968750000000e+03
3.920951171875000000e+03
3.889467041015625000e+03
3.922942871093750000e+03
3.950931396484375000e+03
3.943764892578125000e+03
3.917959228515625000e+03
3.883127929687500000e+03
3.868690917968750000e+03
3.852530029296875000e+03
3.827078857421875000e+03
3.834734375000000000e+03
3.819731201171875000e+03
3.810039306640625000e+03
3.821837646484375000e+03
3.861092285156250000e+03
3.932712402343750000e+03
3.975737304687500000e+03
3.887562744140625000e+03
3.774877929687500000e+03
3.746980224609375000e+03
3.755820556640625000e+03
3.843703857421875000e+03
3.931154052734375000e+03
3.860016601562500000e+03
3.727427978515625000e+03
3.653618408203125000e+03
3.725860595703125000e+03
3.737567382812500000e+03
3.804457031250000000e+03
3.760499511718750000e+03
3.676677001953125000e+03
3.610890625000000000e+03
3.660543701171875000e+03
3.659119628906250000e+03
3.702989257812500000e+03
3.723131591796875000e+03
3.695069335937500000e+03
3.624201904296875000e+03
3.592989257812500000e+03
3.537603027343750000e+03
3.545012695312500000e+03
3.542922851562500000e+03
3.558297363281250000e+03
3.571865966796875000e+03
3.647801513671875000e+03
3.636178955078125000e+03
3.657048583984375000e+03
3.634981201171875000e+03
3.562920654296875000e+03
3.500358886718750000e+03
3.470109375000000000e+03
3.442685058593750000e+03
3.494436279296875000e+03
3.479965576171875000e+03
3.519089355468750000e+03
3.560732177734375000e+03
3.576919677734375000e+03
3.568074707031250000e+03
3.558577392578125000e+03
3.476242187500000000e+03
3.485870361328125000e+03
3.426956542968750000e+03
3.397896728515625000e+03
3.380837646484375000e+03
3.411510986328125000e+03
3.408341308593750000e+03
3.416822998046875000e+03
3.463755859375000000e+03
3.503765869140625000e+03
3.545566406250000000e+03
3.493134277343750000e+03
3.446449218750000000e+03
3.361003662109375000e+03
3.352137695312500000e+03
3.335988281250000000e+03
3.315854003906250000e+03
3.331041015625000000e+03
3.368527587890625000e+03
3.354695068359375000e+03
3.419369873046875000e+03
3.508137207031250000e+03
3.529072998046875000e+03
3.439649414062500000e+03
3.326783935546875000e+03
3.290554199218750000e+03
3.294282714843750000e+03
3.272400634765625000e+03
3.295418701171875000e+03
3.308956054687500000e+03
3.312115722656250000e+03
3.299959960937500000e+03
3.363820068359375000e+03
3.360057617187500000e+03
3.333291259765625000e+03
3.281934082031250000e+03
3.208397705078125000e+03
3.182431640625000000e+03
3.204696533203125000e+03
3.207802978515625000e+03
3.242035644531250000e+03
3.267512695312500000e+03
3.355251708984375000e+03
3.350573974609375000e+03
3.344904052734375000e+03
3.279120361328125000e+03
3.198776611328125000e+03
3.186843994140625000e+03
3.168914550781250000e+03
3.127575683593750000e+03
3.162119873046875000e+03
3.157837402343750000e+03
3.124189208984375000e+03
3.161853515625000000e+03
3.154544921875000000e+03
3.189920654296875000e+03
3.313493652343750000e+03
3.347850341796875000e+03
3.336358398437500000e+03
3.211834716796875000e+03
3.131118408203125000e+03
3.101864990234375000e+03
3.123650390625000000e+03
3.172192382812500000e+03
3.235395263671875000e+03
3.214765625000000000e+03
3.138504638671875000e+03
3.148639404296875000e+03
3.114925292968750000e+03
3.066997558593750000e+03
3.063828857421875000e+03
3.042411621093750000e+03
3.031709960937500000e+03
3.037722900390625000e+03
3.062544189453125000e+03
3.018869873046875000e+03
2.986489013671875000e+03
3.009424072265625000e+03
3.047410644531250000e+03
3.063688964843750000e+03
3.204510986328125000e+03
3.246027587890625000e+03
3.232594970703125000e+03
3.090460693359375000e+03
3.014895263671875000e+03
2.974334716796875000e+03
2.979745605468750000e+03
2.989786376953125000e+03
3.104042968750000000e+03
3.147221679687500000e+03
3.183005371093750000e+03
3.128409912109375000e+03
3.135715087890625000e+03
3.021865966796875000e+03
2.959095947265625000e+03
2.943708984375000000e+03
2.925749023437500000e+03
2.920819580078125000e+03
2.935886230468750000e+03
2.918297363281250000e+03
2.899333007812500000e+03
2.896799316406250000e+03
2.936616210937500000e+03
2.957590576171875000e+03
3.057803710937500000e+03
3.167933349609375000e+03
3.211249267578125000e+03
3.091081298828125000e+03
2.946749267578125000e+03
2.887086914062500000e+03
2.867459960937500000e+03
2.907675537109375000e+03
3.037009277343750000e+03
3.162667236328125000e+03
3.103283203125000000e+03
2.989347412109375000e+03
2.909772949218750000e+03
2.865478271484375000e+03
2.833936035156250000e+03
2.847625244140625000e+03
2.847941406250000000e+03
2.811373535156250000e+03
2.811766357421875000e+03
2.826843994140625000e+03
2.838032226562500000e+03
2.905630859375000000e+03
2.993240966796875000e+03
3.119239013671875000e+03
3.115775634765625000e+03
2.996409667968750000e+03
2.854141357421875000e+03
2.771757080078125000e+03
2.788398437500000000e+03
2.817871337890625000e+03
2.902321289062500000e+03
2.982885986328125000e+03
3.089397216796875000e+03
2.941302246093750000e+03
2.842417724609375000e+03
2.790437988281250000e+03
2.753903076171875000e+03
2.747619873046875000e+03
2.737198486328125000e+03
2.757587402343750000e+03
2.777782714843750000e+03
2.828656250000000000e+03
2.939328613281250000e+03
3.028670898437500000e+03
3.042843017578125000e+03
2.844255615234375000e+03
2.743391113281250000e+03
2.698369384765625000e+03
2.733755615234375000e+03
2.755811767578125000e+03
2.846883544921875000e+03
2.936990234375000000e+03
2.959388916015625000e+03
2.907784667968750000e+03
2.784106445312500000e+03
2.735211181640625000e+03
2.697147216796875000e+03
2.650824707031250000e+03
2.680059082031250000e+03
2.659599121093750000e+03
2.672886718750000000e+03
2.723228515625000000e+03
2.769540527343750000e+03
2.932277343750000000e+03
2.967185302734375000e+03
2.942891601562500000e+03
2.751206787109375000e+03
2.709905273437500000e+03
2.627417480468750000e+03
2.638165039062500000e+03
2.678516845703125000e+03
2.764836914062500000e+03
2.978494628906250000e+03
2.874675048828125000e+03
2.758182128906250000e+03
2.655461425781250000e+03
2.599902832031250000e+03
2.619951904296875000e+03
2.670545654296875000e+03
2.745966552734375000e+03
2.883887695312500000e+03
2.930126953125000000e+03
2.743141601562500000e+03
2.645015869140625000e+03
2.588596191406250000e+03
2.566618408203125000e+03
2.577626953125000000e+03
2.605458740234375000e+03
2.659863281250000000e+03
2.756893066406250000e+03
2.893753417968750000e+03
2.763162353515625000e+03
2.681217041015625000e+03
2.577747558593750000e+03
2.565055419921875000e+03
2.561436035156250000e+03
2.570880615234375000e+03
2.551195800781250000e+03
2.578538330078125000e+03
2.573322753906250000e+03
2.647271240234375000e+03
2.754729248046875000e+03
2.831279052734375000e+03
2.930355957031250000e+03
2.667224853515625000e+03
2.554327880859375000e+03
2.540704345703125000e+03
2.564958984375000000e+03
2.617689208984375000e+03
2.716018554687500000e+03
2.837687988281250000e+03
2.768204833984375000e+03
2.671709228515625000e+03
2.575203125000000000e+03
2.522645507812500000e+03
2.489258300781250000e+03
2.505177734375000000e+03
2.589039062500000000e+03
2.634275146484375000e+03
2.761860839843750000e+03
2.697151123046875000e+03
2.730339599609375000e+03
2.584394775390625000e+03
2.537775390625000000e+03
2.543731689453125000e+03
2.486637207031250000e+03
2.502442626953125000e+03
2.523241210937500000e+03
2.565677246093750000e+03
2.659564697265625000e+03
2.710255859375000000e+03
2.764854248046875000e+03
2.612362548828125000e+03
2.553149414062500000e+03
2.512953125000000000e+03
2.472346191406250000e+03
2.447182617187500000e+03
2.484081787109375000e+03
2.450560546875000000e+03
2.451056640625000000e+03
2.497514648437500000e+03
2.481517089843750000e+03
2.522676025390625000e+03
2.624826904296875000e+03
2.737487548828125000e+03
2.810662597656250000e+03
2.592152343750000000e+03
2.486594238281250000e+03
2.462816406250000000e+03
2.432275390625000000e+03
2.423137695312500000e+03
2.470533203125000000e+03
2.548295166015625000e+03
2.661521972656250000e+03
2.790147949218750000e+03
2.618172119140625000e+03
2.537960205078125000e+03
2.466853759765625000e+03
2.435556640625000000e+03
2.437445068359375000e+03
2.445884521484375000e+03
2.490804687500000000e+03
2.558768554687500000e+03
2.708312255859375000e+03
2.648618896484375000e+03
2.602362792968750000e+03
2.511676025390625000e+03
2.452456054687500000e+03
2.437939697265625000e+03
2.455735107421875000e+03
2.457323242187500000e+03
2.540016601562500000e+03
2.639715332031250000e+03
2.720503906250000000e+03
2.582419921875000000e+03
2.462158203125000000e+03
2.437543457031250000e+03
2.393589355468750000e+03
2.399116210937500000e+03
2.376058105468750000e+03
2.401213378906250000e+03
2.392898437500000000e+03
2.382526123046875000e+03
2.412533691406250000e+03
2.435417480468750000e+03
2.568237548828125000e+03
2.599132080078125000e+03
2.650295410156250000e+03
2.550192871093750000e+03
2.479285156250000000e+03
2.425950927734375000e+03
2.413807373046875000e+03
2.426815185546875000e+03
2.434860839843750000e+03
2.429756591796875000e+03
2.548635742187500000e+03
2.599915527343750000e+03
2.658470214843750000e+03
2.538941894531250000e+03
2.429189697265625000e+03
2.381755615234375000e+03
2.373454101562500000e+03
2.338847412109375000e+03
2.346146484375000000e+03
2.391917236328125000e+03
2.361030517578125000e+03
2.473767089843750000e+03
2.539380859375000000e+03
2.690771728515625000e+03
2.520741210937500000e+03
2.431655517578125000e+03
2.387674560546875000e+03
2.334657714843750000e+03
2.330790771484375000e+03
2.348009277343750000e+03
2.336262207031250000e+03
2.379373291015625000e+03
2.427153808593750000e+03
2.518645751953125000e+03
2.625146728515625000e+03
2.668695068359375000e+03
2.441592773437500000e+03
2.369210449218750000e+03
2.332876708984375000e+03
2.322760986328125000e+03
2.405484130859375000e+03
2.498358398437500000e+03
2.689796875000000000e+03
2.532580322265625000e+03
2.428820068359375000e+03
2.341393066406250000e+03
2.342200439453125000e+03
2.288463378906250000e+03
2.281595947265625000e+03
2.307685302734375000e+03
2.317479248046875000e+03
2.323331054687500000e+03
2.350784423828125000e+03
2.494536621093750000e+03
2.586011474609375000e+03
2.666760253906250000e+03
2.434535400390625000e+03
2.316952880859375000e+03
2.310003662109375000e+03
2.301116699218750000e+03
2.321932373046875000e+03
2.397605712890625000e+03
2.528387207031250000e+03
2.606554687500000000e+03
2.620406250000000000e+03
2.401338378906250000e+03
2.300199707031250000e+03
2.290060546875000000e+03
2.287281982421875000e+03
2.302724853515625000e+03
2.346834716796875000e+03
2.455193115234375000e+03
2.606759033203125000e+03
2.668600830078125000e+03
2.401573242187500000e+03
2.295618896484375000e+03
2.254427246093750000e+03
2.327004882812500000e+03
2.427091796875000000e+03
2.555011962890625000e+03
2.607488037109375000e+03
2.386909423828125000e+03
2.304321044921875000e+03
2.253146728515625000e+03
2.248950439453125000e+03
2.315259033203125000e+03
2.426312011718750000e+03
2.583475341796875000e+03
2.514255859375000000e+03
2.444945312500000000e+03
2.360613769531250000e+03
2.310000976562500000e+03
2.269736328125000000e+03
2.280991943359375000e+03
2.283424072265625000e+03
2.313112060546875000e+03
2.359461914062500000e+03
2.498499023437500000e+03
2.542122314453125000e+03
2.485168212890625000e+03
2.384191406250000000e+03
2.304737792968750000e+03
2.253000732421875000e+03
2.249778564453125000e+03
2.274812255859375000e+03
2.257059082031250000e+03
2.275159912109375000e+03
2.282921875000000000e+03
2.292895019531250000e+03
2.403173828125000000e+03
2.464330566406250000e+03
2.518402832031250000e+03
2.393145751953125000e+03
2.332903564453125000e+03
2.271448242187500000e+03
2.286074707031250000e+03
2.241372802734375000e+03
2.272508789062500000e+03
2.326897949218750000e+03
2.401077392578125000e+03
2.493955566406250000e+03
2.553193603515625000e+03
2.362212890625000000e+03
2.244783691406250000e+03
2.217946044921875000e+03
2.208774902343750000e+03
2.234736572265625000e+03
2.257884765625000000e+03
2.325552490234375000e+03
2.448566406250000000e+03
2.617451171875000000e+03
2.375037353515625000e+03
2.246423095703125000e+03
2.216637695312500000e+03
2.233311767578125000e+03
2.324228271484375000e+03
2.440061035156250000e+03
2.529609863281250000e+03
2.376029785156250000e+03
2.253763183593750000e+03
2.238841552734375000e+03
2.220182373046875000e+03
2.236941406250000000e+03
2.241821044921875000e+03
2.247637939453125000e+03
2.331940917968750000e+03
2.427964599609375000e+03
2.513297607421875000e+03
2.372530761718750000e+03
2.287634521484375000e+03
2.229972900390625000e+03
2.240751953125000000e+03
2.227111083984375000e+03
2.234251464843750000e+03
2.280990966796875000e+03
2.348649902343750000e+03
2.441304931640625000e+03
2.470700927734375000e+03
2.344375732421875000e+03
2.258554687500000000e+03
2.227520507812500000e+03
2.225788818359375000e+03
2.252158203125000000e+03
2.276727539062500000e+03
2.365571044921875000e+03
2.437487060546875000e+03
2.399085449218750000e+03
2.339749023437500000e+03
2.284507080078125000e+03
2.245838378906250000e+03
2.214840087890625000e+03
2.195872558593750000e+03
2.199441894531250000e+03
2.199033447265625000e+03
2.212899169921875000e+03
2.353187744140625000e+03
2.430046386718750000e+03
2.462930664062500000e+03
2.343387207031250000e+03
2.278468261718750000e+03
2.189042236328125000e+03
2.195354248046875000e+03
2.183366699218750000e+03
2.173568359375000000e+03
2.172868408203125000e+03
2.185625976562500000e+03
2.164867431640625000e+03
2.170957763671875000e+03
2.163556152343750000e+03
2.204653564453125000e+03
2.276425537109375000e+03
2.354064208984375000e+03
2.455228515625000000e+03
2.323852050781250000e+03
2.289672363281250000e+03
2.219734863281250000e+03
2.205309082031250000e+03
2.220650878906250000e+03
2.277123046875000000e+03
2.341072021484375000e+03
2.430425292968750000e+03
2.343237548828125000e+03
2.262937500000000000e+03
2.209337890625000000e+03
2.172923583984375000e+03
2.162231201171875000e+03
2.132628906250000000e+03
2.174794189453125000e+03
2.178018310546875000e+03
2.191781494140625000e+03
2.283880859375000000e+03
2.409153564453125000e+03
2.480142089843750000e+03
2.329286865234375000e+03
2.201456054687500000e+03
2.167516845703125000e+03
2.156444580078125000e+03
2.126077392578125000e+03
2.171707763671875000e+03
2.259030273437500000e+03
2.421373535156250000e+03
2.559757324218750000e+03
2.294212890625000000e+03
2.175580078125000000e+03
2.137677001953125000e+03
2.148924072265625000e+03
2.166379394531250000e+03
2.267594726562500000e+03
2.464990478515625000e+03
2.410903320312500000e+03
2.335910400390625000e+03
2.218987792968750000e+03
2.180488525390625000e+03
2.159463623046875000e+03
2.178020751953125000e+03
2.225997314453125000e+03
2.312885986328125000e+03
2.350951660156250000e+03
2.372120117187500000e+03
2.270718017578125000e+03
2.239661621093750000e+03
2.189015869140625000e+03
2.236748779296875000e+03
2.234876220703125000e+03
2.296349609375000000e+03
2.248771240234375000e+03
2.291071777343750000e+03
2.237494628906250000e+03
2.246233398437500000e+03
2.246155029296875000e+03
2.272006347656250000e+03
2.262679199218750000e+03
2.275569335937500000e+03
2.219520019531250000e+03
2.234213623046875000e+03
2.205799560546875000e+03
2.210187744140625000e+03
2.210895019531250000e+03
2.226616699218750000e+03
2.241498535156250000e+03
2.239145751953125000e+03
2.245823242187500000e+03
2.248619873046875000e+03
2.219251220703125000e+03
2.252715576171875000e+03
2.232647705078125000e+03
2.221842529296875000e+03
2.241952636718750000e+03
2.232630371093750000e+03
2.216093994140625000e+03
2.212932128906250000e+03
2.226520751953125000e+03
2.223083984375000000e+03
2.243520019531250000e+03
2.266791748046875000e+03
2.248548828125000000e+03
2.216286376953125000e+03
2.186624755859375000e+03
2.170304443359375000e+03
2.172053710937500000e+03
2.221087402343750000e+03
2.211689208984375000e+03
2.250369140625000000e+03
2.267738769531250000e+03
2.239550048828125000e+03
2.228012451171875000e+03
2.169654052734375000e+03
2.181383789062500000e+03
2.170260253906250000e+03
2.182760986328125000e+03
2.226479492187500000e+03
2.223036865234375000e+03
2.241809082031250000e+03
2.192976318359375000e+03
2.191909667968750000e+03
2.166200195312500000e+03
2.180502197265625000e+03
2.155343017578125000e+03
2.165689697265625000e+03
2.149932373046875000e+03
2.220808105468750000e+03
2.203547851562500000e+03
2.220685546875000000e+03
2.211585937500000000e+03
2.207549804687500000e+03
2.168825927734375000e+03
2.152147949218750000e+03
2.141961425781250000e+03
2.109645263671875000e+03
2.136052490234375000e+03
2.204189453125000000e+03
2.242093261718750000e+03
2.278448242187500000e+03
2.212892089843750000e+03
2.154913818359375000e+03
2.114569335937500000e+03
2.110400878906250000e+03
2.104490966796875000e+03
2.116945068359375000e+03
2.144080566406250000e+03
2.246627929687500000e+03
2.248584228515625000e+03
2.263359619140625000e+03
2.199339111328125000e+03
2.137569824218750000e+03
2.108385253906250000e+03
2.110702148437500000e+03
2.131128417968750000e+03
2.135118896484375000e+03
2.192921142578125000e+03
2.272150878906250000e+03
2.240611572265625000e+03
2.201050048828125000e+03
2.142424804687500000e+03
2.119274902343750000e+03
2.082113525390625000e+03
2.128545654296875000e+03
2.118697265625000000e+03
2.142881103515625000e+03
2.175708740234375000e+03
2.245158691406250000e+03
2.235123779296875000e+03
2.196718750000000000e+03
2.139976806640625000e+03
2.110456298828125000e+03
2.113008056640625000e+03
2.110424072265625000e+03
2.085218261718750000e+03
2.164020263671875000e+03
2.200539062500000000e+03
2.246844482421875000e+03
2.222263916015625000e+03
2.163579345703125000e+03
2.112915527343750000e+03
2.104967041015625000e+03
2.074846435546875000e+03
2.058343505859375000e+03
2.059151855468750000e+03
2.080750488281250000e+03
2.175112304687500000e+03
2.233605224609375000e+03
2.225251220703125000e+03
2.223668212890625000e+03
2.184522216796875000e+03
2.081625244140625000e+03
2.071310546875000000e+03
2.101094238281250000e+03
2.135914550781250000e+03
2.187913330078125000e+03
2.239553222656250000e+03
2.253623046875000000e+03
2.160146240234375000e+03
2.097113037109375000e+03
2.068339599609375000e+03
2.064665527343750000e+03
2.054827392578125000e+03
2.031298583984375000e+03
2.053377197265625000e+03
2.114666748046875000e+03
2.149532958984375000e+03
2.272106201171875000e+03
2.240771728515625000e+03
2.196584228515625000e+03
2.100962402343750000e+03
2.055201904296875000e+03
2.037925537109375000e+03
2.056458740234375000e+03
2.054458251953125000e+03
2.110233886718750000e+03
2.203403564453125000e+03
2.289246337890625000e+03
2.224555419921875000e+03
2.140255859375000000e+03
2.073164306640625000e+03
2.049160888671875000e+03
2.038245605468750000e+03
2.085107421875000000e+03
2.130858642578125000e+03
2.200062744140625000e+03
2.252844238281250000e+03
2.235177246093750000e+03
2.146174316406250000e+03
2.097993408203125000e+03
2.051690185546875000e+03
2.045985839843750000e+03
2.062347412109375000e+03
2.108105224609375000e+03
2.163874023437500000e+03
2.267620117187500000e+03
2.183501708984375000e+03
2.129050048828125000e+03
2.083691894531250000e+03
2.063397216796875000e+03
2.094104248046875000e+03
2.141354003906250000e+03
2.203354248046875000e+03
2.233393066406250000e+03
2.184038574218750000e+03
2.111352539062500000e+03
2.089034912109375000e+03
2.064133056640625000e+03
2.065703369140625000e+03
2.104512207031250000e+03
2.116706542968750000e+03
2.210424072265625000e+03
2.171411865234375000e+03
2.133353759765625000e+03
2.071741210937500000e+03
2.080463134765625000e+03
2.075174804687500000e+03
2.106537841796875000e+03
2.143809082031250000e+03
2.165128417968750000e+03
2.151417968750000000e+03
2.121474365234375000e+03
2.108367919921875000e+03
2.115311767578125000e+03
2.124807373046875000e+03
2.133624023437500000e+03
2.124815185546875000e+03
2.163303710937500000e+03
2.120754394531250000e+03
2.108961914062500000e+03
2.109702880859375000e+03
2.092544433593750000e+03
2.070125732421875000e+03
2.076633544921875000e+03
2.100921142578125000e+03
2.132676025390625000e+03
2.145453369140625000e+03
2.164627441406250000e+03
2.117640380859375000e+03
2.097609130859375000e+03
2.071999267578125000e+03
2.061803955078125000e+03
2.058496093750000000e+03
2.056905761718750000e+03
2.100159912109375000e+03
2.130941894531250000e+03
2.112782714843750000e+03
2.117561279296875000e+03
2.098277832031250000e+03
2.095723388671875000e+03
2.065866455078125000e+03
2.104893310546875000e+03
2.105780517578125000e+03
2.122999755859375000e+03
2.085135742187500000e+03
2.091591552734375000e+03
2.080302246093750000e+03
2.070199707031250000e+03
2.084304199218750000e+03
2.086069580078125000e+03
2.106815917968750000e+03
2.119533935546875000e+03
2.129574707031250000e+03
2.095551513671875000e+03
2.073179931640625000e+03
2.068639648437500000e+03
2.053007568359375000e+03
2.073908203125000000e+03
2.049839599609375000e+03
2.077368652343750000e+03
2.119683837890625000e+03
2.142060058593750000e+03
2.117480224609375000e+03
2.098673828125000000e+03
2.050791503906250000e+03
2.032454345703125000e+03
2.022547119140625000e+03
2.034812255859375000e+03
2.074159912109375000e+03
2.114135253906250000e+03
2.125566406250000000e+03
2.101848876953125000e+03
2.062515380859375000e+03
2.047816162109375000e+03
2.024568359375000000e+03
2.035163452148437500e+03
2.021974365234375000e+03
2.064516601562500000e+03
2.106664794921875000e+03
2.124378417968750000e+03
2.126023193359375000e+03
2.102326416015625000e+03
2.049266113281250000e+03
2.023709838867187500e+03
2.023803588867187500e+03
2.026272338867187500e+03
2.054951416015625000e+03
2.120039550781250000e+03
2.167494384765625000e+03
2.137824462890625000e+03
2.086672119140625000e+03
2.017884765625000000e+03
1.986783691406250000e+03
1.990574462890625000e+03
1.958856933593750000e+03
1.972941772460937500e+03
1.978647949218750000e+03
2.007324951171875000e+03
2.081870361328125000e+03
2.210031982421875000e+03
2.169459228515625000e+03
2.107674316406250000e+03
2.008571166992187500e+03
2.001156860351562500e+03
1.954062500000000000e+03
1.967669921875000000e+03
1.973288940429687500e+03
1.984492797851562500e+03
1.958863281250000000e+03
2.007447631835937500e+03
2.076564697265625000e+03
2.192750244140625000e+03
2.136011474609375000e+03
2.048390380859375000e+03
2.002687500000000000e+03
1.970778686523437500e+03
1.990757812500000000e+03
1.997180664062500000e+03
2.042537353515625000e+03
2.075372070312500000e+03
2.140055908203125000e+03
2.130440673828125000e+03
2.091420898437500000e+03
2.042854980468750000e+03
2.031009765625000000e+03
2.025606811523437500e+03
2.053631103515625000e+03
2.090358642578125000e+03
2.088272216796875000e+03
2.101121582031250000e+03
2.032833251953125000e+03
2.049857666015625000e+03
2.012983764648437500e+03
2.039394287109375000e+03
2.020133178710937500e+03
2.066197021484375000e+03
2.094871337890625000e+03
2.118343261718750000e+03
2.078638427734375000e+03
2.067919677734375000e+03
2.036447753906250000e+03
2.027931518554687500e+03
2.018316284179687500e+03
2.067750244140625000e+03
2.081200195312500000e+03
2.086504394531250000e+03
2.037948120117187500e+03
2.000131958007812500e+03
2.004682128906250000e+03
2.005603149414062500e+03
2.042145141601562500e+03
2.127438720703125000e+03
2.094494628906250000e+03
2.075811279296875000e+03
2.011515502929687500e+03
2.009437622070312500e+03
1.970972534179687500e+03
1.955272094726562500e+03
2.019544799804687500e+03
2.017970092773437500e+03
2.101484863281250000e+03
2.157987060546875000e+03
2.053034423828125000e+03
1.987898803710937500e+03
1.960172851562500000e+03
1.961310668945312500e+03
1.965689331054687500e+03
2.024723999023437500e+03
2.032111328125000000e+03
2.094191894531250000e+03
2.078359375000000000e+03
2.087891113281250000e+03
1.998714477539062500e+03
1.975607788085937500e+03
1.983640991210937500e+03
1.980923706054687500e+03
1.995653320312500000e+03
2.075411376953125000e+03
2.074705566406250000e+03
2.102167724609375000e+03
2.010041503906250000e+03
1.954515869140625000e+03
1.959506591796875000e+03
1.978588623046875000e+03
1.981431518554687500e+03
2.002635986328125000e+03
2.054330566406250000e+03
2.135637451171875000e+03
2.063137695312500000e+03
2.013756347656250000e+03
1.961052368164062500e+03
1.964555786132812500e+03
1.964900512695312500e+03
1.990782592773437500e+03
2.020361816406250000e+03
2.090898193359375000e+03
2.054187011718750000e+03
2.059761474609375000e+03
2.018670776367187500e+03
2.006386352539062500e+03
1.996600585937500000e+03
1.993032104492187500e+03
1.993346801757812500e+03
2.012210937500000000e+03
2.044454956054687500e+03
2.051669433593750000e+03
2.018989257812500000e+03
2.037483642578125000e+03
2.020473510742187500e+03
2.018591674804687500e+03
2.012830688476562500e+03
2.018300292968750000e+03
2.029600341796875000e+03
2.023437866210937500e+03
2.030128784179687500e+03
2.021045288085937500e+03
2.014303100585937500e+03
1.997867675781250000e+03
1.997058959960937500e+03
2.007683105468750000e+03
2.017143798828125000e+03
2.021344360351562500e+03
2.016758666992187500e+03
2.026516357421875000e+03
1.998192993164062500e+03
2.009396484375000000e+03
2.027589111328125000e+03
2.042804931640625000e+03
2.009040527343750000e+03
1.995365600585937500e+03
1.946890258789062500e+03
1.982118164062500000e+03
1.966765502929687500e+03
2.012107788085937500e+03
2.053190429687500000e+03
2.066366455078125000e+03
2.035716186523437500e+03
1.986300292968750000e+03
1.982385009765625000e+03
1.992117797851562500e+03
1.988122314453125000e+03
2.007973632812500000e+03
2.037128173828125000e+03
2.022037963867187500e+03
2.025372436523437500e+03
2.019171264648437500e+03
1.996000488281250000e+03
1.974997314453125000e+03
1.937440307617187500e+03
1.949003173828125000e+03
1.960629272460937500e+03
2.041766601562500000e+03
2.009802124023437500e+03
2.020159667968750000e+03
1.983449584960937500e+03
1.947020629882812500e+03
1.946291137695312500e+03
1.958897949218750000e+03
2.007370971679687500e+03
2.022748779296875000e+03
2.011768920898437500e+03
2.007696655273437500e+03
1.981438842773437500e+03
1.990468505859375000e+03
1.986685791015625000e+03
1.997980346679687500e+03
1.981495971679687500e+03
1.991698364257812500e+03
1.965110595703125000e+03
1.986801025390625000e+03
1.958748168945312500e+03
1.968156616210937500e+03
1.958548828125000000e+03
2.019264160156250000e+03
1.992288330078125000e+03
1.966489013671875000e+03
1.960839599609375000e+03
1.963906982421875000e+03
1.956910278320312500e+03
1.950993530273437500e+03
1.994116821289062500e+03
2.054074218750000000e+03
2.041089355468750000e+03
2.022633789062500000e+03
1.991939819335937500e+03
1.958202270507812500e+03
1.960537841796875000e+03
1.965395629882812500e+03
1.987002807617187500e+03
2.025046630859375000e+03
2.028010986328125000e+03
2.003873657226562500e+03
1.953096435546875000e+03
1.950253295898437500e+03
1.950526367187500000e+03
1.949784301757812500e+03
1.945555297851562500e+03
1.954337524414062500e+03
2.012415771484375000e+03
2.035241088867187500e+03
2.005200805664062500e+03
1.971022705078125000e+03
1.943693359375000000e+03
1.919353027343750000e+03
1.930340087890625000e+03
1.965424194335937500e+03
1.988029296875000000e+03
2.049675048828125000e+03
2.023499145507812500e+03
1.964578491210937500e+03
1.946782348632812500e+03
1.932512695312500000e+03
1.942174316406250000e+03
1.963005981445312500e+03
1.988604492187500000e+03
2.008496704101562500e+03
2.002891113281250000e+03
1.992625122070312500e+03
1.940123535156250000e+03
1.960012451171875000e+03
1.963475952148437500e+03
1.979787597656250000e+03
1.986135620117187500e+03
1.986711669921875000e+03
1.973788085937500000e+03
1.972349365234375000e+03
1.948192138671875000e+03
1.950059204101562500e+03
1.936425170898437500e+03
1.939361694335937500e+03
1.960215087890625000e+03
1.952844482421875000e+03
1.975429931640625000e+03
2.010025756835937500e+03
1.974099975585937500e+03
1.957743530273437500e+03
1.933021972656250000e+03
1.925715698242187500e+03
1.925157592773437500e+03
1.952775146484375000e+03
1.978074829101562500e+03
2.009552490234375000e+03
1.957251464843750000e+03
1.959481811523437500e+03
1.940751586914062500e+03
1.920953979492187500e+03
1.952091308593750000e+03
2.006053100585937500e+03
1.994412475585937500e+03
1.970853027343750000e+03
1.922568115234375000e+03
1.929819702148437500e+03
1.917795532226562500e+03
1.904040527343750000e+03
1.952887329101562500e+03
1.944169433593750000e+03
1.997463989257812500e+03
2.018471923828125000e+03
1.950141601562500000e+03
1.938152954101562500e+03
1.948768310546875000e+03
1.939899291992187500e+03
1.953768188476562500e+03
1.967972534179687500e+03
1.969221191406250000e+03
1.974195922851562500e+03
1.937692993164062500e+03
1.926464599609375000e+03
1.937374755859375000e+03
1.950133300781250000e+03
1.974072509765625000e+03
1.991411621093750000e+03
1.962633178710937500e+03
1.953218872070312500e+03
1.916654296875000000e+03
1.918243774414062500e+03
1.902730834960937500e+03
1.929191650390625000e+03
1.928979370117187500e+03
1.956741821289062500e+03
1.992035156250000000e+03
1.994178833007812500e+03
1.962901367187500000e+03
1.903175170898437500e+03
1.914965332031250000e+03
1.918201171875000000e+03
1.916298461914062500e+03
1.923716674804687500e+03
1.956291259765625000e+03
1.989093017578125000e+03
1.989958618164062500e+03
1.948327514648437500e+03
1.913973754882812500e+03
1.902335449218750000e+03
1.903236938476562500e+03
1.905454956054687500e+03
1.931566284179687500e+03
1.975223999023437500e+03
1.960432983398437500e+03
1.949070190429687500e+03
1.933238525390625000e+03
1.913245971679687500e+03
1.901300537109375000e+03
1.930960205078125000e+03
1.943631469726562500e+03
1.965801025390625000e+03
1.955281127929687500e+03
1.927574340820312500e+03
1.915718627929687500e+03
1.912103759765625000e+03
1.914778808593750000e+03
1.955611938476562500e+03
1.945507446289062500e+03
1.963293945312500000e+03
1.946948852539062500e+03
1.912891601562500000e+03
1.890824829101562500e+03
1.905986450195312500e+03
1.914412597656250000e+03
1.949915771484375000e+03
1.924069824218750000e+03
1.959445678710937500e+03
1.965104492187500000e+03
1.931838989257812500e+03
1.895174438476562500e+03
1.918979858398437500e+03
1.912457031250000000e+03
1.931705810546875000e+03
1.907514770507812500e+03
1.959815673828125000e+03
1.931678344726562500e+03
1.943084106445312500e+03
1.940047851562500000e+03
1.912224853515625000e+03
1.945855834960937500e+03
1.918482421875000000e+03
1.943195312500000000e+03
1.933476196289062500e+03
1.913572021484375000e+03
1.915471923828125000e+03
1.892656127929687500e+03
1.925665283203125000e+03
1.905311523437500000e+03
1.924216918945312500e+03
1.903193603515625000e+03
1.937187988281250000e+03
1.946817138671875000e+03
1.938555786132812500e+03
1.906359619140625000e+03
1.932703002929687500e+03
1.911454467773437500e+03
1.932459472656250000e+03
1.909601684570312500e+03
1.917001098632812500e+03
1.909582153320312500e+03
1.896731811523437500e+03
1.935878173828125000e+03
1.963271484375000000e+03
1.976910278320312500e+03
1.965894531250000000e+03
1.912375366210937500e+03
1.910483520507812500e+03
1.878807861328125000e+03
1.859372680664062500e+03
1.879072753906250000e+03
1.923253173828125000e+03
1.981942871093750000e+03
1.960869628906250000e+03
1.924542480468750000e+03
1.890249755859375000e+03
1.850741455078125000e+03
1.837203613281250000e+03
1.879872680664062500e+03
1.902259643554687500e+03
1.947185180664062500e+03
1.974798828125000000e+03
1.951522338867187500e+03
1.884595947265625000e+03
1.842828613281250000e+03
1.856991333007812500e+03
1.858482788085937500e+03
1.904852172851562500e+03
1.913815185546875000e+03
1.966613281250000000e+03
1.943149536132812500e+03
1.910294433593750000e+03
1.852482788085937500e+03
1.860872314453125000e+03
1.850387451171875000e+03
1.887845092773437500e+03
1.913302001953125000e+03
1.946890258789062500e+03
1.943063476562500000e+03
1.920598144531250000e+03
1.916793945312500000e+03
1.880007446289062500e+03
1.888151611328125000e+03
1.901288330078125000e+03
1.907436645507812500e+03
1.929796020507812500e+03
1.909930297851562500e+03
1.911682373046875000e+03
1.895134521484375000e+03
1.918880493164062500e+03
1.892333862304687500e+03
1.905267089843750000e+03
1.891556640625000000e+03
1.910058349609375000e+03
1.885942871093750000e+03
1.904165283203125000e+03
1.851997924804687500e+03
1.886679199218750000e+03
1.886895629882812500e+03
1.926659301757812500e+03
1.916542480468750000e+03
1.904017700195312500e+03
1.887556274414062500e+03
1.890519287109375000e+03
1.893336425781250000e+03
1.932682861328125000e+03
1.921243530273437500e+03
1.895532470703125000e+03
1.894033203125000000e+03
1.864364624023437500e+03
1.875525756835937500e+03
1.888791870117187500e+03
1.901177124023437500e+03
1.940362792968750000e+03
1.955432128906250000e+03
1.915628784179687500e+03
1.870918090820312500e+03
1.880924804687500000e+03
1.881478637695312500e+03
1.897538696289062500e+03
1.882520507812500000e+03
1.896708618164062500e+03
1.885646972656250000e+03
1.889765991210937500e+03
1.875970092773437500e+03
1.877779418945312500e+03
1.861343872070312500e+03
1.866697021484375000e+03
1.882613647460937500e+03
1.906963867187500000e+03
1.877167968750000000e+03
1.886385620117187500e+03
1.858489013671875000e+03
1.847739013671875000e+03
1.844142089843750000e+03
1.898261596679687500e+03
1.891356811523437500e+03
1.899777465820312500e+03
1.901277832031250000e+03
1.921536010742187500e+03
1.874156860351562500e+03
1.856392089843750000e+03
1.844629150390625000e+03
1.857906982421875000e+03
1.871464843750000000e+03
1.922810302734375000e+03
1.907294677734375000e+03
1.924286621093750000e+03
1.887594848632812500e+03
1.877333862304687500e+03
1.847419311523437500e+03
1.867302124023437500e+03
1.879708374023437500e+03
1.907578857421875000e+03
1.910561645507812500e+03
1.873004150390625000e+03
1.886391479492187500e+03
1.872792480468750000e+03
1.853985961914062500e+03
1.883019653320312500e+03
1.900438354492187500e+03
1.913617919921875000e+03
1.893756835937500000e+03
1.884201660156250000e+03
1.858141357421875000e+03
1.817661254882812500e+03
1.822823120117187500e+03
1.844913085937500000e+03
1.878809936523437500e+03
1.928982299804687500e+03
1.919888671875000000e+03
1.885487670898437500e+03
1.860836669921875000e+03
1.851388183593750000e+03
1.841438598632812500e+03
1.851496704101562500e+03
1.846154174804687500e+03
1.890618164062500000e+03
1.882571166992187500e+03
1.884889038085937500e+03
1.881883300781250000e+03
1.871600585937500000e+03
1.854680297851562500e+03
1.873291503906250000e+03
1.852819824218750000e+03
1.894253295898437500e+03
1.905051635742187500e+03
1.884021606445312500e+03
1.874152954101562500e+03
1.881489257812500000e+03
1.862715698242187500e+03
1.841414306640625000e+03
1.837657958984375000e+03
1.903677001953125000e+03
1.928087036132812500e+03
1.911386596679687500e+03
1.852247436523437500e+03
1.816058105468750000e+03
1.789017456054687500e+03
1.820949462890625000e+03
1.854425659179687500e+03
1.891765869140625000e+03
1.900997680664062500e+03
1.908281005859375000e+03
1.856172973632812500e+03
1.856837768554687500e+03
1.829092285156250000e+03
1.848266113281250000e+03
1.861689331054687500e+03
1.899409179687500000e+03
1.882722656250000000e+03
1.879937622070312500e+03
1.865516967773437500e+03
1.831677001953125000e+03
1.828672851562500000e+03
1.842512207031250000e+03
1.848770874023437500e+03
1.881242919921875000e+03
1.890332031250000000e+03
1.907408813476562500e+03
1.883060302734375000e+03
1.857795288085937500e+03
1.862146484375000000e+03
1.861581787109375000e+03
1.879956298828125000e+03
1.893409301757812500e+03
1.863288696289062500e+03
1.831255126953125000e+03
1.837438598632812500e+03
1.838647827148437500e+03
1.849436035156250000e+03
1.871901000976562500e+03
1.859458007812500000e+03
1.868815429687500000e+03
1.820935302734375000e+03
1.828145019531250000e+03
1.839970336914062500e+03
1.856805786132812500e+03
1.880650024414062500e+03
1.903820678710937500e+03
1.855399169921875000e+03
1.847492797851562500e+03
1.799824340820312500e+03
1.804038696289062500e+03
1.836857666015625000e+03
1.900791137695312500e+03
1.939140258789062500e+03
1.899744995117187500e+03
1.842633666992187500e+03
1.798466186523437500e+03
1.780747314453125000e+03
1.785879516601562500e+03
1.781066650390625000e+03
1.840698364257812500e+03
1.874539794921875000e+03
1.921198120117187500e+03
1.855002197265625000e+03
1.852867919921875000e+03
1.784207763671875000e+03
1.777128173828125000e+03
1.762335449218750000e+03
1.815500488281250000e+03
1.836957641601562500e+03
1.913244873046875000e+03
1.914445800781250000e+03
1.879222290039062500e+03
1.828262207031250000e+03
1.816155761718750000e+03
1.819686035156250000e+03
1.850255493164062500e+03
1.870625000000000000e+03
1.883874511718750000e+03
1.860488769531250000e+03
1.834482299804687500e+03
1.822514648437500000e+03
1.810355102539062500e+03
1.810543823242187500e+03
1.873152954101562500e+03
1.891106445312500000e+03
1.885399291992187500e+03
1.849691772460937500e+03
1.831389648437500000e+03
1.786761474609375000e+03
1.789169189453125000e+03
1.819482788085937500e+03
1.861160278320312500e+03
1.881254150390625000e+03
1.873774536132812500e+03
1.847210937500000000e+03
1.851050292968750000e+03
1.816169311523437500e+03
1.813084960937500000e+03
1.838400634765625000e+03
1.874126831054687500e+03
1.867085327148437500e+03
1.878108154296875000e+03
1.860268310546875000e+03
1.844543945312500000e+03
1.809660034179687500e+03
1.793648681640625000e+03
1.781133178710937500e+03
1.784495117187500000e+03
1.800005859375000000e+03
1.837468505859375000e+03
1.882773681640625000e+03
1.892537841796875000e+03
1.847154541015625000e+03
1.792755371093750000e+03
1.758607299804687500e+03
1.792903442382812500e+03
1.791475830078125000e+03
1.847299804687500000e+03
1.866868530273437500e+03
1.884540161132812500e+03
1.847522338867187500e+03
1.812567016601562500e+03
1.783423339843750000e+03
1.812310791015625000e+03
1.806607788085937500e+03
1.807787475585937500e+03
1.874401489257812500e+03
1.876139282226562500e+03
1.822721923828125000e+03
1.829078491210937500e+03
1.797731323242187500e+03
1.831646484375000000e+03
1.831552978515625000e+03
1.839851318359375000e+03
1.825551513671875000e+03
1.836186645507812500e+03
1.816914184570312500e+03
1.821232666015625000e+03
1.814111816406250000e+03
1.798861328125000000e+03
1.810225830078125000e+03
1.841172485351562500e+03
1.850544433593750000e+03
1.868202026367187500e+03
1.846185180664062500e+03
1.832336303710937500e+03
1.806158691406250000e+03
1.807161865234375000e+03
1.798083007812500000e+03
1.816172363281250000e+03
1.819747192382812500e+03
1.843659301757812500e+03
1.828639160156250000e+03
1.830264282226562500e+03
1.808796508789062500e+03
1.792074829101562500e+03
1.828976806640625000e+03
1.843562011718750000e+03
1.842137695312500000e+03
1.848019775390625000e+03
1.795712280273437500e+03
1.794876464843750000e+03
1.766657836914062500e+03
1.768597778320312500e+03
1.789696289062500000e+03
1.817819946289062500e+03
1.862135009765625000e+03
1.852769287109375000e+03
1.813418701171875000e+03
1.790036621093750000e+03
1.773265502929687500e+03
1.783528198242187500e+03
1.802688476562500000e+03
1.856219604492187500e+03
1.863334472656250000e+03
1.854109008789062500e+03
1.808824340820312500e+03
1.786471313476562500e+03
1.784395019531250000e+03
1.812156860351562500e+03
1.803498657226562500e+03
1.829842773437500000e+03
1.808934448242187500e+03
1.809068359375000000e+03
1.795051269531250000e+03
1.791558105468750000e+03
1.768317871093750000e+03
1.808992431640625000e+03
1.823317626953125000e+03
1.829747924804687500e+03
1.807490478515625000e+03
1.834317626953125000e+03
1.788827270507812500e+03
1.816820800781250000e+03
1.807569335937500000e+03
1.807968261718750000e+03
1.813006103515625000e+03
1.820381469726562500e+03
1.824456420898437500e+03
1.832074951171875000e+03
1.827917968750000000e+03
1.807500366210937500e+03
1.784903686523437500e+03
1.791773803710937500e+03
1.800178588867187500e+03
1.838664428710937500e+03
1.856338256835937500e+03
1.822040771484375000e+03
1.805019653320312500e+03
1.788686279296875000e+03
1.812667602539062500e+03
1.805837158203125000e+03
1.771997192382812500e+03
1.810941650390625000e+03
1.820232177734375000e+03
1.822165161132812500e+03
1.846984130859375000e+03
1.831334960937500000e+03
1.814798828125000000e+03
1.800197021484375000e+03
1.797510253906250000e+03
1.777486450195312500e+03
1.801733642578125000e+03
1.816906616210937500e+03
1.848681762695312500e+03
1.807113037109375000e+03
1.802433471679687500e+03
1.778792480468750000e+03
1.759031494140625000e+03
1.801386840820312500e+03
1.780366455078125000e+03
1.806102661132812500e+03
1.800073364257812500e+03
1.809727539062500000e+03
1.771984375000000000e+03
1.788098999023437500e+03
1.793375122070312500e+03
1.798146850585937500e+03
1.819951293945312500e+03
1.818434326171875000e+03
1.802187133789062500e+03
1.778250976562500000e+03
1.755877197265625000e+03
1.775912841796875000e+03
1.763062866210937500e+03
1.801628540039062500e+03
1.831509033203125000e+03
1.844856323242187500e+03
1.811808959960937500e+03
1.798899536132812500e+03
1.777702148437500000e+03
1.785960205078125000e+03
1.789412841796875000e+03
1.836628540039062500e+03
1.816012939453125000e+03
1.800691528320312500e+03
1.775423950195312500e+03
1.763534423828125000e+03
1.757482788085937500e+03
1.804303466796875000e+03
1.826175292968750000e+03
1.845571777343750000e+03
1.780254150390625000e+03
1.735736328125000000e+03
1.734768432617187500e+03
1.748333618164062500e+03
1.825548095703125000e+03
1.850023681640625000e+03
1.850001342773437500e+03
1.821468139648437500e+03
1.792156127929687500e+03
1.752843872070312500e+03
1.716815185546875000e+03
1.748211303710937500e+03
1.755603027343750000e+03
1.799205200195312500e+03
1.830148925781250000e+03
1.828275024414062500e+03
1.767655273437500000e+03
1.762330200195312500e+03
1.748996459960937500e+03
1.753126586914062500e+03
1.830816040039062500e+03
1.830900146484375000e+03
1.802652587890625000e+03
1.760012451171875000e+03
1.754446533203125000e+03
1.760270507812500000e+03
1.775079467773437500e+03
1.792482177734375000e+03
1.792520507812500000e+03
1.782569335937500000e+03
1.750360351562500000e+03
1.731264526367187500e+03
1.743085449218750000e+03
1.787517333984375000e+03
1.796213134765625000e+03
1.838980590820312500e+03
1.782314331054687500e+03
1.763430541992187500e+03
1.761272094726562500e+03
1.744147827148437500e+03
1.739799316406250000e+03
1.788677001953125000e+03
1.811122192382812500e+03
1.800385864257812500e+03
1.766999633789062500e+03
1.747622436523437500e+03
1.746287475585937500e+03
1.749197753906250000e+03
1.762778808593750000e+03
1.789040039062500000e+03
1.790951782226562500e+03
1.773668334960937500e+03
1.761397094726562500e+03
1.777627929687500000e+03
1.777299316406250000e+03
1.782331298828125000e+03
1.775967163085937500e+03
1.763342529296875000e+03
1.792066650390625000e+03
1.780992309570312500e+03
1.763251586914062500e+03
1.772505493164062500e+03
1.767291503906250000e+03
1.768918823242187500e+03
1.760366699218750000e+03
