9.578748437500000000e+04
2.461149218750000000e+05
1.791317031250000000e+05
4.861538671875000000e+04
1.277349296875000000e+05
1.519519531250000000e+05
1.076392812500000000e+05
3.650979296875000000e+04
6.956066406250000000e+04
9.946744531250000000e+04
8.569401562500000000e+04
4.401244140625000000e+04
3.070534960937500000e+04
6.033931640625000000e+04
6.306442968750000000e+04
4.129837109375000000e+04
2.086288281250000000e+04
3.759673828125000000e+04
4.644591796875000000e+04
3.521109765625000000e+04
1.812175781250000000e+04
2.660646093750000000e+04
3.485739843750000000e+04
2.701834960937500000e+04
1.491076269531250000e+04
2.256831250000000000e+04
2.725442968750000000e+04
1.872741992187500000e+04
1.350932226562500000e+04
2.093185351562500000e+04
1.927042578125000000e+04
1.131718359375000000e+04
1.600188476562500000e+04
1.766058593750000000e+04
1.061889355468750000e+04
1.308029492187500000e+04
1.495946386718750000e+04
9.087017578125000000e+03
1.235191699218750000e+04
1.240744921875000000e+04
8.062184570312500000e+03
1.172079296875000000e+04
9.029575195312500000e+03
8.863720703125000000e+03
1.005142089843750000e+04
6.933052734375000000e+03
9.347251953125000000e+03
6.613372558593750000e+03
8.324714843750000000e+03
6.888996582031250000e+03
7.498779296875000000e+03
6.691876464843750000e+03
6.958427734375000000e+03
6.176602539062500000e+03
6.769152832031250000e+03
5.545325195312500000e+03
6.825879394531250000e+03
4.985605957031250000e+03
6.914185058593750000e+03
4.538718261718750000e+03
6.374023925781250000e+03
4.601593261718750000e+03
5.014080566406250000e+03
5.437930664062500000e+03
4.027216308593750000e+03
4.968768066406250000e+03
4.842816406250000000e+03
3.773839843750000000e+03
4.280841796875000000e+03
4.881498535156250000e+03
3.947345703125000000e+03
3.461659912109375000e+03
3.929779052734375000e+03
4.613192871093750000e+03
4.226172851562500000e+03
3.449254638671875000e+03
3.106653564453125000e+03
3.193368408203125000e+03
3.644837402343750000e+03
4.761711425781250000e+03
4.974728027343750000e+03
3.859968017578125000e+03
3.204229248046875000e+03
3.161192871093750000e+03
3.694014648437500000e+03
5.306151367187500000e+03
5.085256347656250000e+03
3.640492187500000000e+03
2.926457031250000000e+03
2.906076660156250000e+03
3.478456054687500000e+03
5.697355957031250000e+03
5.224939941406250000e+03
3.478458251953125000e+03
2.633791748046875000e+03
2.645168701171875000e+03
2.956632568359375000e+03
5.394072753906250000e+03
6.399151367187500000e+03
3.346857666015625000e+03
3.169232666015625000e+03
7.580005859375000000e+03
4.235806152343750000e+03
3.795959960937500000e+03
8.742935546875000000e+03
3.885114746093750000e+03
9.316597656250000000e+03
3.568789550781250000e+03
5.089478515625000000e+03
8.965489257812500000e+03
4.460003417968750000e+03
1.122484375000000000e+04
4.832979492187500000e+03
1.552016113281250000e+04
1.393064746093750000e+04
7.173130371093750000e+03
1.085203222656250000e+04
5.286801757812500000e+03
6.400907714843750000e+03
7.829902343750000000e+03
5.187591796875000000e+03
8.740765625000000000e+03
3.778892333984375000e+03
1.050303710937500000e+04
5.311566406250000000e+03
1.177534960937500000e+04
8.089060058593750000e+03
1.130600488281250000e+04
1.092080957031250000e+04
7.734843750000000000e+03
9.675062500000000000e+03
5.506460449218750000e+03
5.918226562500000000e+03
7.410879394531250000e+03
4.490409179687500000e+03
8.629837890625000000e+03
4.172402343750000000e+03
1.044435351562500000e+04
5.851636718750000000e+03
1.189381152343750000e+04
1.024578027343750000e+04
8.146120605468750000e+03
1.006200000000000000e+04
5.414638671875000000e+03
6.858121093750000000e+03
6.052642089843750000e+03
4.586825683593750000e+03
7.559585937500000000e+03
3.893808593750000000e+03
8.431269531250000000e+03
4.039205566406250000e+03
9.323632812500000000e+03
4.551043457031250000e+03
1.039857421875000000e+04
6.762998046875000000e+03
1.084416210937500000e+04
1.069763769531250000e+04
6.327942382812500000e+03
9.416858398437500000e+03
3.934568847656250000e+03
6.669320800781250000e+03
4.575573730468750000e+03
4.005995849609375000e+03
6.435523437500000000e+03
3.449849609375000000e+03
6.206081054687500000e+03
3.840511962890625000e+03
3.654499023437500000e+03
5.425426757812500000e+03
3.350452636718750000e+03
3.910431884765625000e+03
5.233595703125000000e+03
3.386494384765625000e+03
3.939443359375000000e+03
5.211718261718750000e+03
3.356529052734375000e+03
4.036581542968750000e+03
4.732063476562500000e+03
3.236016357421875000e+03
3.754333251953125000e+03
4.550976074218750000e+03
3.254355224609375000e+03
3.542343994140625000e+03
4.177196777343750000e+03
3.355892578125000000e+03
3.085074218750000000e+03
4.063797607421875000e+03
3.640380615234375000e+03
2.955195556640625000e+03
3.008585937500000000e+03
3.825843017578125000e+03
3.662993652343750000e+03
2.827172607421875000e+03
2.757285400390625000e+03
2.973487548828125000e+03
3.592320556640625000e+03
3.712407958984375000e+03
3.106965332031250000e+03
2.615953125000000000e+03
2.636039062500000000e+03
3.009963378906250000e+03
3.894294189453125000e+03
3.844405517578125000e+03
3.086216552734375000e+03
2.681326416015625000e+03
2.557269287109375000e+03
3.044432861328125000e+03
3.567611572265625000e+03
3.750052246093750000e+03
3.243710937500000000e+03
2.839249755859375000e+03
2.687423339843750000e+03
2.576491455078125000e+03
2.670613525390625000e+03
2.704796142578125000e+03
3.561496582031250000e+03
4.293628417968750000e+03
3.252013183593750000e+03
2.556801757812500000e+03
2.599671142578125000e+03
3.092667968750000000e+03
4.467751464843750000e+03
4.063207275390625000e+03
2.886833251953125000e+03
2.564925048828125000e+03
3.257026855468750000e+03
4.477956054687500000e+03
3.739484863281250000e+03
2.641577392578125000e+03
2.737957031250000000e+03
3.736304687500000000e+03
4.716180175781250000e+03
3.528323974609375000e+03
2.755062011718750000e+03
3.471625000000000000e+03
5.103318847656250000e+03
3.643141845703125000e+03
3.054004882812500000e+03
4.663172851562500000e+03
4.621094726562500000e+03
3.283565673828125000e+03
3.285881591796875000e+03
4.162212890625000000e+03
4.123669433593750000e+03
3.375449707031250000e+03
3.246796386718750000e+03
3.841460693359375000e+03
3.996869873046875000e+03
3.217666259765625000e+03
3.144573974609375000e+03
3.137930908203125000e+03
3.362820556640625000e+03
3.471397705078125000e+03
3.314671386718750000e+03
3.028688964843750000e+03
2.670382324218750000e+03
2.752156738281250000e+03
2.685616210937500000e+03
2.559223388671875000e+03
2.895147705078125000e+03
3.864418701171875000e+03
4.546721679687500000e+03
3.555975585937500000e+03
2.650967529296875000e+03
2.782145263671875000e+03
4.251733886718750000e+03
4.474935058593750000e+03
3.219642333984375000e+03
2.892272705078125000e+03
3.771100341796875000e+03
4.255582519531250000e+03
3.318983886718750000e+03
2.664598876953125000e+03
2.855440673828125000e+03
3.388832031250000000e+03
4.574033203125000000e+03
4.057301513671875000e+03
2.725245117187500000e+03
2.875223632812500000e+03
4.410772460937500000e+03
4.628773437500000000e+03
3.414184082031250000e+03
3.001630615234375000e+03
3.528186035156250000e+03
4.551979492187500000e+03
3.972681884765625000e+03
3.114313964843750000e+03
3.245510986328125000e+03
3.792347656250000000e+03
4.186112792968750000e+03
3.403103271484375000e+03
2.870899414062500000e+03
2.826753906250000000e+03
3.643672363281250000e+03
4.839813476562500000e+03
3.764371582031250000e+03
3.049801025390625000e+03
4.284081054687500000e+03
4.621982910156250000e+03
3.519622314453125000e+03
3.398654296875000000e+03
3.381132080078125000e+03
3.350552734375000000e+03
3.675787597656250000e+03
3.574531982421875000e+03
3.092553955078125000e+03
2.831453369140625000e+03
2.700174316406250000e+03
2.886690917968750000e+03
2.552415527343750000e+03
2.667996337890625000e+03
2.588965332031250000e+03
3.183060546875000000e+03
4.799910156250000000e+03
4.166107910156250000e+03
2.595648437500000000e+03
3.113084228515625000e+03
5.388364746093750000e+03
4.267740722656250000e+03
3.133196044921875000e+03
5.281158691406250000e+03
5.018713867187500000e+03
3.939424072265625000e+03
4.411782714843750000e+03
4.263811523437500000e+03
3.911486572265625000e+03
3.411967285156250000e+03
3.411307617187500000e+03
3.503880371093750000e+03
3.442313964843750000e+03
2.944344970703125000e+03
2.944514892578125000e+03
3.002946533203125000e+03
2.992755371093750000e+03
3.432289550781250000e+03
4.206849121093750000e+03
3.920806640625000000e+03
2.964751708984375000e+03
2.687109863281250000e+03
2.677184326171875000e+03
2.602601562500000000e+03
3.218973388671875000e+03
4.470664062500000000e+03
4.124712402343750000e+03
2.929018554687500000e+03
2.427600830078125000e+03
2.613472900390625000e+03
3.273910644531250000e+03
5.319795898437500000e+03
4.438618164062500000e+03
2.886666748046875000e+03
3.795772705078125000e+03
5.559244140625000000e+03
4.105382324218750000e+03
3.673554687500000000e+03
5.799367187500000000e+03
4.181243652343750000e+03
4.355842285156250000e+03
5.656211425781250000e+03
4.054066650390625000e+03
4.337402832031250000e+03
5.188775390625000000e+03
4.027526855468750000e+03
4.058076660156250000e+03
4.509314453125000000e+03
3.925042236328125000e+03
3.772472900390625000e+03
3.694828369140625000e+03
3.285971191406250000e+03
3.300108642578125000e+03
3.190266601562500000e+03
2.936320068359375000e+03
3.272774414062500000e+03
3.526319335937500000e+03
3.545336669921875000e+03
3.504320556640625000e+03
3.464338623046875000e+03
3.291681640625000000e+03
3.078072998046875000e+03
3.176855712890625000e+03
3.259049072265625000e+03
3.100568359375000000e+03
3.222526611328125000e+03
3.153250732421875000e+03
3.351297851562500000e+03
3.609508056640625000e+03
3.295213623046875000e+03
3.257699707031250000e+03
3.174625732421875000e+03
3.109450683593750000e+03
3.597304687500000000e+03
3.619193603515625000e+03
3.485254882812500000e+03
3.055531005859375000e+03
3.134478515625000000e+03
3.196235595703125000e+03
2.931761718750000000e+03
3.661109863281250000e+03
4.219055175781250000e+03
3.518860351562500000e+03
3.247120849609375000e+03
3.078410644531250000e+03
3.001538330078125000e+03
2.845943847656250000e+03
2.858143310546875000e+03
2.855180419921875000e+03
3.437089355468750000e+03
4.550653808593750000e+03
4.349393066406250000e+03
3.184284667968750000e+03
3.231319335937500000e+03
3.906216064453125000e+03
3.590812255859375000e+03
3.483604736328125000e+03
3.287942871093750000e+03
2.901415039062500000e+03
3.292830078125000000e+03
3.753608886718750000e+03
3.906893066406250000e+03
3.744520263671875000e+03
3.364905029296875000e+03
3.198213378906250000e+03
3.593869873046875000e+03
4.177587402343750000e+03
3.659242919921875000e+03
3.412450195312500000e+03
2.920170410156250000e+03
3.059673339843750000e+03
2.881467529296875000e+03
2.734273437500000000e+03
3.031749267578125000e+03
2.986711914062500000e+03
4.061098876953125000e+03
4.564391113281250000e+03
3.292927246093750000e+03
2.752463134765625000e+03
3.065089355468750000e+03
3.357167968750000000e+03
3.810870361328125000e+03
4.268737304687500000e+03
3.552229003906250000e+03
2.985404052734375000e+03
2.697443847656250000e+03
2.778072753906250000e+03
2.519135253906250000e+03
2.551608398437500000e+03
2.524520019531250000e+03
2.839172607421875000e+03
4.512681152343750000e+03
5.275141113281250000e+03
3.612337890625000000e+03
2.724393066406250000e+03
5.238382812500000000e+03
5.637964843750000000e+03
4.252194824218750000e+03
4.923822753906250000e+03
4.476940429687500000e+03
4.129639160156250000e+03
3.826292968750000000e+03
4.129041503906250000e+03
3.815127929687500000e+03
3.423856933593750000e+03
3.189165527343750000e+03
3.150907958984375000e+03
3.224845214843750000e+03
3.024554199218750000e+03
3.316103027343750000e+03
3.657898925781250000e+03
4.153701171875000000e+03
3.899707275390625000e+03
3.027185302734375000e+03
2.866541992187500000e+03
2.981732421875000000e+03
2.871354980468750000e+03
3.582625732421875000e+03
4.442161132812500000e+03
3.674019287109375000e+03
3.010765380859375000e+03
2.893604736328125000e+03
3.058791992187500000e+03
3.931068603515625000e+03
4.809985839843750000e+03
3.735243652343750000e+03
2.914301025390625000e+03
3.519814208984375000e+03
4.416497558593750000e+03
3.786524902343750000e+03
3.172191406250000000e+03
3.082710937500000000e+03
2.862171386718750000e+03
3.352536865234375000e+03
4.163659179687500000e+03
4.250073730468750000e+03
3.179745849609375000e+03
2.609294189453125000e+03
2.789392089843750000e+03
2.994080078125000000e+03
4.464485351562500000e+03
4.937016113281250000e+03
3.184539306640625000e+03
3.062554687500000000e+03
5.142364746093750000e+03
4.822685058593750000e+03
3.485209716796875000e+03
4.273962402343750000e+03
4.856988281250000000e+03
4.110414550781250000e+03
3.548777587890625000e+03
3.782128662109375000e+03
4.107145507812500000e+03
3.657571289062500000e+03
3.284554931640625000e+03
2.949955078125000000e+03
2.974336181640625000e+03
2.948274902343750000e+03
2.851802246093750000e+03
3.188548339843750000e+03
4.156716796875000000e+03
4.233617675781250000e+03
3.211442626953125000e+03
2.725886962890625000e+03
2.563114501953125000e+03
2.672173583984375000e+03
2.652936767578125000e+03
3.762887207031250000e+03
5.304994140625000000e+03
3.541951904296875000e+03
2.699060791015625000e+03
4.590664550781250000e+03
5.451199707031250000e+03
3.725691894531250000e+03
3.429976318359375000e+03
5.668874023437500000e+03
4.645174804687500000e+03
4.013164062500000000e+03
5.631507324218750000e+03
4.273949707031250000e+03
4.186299804687500000e+03
4.788760742187500000e+03
4.149782714843750000e+03
3.828047363281250000e+03
3.565558349609375000e+03
3.820469726562500000e+03
3.872922363281250000e+03
3.276247558593750000e+03
3.021032714843750000e+03
2.847832519531250000e+03
2.804403564453125000e+03
2.598553222656250000e+03
2.417551025390625000e+03
2.421980468750000000e+03
2.687850830078125000e+03
4.081177001953125000e+03
5.396248046875000000e+03
3.464358886718750000e+03
2.706611083984375000e+03
4.843931152343750000e+03
5.194606445312500000e+03
3.621360351562500000e+03
3.909536621093750000e+03
4.538695800781250000e+03
4.157223632812500000e+03
3.490970947265625000e+03
3.516026367187500000e+03
3.579624511718750000e+03
3.891838623046875000e+03
3.585416748046875000e+03
2.827811035156250000e+03
2.848423339843750000e+03
2.844285644531250000e+03
2.645558837890625000e+03
2.589243896484375000e+03
2.605088867187500000e+03
2.954085693359375000e+03
4.569119628906250000e+03
4.529864746093750000e+03
2.951622558593750000e+03
3.078335693359375000e+03
4.956252929687500000e+03
4.913983398437500000e+03
3.553447509765625000e+03
3.861824218750000000e+03
5.080015136718750000e+03
4.360734863281250000e+03
3.608436035156250000e+03
4.152528808593750000e+03
4.434720703125000000e+03
3.815333251953125000e+03
3.445718750000000000e+03
3.374083984375000000e+03
3.407802001953125000e+03
3.516432373046875000e+03
3.362266357421875000e+03
3.382271240234375000e+03
3.356182373046875000e+03
3.211441406250000000e+03
3.724335937500000000e+03
3.822790039062500000e+03
3.161823242187500000e+03
3.235804687500000000e+03
3.383581542968750000e+03
4.254546386718750000e+03
3.952292236328125000e+03
3.043137939453125000e+03
2.897000732421875000e+03
2.728828125000000000e+03
2.858712890625000000e+03
3.149463378906250000e+03
4.442076660156250000e+03
4.595547851562500000e+03
3.082236328125000000e+03
3.516742187500000000e+03
4.483834960937500000e+03
3.804847412109375000e+03
3.278380371093750000e+03
2.877625244140625000e+03
2.980121337890625000e+03
4.609171386718750000e+03
4.136727050781250000e+03
2.934392578125000000e+03
3.637983886718750000e+03
4.634949707031250000e+03
4.018791015625000000e+03
3.206651611328125000e+03
3.188050537109375000e+03
4.298664062500000000e+03
4.711788085937500000e+03
3.647395507812500000e+03
3.593587890625000000e+03
4.370061035156250000e+03
4.555835449218750000e+03
3.767333984375000000e+03
3.629359619140625000e+03
4.101508789062500000e+03
4.129375488281250000e+03
3.485791748046875000e+03
3.074789306640625000e+03
3.101974609375000000e+03
3.469295654296875000e+03
3.782257080078125000e+03
3.375581542968750000e+03
3.047946533203125000e+03
3.297332519531250000e+03
3.395422363281250000e+03
3.607666748046875000e+03
3.581977539062500000e+03
3.248617919921875000e+03
3.263720214843750000e+03
3.490945556640625000e+03
3.755632568359375000e+03
4.028852294921875000e+03
3.294357666015625000e+03
2.928366699218750000e+03
3.051717529296875000e+03
3.353481201171875000e+03
4.057337890625000000e+03
4.100580566406250000e+03
3.316140869140625000e+03
2.799257324218750000e+03
3.017559082031250000e+03
2.618377441406250000e+03
2.629489746093750000e+03
2.676989013671875000e+03
2.582508544921875000e+03
3.384244628906250000e+03
4.572935058593750000e+03
4.056520019531250000e+03
2.715951416015625000e+03
2.591040039062500000e+03
3.289165039062500000e+03
4.805612792968750000e+03
4.280692382812500000e+03
2.915283203125000000e+03
2.835665283203125000e+03
5.234288085937500000e+03
4.903422851562500000e+03
3.724230712890625000e+03
4.941445800781250000e+03
4.311865722656250000e+03
3.786911865234375000e+03
3.481269287109375000e+03
3.348274414062500000e+03
3.572083984375000000e+03
3.294224365234375000e+03
2.820320312500000000e+03
2.831674560546875000e+03
2.901207519531250000e+03
2.858596191406250000e+03
3.679061279296875000e+03
4.174723144531250000e+03
3.234800048828125000e+03
2.697154052734375000e+03
2.654951904296875000e+03
2.609962402343750000e+03
3.384712402343750000e+03
4.378017089843750000e+03
3.678647949218750000e+03
2.833803222656250000e+03
2.532947265625000000e+03
2.643545410156250000e+03
3.645540283203125000e+03
4.370770019531250000e+03
3.411927978515625000e+03
2.716127685546875000e+03
2.517448242187500000e+03
2.372141601562500000e+03
2.448808349609375000e+03
2.337911132812500000e+03
2.597889404296875000e+03
4.307533691406250000e+03
5.305882324218750000e+03
3.232251708984375000e+03
3.728331054687500000e+03
6.468817871093750000e+03
4.182800781250000000e+03
5.290382324218750000e+03
5.622306640625000000e+03
3.977802246093750000e+03
4.445000000000000000e+03
4.978774902343750000e+03
4.493044433593750000e+03
3.777366699218750000e+03
3.948667968750000000e+03
4.285954101562500000e+03
3.566329345703125000e+03
3.242837890625000000e+03
3.446460693359375000e+03
3.011562255859375000e+03
2.981455078125000000e+03
2.841375244140625000e+03
2.651084960937500000e+03
2.474935546875000000e+03
2.453197753906250000e+03
2.593380126953125000e+03
3.428136718750000000e+03
5.279200195312500000e+03
3.640836914062500000e+03
2.873517089843750000e+03
5.528728515625000000e+03
4.380571777343750000e+03
3.591342529296875000e+03
4.584536132812500000e+03
3.948476318359375000e+03
3.565580322265625000e+03
3.114150878906250000e+03
3.232293945312500000e+03
3.876953613281250000e+03
3.498532714843750000e+03
2.842608642578125000e+03
2.645444580078125000e+03
3.055936523437500000e+03
3.454851074218750000e+03
3.733783691406250000e+03
3.590018310546875000e+03
3.042081298828125000e+03
2.568222900390625000e+03
2.601343017578125000e+03
2.391194580078125000e+03
2.479251464843750000e+03
3.590457275390625000e+03
4.646652832031250000e+03
3.362347656250000000e+03
2.327178955078125000e+03
3.045270019531250000e+03
5.130016601562500000e+03
3.799081542968750000e+03
2.851556396484375000e+03
4.942438476562500000e+03
4.763483886718750000e+03
3.802561523437500000e+03
4.008369873046875000e+03
3.907790283203125000e+03
3.599405517578125000e+03
3.381128662109375000e+03
2.855031005859375000e+03
2.707537353515625000e+03
3.012750244140625000e+03
2.999869384765625000e+03
3.531570068359375000e+03
3.811219970703125000e+03
3.161307373046875000e+03
2.889738525390625000e+03
3.017414062500000000e+03
3.920624267578125000e+03
3.996066894531250000e+03
2.736851562500000000e+03
2.439922851562500000e+03
3.067874755859375000e+03
4.356548828125000000e+03
3.976836914062500000e+03
2.760645019531250000e+03
2.633125000000000000e+03
4.073650634765625000e+03
4.506630859375000000e+03
3.249734619140625000e+03
3.543144042968750000e+03
4.314647460937500000e+03
3.810411376953125000e+03
3.217580322265625000e+03
3.183433593750000000e+03
3.788022216796875000e+03
4.023556396484375000e+03
3.244117919921875000e+03
2.760257812500000000e+03
3.273527343750000000e+03
3.600291748046875000e+03
3.253006591796875000e+03
2.923568847656250000e+03
2.543192871093750000e+03
2.553392333984375000e+03
2.606896484375000000e+03
2.621738037109375000e+03
3.478310058593750000e+03
4.633545410156250000e+03
3.490023681640625000e+03
2.640245849609375000e+03
3.346236083984375000e+03
4.927019042968750000e+03
3.725616210937500000e+03
3.369198974609375000e+03
5.155081542968750000e+03
3.982010986328125000e+03
3.404258056640625000e+03
3.696978027343750000e+03
4.047371337890625000e+03
3.786896972656250000e+03
2.969180908203125000e+03
2.844270996093750000e+03
3.223747314453125000e+03
3.212994628906250000e+03
3.069283935546875000e+03
2.971797363281250000e+03
2.968172607421875000e+03
3.179487304687500000e+03
3.415333984375000000e+03
3.498271240234375000e+03
3.329193847656250000e+03
3.050989013671875000e+03
3.145710205078125000e+03
3.776459228515625000e+03
3.821022705078125000e+03
3.010979736328125000e+03
2.753946533203125000e+03
2.669290283203125000e+03
2.831070556640625000e+03
3.672134277343750000e+03
3.506384033203125000e+03
2.824446533203125000e+03
2.894316650390625000e+03
2.671476074218750000e+03
3.259561523437500000e+03
4.080097167968750000e+03
3.308672607421875000e+03
2.605414306640625000e+03
2.597211669921875000e+03
2.428696533203125000e+03
2.462371093750000000e+03
2.756337158203125000e+03
3.490927001953125000e+03
4.188913574218750000e+03
3.344158935546875000e+03
2.396050781250000000e+03
2.546767578125000000e+03
2.971883544921875000e+03
3.392438720703125000e+03
3.796259033203125000e+03
3.316364013671875000e+03
2.580962402343750000e+03
2.530192626953125000e+03
2.450642578125000000e+03
2.684304199218750000e+03
3.605932861328125000e+03
4.112831542968750000e+03
3.006612060546875000e+03
2.233070800781250000e+03
2.478686279296875000e+03
3.016373046875000000e+03
4.446463378906250000e+03
4.059430664062500000e+03
2.749637695312500000e+03
3.319332031250000000e+03
5.041529785156250000e+03
4.010011962890625000e+03
3.557920898437500000e+03
5.001502441406250000e+03
4.239378417968750000e+03
3.940485839843750000e+03
3.895260009765625000e+03
3.712235839843750000e+03
3.724418701171875000e+03
3.137687011718750000e+03
2.815867675781250000e+03
2.877467285156250000e+03
2.699652832031250000e+03
2.471039062500000000e+03
2.364749023437500000e+03
2.388003417968750000e+03
2.366066650390625000e+03
3.061192626953125000e+03
4.509464843750000000e+03
3.438103515625000000e+03
2.286648681640625000e+03
2.778099853515625000e+03
4.188757812500000000e+03
3.971564208984375000e+03
2.849303955078125000e+03
2.356698242187500000e+03
3.247977294921875000e+03
4.806551757812500000e+03
3.566609375000000000e+03
2.974648681640625000e+03
4.417679687500000000e+03
4.528216796875000000e+03
3.453162353515625000e+03
3.374311523437500000e+03
3.712472412109375000e+03
3.811656982421875000e+03
3.054397705078125000e+03
2.743161865234375000e+03
2.888324951171875000e+03
2.935348632812500000e+03
2.879919677734375000e+03
3.133980712890625000e+03
3.544914550781250000e+03
3.161896240234375000e+03
2.587518554687500000e+03
2.513388916015625000e+03
2.839195068359375000e+03
3.452657714843750000e+03
3.556790527343750000e+03
3.114376220703125000e+03
2.675515625000000000e+03
2.616929931640625000e+03
3.393805175781250000e+03
3.959762695312500000e+03
3.230727050781250000e+03
2.504832763671875000e+03
2.443596923828125000e+03
2.495946777343750000e+03
2.560307128906250000e+03
3.340698730468750000e+03
4.029666992187500000e+03
3.203011962890625000e+03
2.376092285156250000e+03
2.460324218750000000e+03
3.465034667968750000e+03
4.048791503906250000e+03
3.188688964843750000e+03
2.588901855468750000e+03
2.332396240234375000e+03
2.422075195312500000e+03
2.676242919921875000e+03
3.584942626953125000e+03
3.835064941406250000e+03
3.044175048828125000e+03
2.348658447265625000e+03
2.077147460937500000e+03
2.216294921875000000e+03
2.297338378906250000e+03
3.073683593750000000e+03
5.399138183593750000e+03
3.350120849609375000e+03
3.177469238281250000e+03
6.401461914062500000e+03
3.684125000000000000e+03
5.762666015625000000e+03
4.584874511718750000e+03
3.228616699218750000e+03
4.254516113281250000e+03
4.155478515625000000e+03
3.512668701171875000e+03
3.020728027343750000e+03
3.598354980468750000e+03
4.442907714843750000e+03
3.514421630859375000e+03
3.358972656250000000e+03
3.997628173828125000e+03
3.787359863281250000e+03
3.128598876953125000e+03
3.061822265625000000e+03
3.145399414062500000e+03
3.005875000000000000e+03
2.987073242187500000e+03
2.911670410156250000e+03
2.547081542968750000e+03
2.674053955078125000e+03
3.392444580078125000e+03
3.255064208984375000e+03
2.598749755859375000e+03
2.550866455078125000e+03
2.858466552734375000e+03
3.594989746093750000e+03
3.758802246093750000e+03
2.798260986328125000e+03
2.248803466796875000e+03
2.259157714843750000e+03
2.561205810546875000e+03
3.210660400390625000e+03
4.267341796875000000e+03
3.311333984375000000e+03
