9.590406250000000000e+04
2.460876718750000000e+05
1.794954218750000000e+05
4.879536328125000000e+04
1.275187812500000000e+05
1.520632343750000000e+05
1.081386562500000000e+05
3.685204296875000000e+04
6.920743750000000000e+04
9.939995312500000000e+04
8.590887500000000000e+04
4.436089453125000000e+04
3.039011132812500000e+04
6.017831250000000000e+04
6.314442578125000000e+04
4.154614062500000000e+04
2.085454687500000000e+04
3.743520312500000000e+04
4.640515625000000000e+04
3.536473046875000000e+04
1.815994921875000000e+04
2.644532226562500000e+04
3.485568359375000000e+04
2.716376171875000000e+04
1.491697558593750000e+04
2.247572460937500000e+04
2.724438281250000000e+04
1.879698437500000000e+04
1.344510644531250000e+04
2.093438476562500000e+04
1.935485351562500000e+04
1.133531054687500000e+04
1.595055273437500000e+04
1.771609570312500000e+04
1.071185351562500000e+04
1.301479492187500000e+04
1.503593164062500000e+04
9.167617187500000000e+03
1.233435742187500000e+04
1.250816796875000000e+04
8.055471191406250000e+03
1.169250878906250000e+04
9.179127929687500000e+03
8.737316406250000000e+03
1.011514160156250000e+04
6.914770507812500000e+03
9.316445312500000000e+03
6.681859375000000000e+03
8.232717773437500000e+03
6.960123046875000000e+03
7.379283691406250000e+03
6.709359863281250000e+03
6.818437988281250000e+03
6.136770019531250000e+03
6.649180664062500000e+03
5.486925292968750000e+03
6.695494628906250000e+03
4.942869628906250000e+03
6.694109863281250000e+03
4.534238281250000000e+03
6.014552734375000000e+03
4.755602539062500000e+03
4.619133789062500000e+03
5.411536132812500000e+03
4.096602539062500000e+03
4.449616699218750000e+03
4.987160156250000000e+03
3.962475341796875000e+03
3.833340332031250000e+03
4.673301757812500000e+03
4.425446289062500000e+03
3.599724853515625000e+03
3.404388916015625000e+03
3.916552246093750000e+03
4.567885742187500000e+03
4.261704101562500000e+03
3.557403076171875000e+03
3.213586914062500000e+03
3.087408691406250000e+03
3.051918945312500000e+03
3.232031005859375000e+03
4.125097167968750000e+03
5.591687500000000000e+03
4.508373046875000000e+03
3.395329345703125000e+03
3.090639648437500000e+03
3.529665527343750000e+03
5.202954589843750000e+03
5.622043457031250000e+03
3.606994384765625000e+03
2.737307617187500000e+03
2.618119873046875000e+03
2.558093505859375000e+03
2.730428710937500000e+03
4.001528076171875000e+03
7.419042480468750000e+03
3.428537597656250000e+03
2.708585937500000000e+03
5.805597167968750000e+03
6.722907714843750000e+03
3.388386962890625000e+03
4.232763183593750000e+03
8.898119140625000000e+03
4.091007324218750000e+03
8.741210937500000000e+03
3.839904296875000000e+03
4.608529785156250000e+03
8.903000976562500000e+03
3.740817871093750000e+03
9.979305664062500000e+03
3.121493408203125000e+03
1.030173339843750000e+04
3.502718994140625000e+03
1.058333691406250000e+04
3.502172851562500000e+03
1.165680566406250000e+04
4.825640136718750000e+03
1.572840429687500000e+04
1.432306250000000000e+04
6.396009277343750000e+03
1.025251074218750000e+04
5.453668945312500000e+03
5.523902832031250000e+03
8.675403320312500000e+03
5.294740722656250000e+03
1.035202343750000000e+04
6.013317871093750000e+03
1.206541699218750000e+04
9.802053710937500000e+03
9.441602539062500000e+03
1.052811523437500000e+04
6.736562500000000000e+03
7.905394531250000000e+03
6.799014648437500000e+03
5.908725097656250000e+03
7.694218750000000000e+03
4.609714355468750000e+03
9.524756835937500000e+03
5.549414550781250000e+03
1.029250488281250000e+04
7.115875976562500000e+03
1.068320117187500000e+04
1.007150292968750000e+04
7.429141113281250000e+03
9.081207031250000000e+03
5.599937988281250000e+03
6.250947265625000000e+03
6.492553222656250000e+03
4.681313476562500000e+03
7.674190429687500000e+03
4.231616699218750000e+03
8.066578125000000000e+03
4.129910644531250000e+03
8.795216796875000000e+03
4.448183105468750000e+03
9.566386718750000000e+03
5.550633300781250000e+03
1.061227832031250000e+04
8.761730468750000000e+03
8.234612304687500000e+03
8.981295898437500000e+03
6.427327148437500000e+03
7.375016601562500000e+03
5.870242675781250000e+03
5.371240722656250000e+03
6.607973144531250000e+03
4.290383789062500000e+03
7.487425292968750000e+03
4.069390625000000000e+03
7.743565429687500000e+03
4.014647949218750000e+03
7.687751464843750000e+03
3.520502929687500000e+03
7.875094726562500000e+03
3.993428955078125000e+03
7.890556152343750000e+03
3.407361572265625000e+03
7.888666503906250000e+03
3.503354248046875000e+03
8.032967285156250000e+03
3.441950683593750000e+03
8.031142089843750000e+03
3.307567871093750000e+03
8.421461914062500000e+03
3.420940917968750000e+03
9.571675781250000000e+03
4.933004394531250000e+03
1.164566406250000000e+04
1.101577148437500000e+04
5.731306152343750000e+03
9.471076171875000000e+03
3.461827392578125000e+03
7.150213867187500000e+03
3.648767578125000000e+03
5.046544433593750000e+03
5.486906738281250000e+03
3.690535400390625000e+03
5.858753417968750000e+03
3.222785644531250000e+03
4.617018554687500000e+03
4.732830078125000000e+03
3.200153076171875000e+03
4.915275390625000000e+03
3.858886962890625000e+03
3.361580566406250000e+03
5.180884765625000000e+03
3.620820556640625000e+03
3.998892578125000000e+03
5.025175781250000000e+03
3.327003906250000000e+03
4.486552734375000000e+03
4.269607421875000000e+03
3.353894531250000000e+03
4.587696289062500000e+03
3.604123291015625000e+03
3.334692382812500000e+03
4.652641601562500000e+03
3.267041015625000000e+03
3.647007080078125000e+03
4.339308105468750000e+03
3.080025634765625000e+03
3.532746337890625000e+03
3.901656005859375000e+03
3.219562255859375000e+03
2.826878906250000000e+03
3.334447021484375000e+03
3.610678222656250000e+03
3.026331542968750000e+03
2.961213867187500000e+03
2.726343750000000000e+03
3.116408935546875000e+03
2.782261230468750000e+03
2.883405517578125000e+03
2.649324951171875000e+03
2.547413574218750000e+03
2.406046630859375000e+03
2.475465087890625000e+03
2.287339355468750000e+03
2.539072753906250000e+03
2.713224365234375000e+03
3.830235351562500000e+03
3.914606201171875000e+03
2.729625244140625000e+03
2.530077392578125000e+03
2.550403808593750000e+03
3.413662841796875000e+03
4.046175292968750000e+03
3.306689941406250000e+03
2.541095703125000000e+03
2.630459228515625000e+03
3.712243652343750000e+03
4.172636230468750000e+03
3.034339355468750000e+03
2.513825683593750000e+03
2.868186279296875000e+03
3.985316406250000000e+03
3.983210205078125000e+03
2.752072021484375000e+03
2.506579589843750000e+03
4.033950683593750000e+03
4.511347167968750000e+03
3.086281982421875000e+03
3.016283935546875000e+03
4.347641113281250000e+03
3.549056884765625000e+03
3.054610595703125000e+03
3.209435546875000000e+03
3.773810546875000000e+03
3.492027587890625000e+03
2.922628417968750000e+03
2.903956542968750000e+03
3.025307373046875000e+03
3.501327636718750000e+03
3.395541992187500000e+03
2.941045654296875000e+03
2.603658691406250000e+03
2.574052978515625000e+03
2.454370849609375000e+03
2.483600341796875000e+03
2.508698242187500000e+03
3.148935302734375000e+03
4.056487060546875000e+03
3.631143066406250000e+03
2.749757324218750000e+03
2.442333007812500000e+03
2.862697021484375000e+03
4.227115234375000000e+03
3.976312744140625000e+03
2.947900390625000000e+03
2.550397216796875000e+03
3.413416259765625000e+03
4.199520019531250000e+03
3.406448242187500000e+03
2.917499267578125000e+03
2.940143066406250000e+03
3.713230957031250000e+03
3.647108642578125000e+03
2.933366210937500000e+03
2.572447021484375000e+03
2.648321533203125000e+03
2.943525878906250000e+03
3.806905517578125000e+03
3.608611572265625000e+03
2.747016357421875000e+03
2.561125244140625000e+03
2.390833740234375000e+03
2.503010742187500000e+03
2.450714355468750000e+03
3.181970214843750000e+03
4.549041015625000000e+03
3.827966064453125000e+03
2.900946044921875000e+03
3.231409179687500000e+03
4.675049316406250000e+03
3.822825927734375000e+03
3.169615234375000000e+03
4.732051757812500000e+03
4.229496093750000000e+03
3.339502929687500000e+03
4.104155761718750000e+03
4.132674804687500000e+03
3.392022949218750000e+03
3.181324218750000000e+03
3.583568359375000000e+03
3.558532226562500000e+03
3.256734863281250000e+03
2.938471923828125000e+03
2.662401367187500000e+03
2.696640380859375000e+03
2.528094238281250000e+03
2.645222167968750000e+03
2.876859619140625000e+03
3.641293212890625000e+03
4.167849121093750000e+03
3.088543701171875000e+03
2.538138671875000000e+03
2.461364257812500000e+03
2.813386230468750000e+03
3.802330078125000000e+03
4.157444824218750000e+03
3.167689941406250000e+03
2.397609863281250000e+03
2.512696533203125000e+03
2.402948486328125000e+03
2.429700683593750000e+03
3.016028564453125000e+03
4.824891601562500000e+03
4.126882812500000000e+03
2.901467285156250000e+03
3.848869384765625000e+03
4.973571289062500000e+03
3.679357177734375000e+03
3.496018554687500000e+03
4.603021484375000000e+03
4.227324218750000000e+03
3.585747070312500000e+03
3.612402587890625000e+03
4.104664550781250000e+03
4.051666503906250000e+03
3.514325195312500000e+03
3.400715576171875000e+03
3.428648925781250000e+03
3.524706542968750000e+03
3.205783203125000000e+03
3.051199707031250000e+03
2.933590087890625000e+03
3.015072021484375000e+03
3.172500976562500000e+03
3.302920410156250000e+03
3.515702880859375000e+03
3.555772705078125000e+03
3.307580566406250000e+03
3.037441406250000000e+03
2.819600341796875000e+03
3.042637939453125000e+03
3.136957031250000000e+03
3.437630859375000000e+03
3.744830566406250000e+03
3.314778564453125000e+03
2.858257080078125000e+03
2.644078857421875000e+03
2.753056640625000000e+03
2.474898193359375000e+03
2.923605712890625000e+03
3.660775878906250000e+03
4.084057861328125000e+03
3.766104736328125000e+03
2.909421875000000000e+03
2.848012939453125000e+03
3.132806884765625000e+03
3.059663085937500000e+03
3.681862304687500000e+03
3.599584716796875000e+03
3.065947753906250000e+03
3.094098876953125000e+03
3.047536865234375000e+03
3.002014892578125000e+03
3.217071533203125000e+03
3.470903076171875000e+03
3.503757568359375000e+03
3.276533935546875000e+03
3.185467529296875000e+03
3.111689941406250000e+03
3.220871582031250000e+03
3.384837402343750000e+03
3.519492919921875000e+03
3.354957275390625000e+03
3.079323974609375000e+03
3.148709960937500000e+03
2.998457031250000000e+03
3.010169677734375000e+03
3.082836914062500000e+03
3.353421630859375000e+03
3.638532226562500000e+03
3.911334716796875000e+03
3.615334228515625000e+03
3.146554931640625000e+03
3.102574218750000000e+03
3.112024902343750000e+03
2.953371582031250000e+03
3.123326660156250000e+03
3.181994384765625000e+03
3.183049072265625000e+03
3.391248535156250000e+03
3.346785400390625000e+03
3.389304199218750000e+03
3.200593017578125000e+03
3.048949951171875000e+03
3.340549316406250000e+03
3.557876708984375000e+03
3.384916015625000000e+03
3.519466064453125000e+03
3.492868896484375000e+03
3.120498046875000000e+03
3.291499511718750000e+03
3.001390869140625000e+03
2.813432861328125000e+03
2.826239013671875000e+03
2.756793212890625000e+03
2.791851318359375000e+03
2.792104492187500000e+03
3.275204345703125000e+03
4.116890625000000000e+03
4.042863281250000000e+03
3.143700683593750000e+03
2.927500000000000000e+03
2.988065917968750000e+03
3.180961914062500000e+03
3.510927734375000000e+03
3.710846923828125000e+03
3.494569335937500000e+03
3.269927734375000000e+03
3.041447998046875000e+03
2.916033203125000000e+03
2.844403320312500000e+03
2.614862304687500000e+03
2.931892333984375000e+03
3.504465332031250000e+03
4.297115234375000000e+03
4.458539062500000000e+03
3.310949951171875000e+03
2.737748291015625000e+03
2.908315917968750000e+03
2.875967285156250000e+03
3.049111572265625000e+03
3.697633056640625000e+03
4.307940429687500000e+03
3.730891357421875000e+03
2.993339599609375000e+03
2.769635253906250000e+03
2.581830078125000000e+03
2.709078125000000000e+03
2.815305908203125000e+03
4.651833984375000000e+03
4.860445800781250000e+03
3.045433349609375000e+03
3.382458984375000000e+03
4.888941406250000000e+03
4.068300292968750000e+03
3.298356689453125000e+03
4.369249023437500000e+03
4.991695312500000000e+03
4.032230957031250000e+03
3.402483398437500000e+03
3.857091552734375000e+03
4.703759765625000000e+03
3.801099853515625000e+03
3.322601074218750000e+03
3.414025390625000000e+03
3.472544921875000000e+03
3.316435058593750000e+03
3.072716064453125000e+03
2.899767333984375000e+03
2.989913330078125000e+03
3.048382080078125000e+03
3.712634521484375000e+03
4.207036621093750000e+03
3.340012207031250000e+03
2.972943359375000000e+03
2.946716552734375000e+03
2.853130859375000000e+03
3.046124023437500000e+03
3.740844970703125000e+03
3.899704345703125000e+03
3.700270996093750000e+03
3.326791259765625000e+03
3.149150390625000000e+03
3.359692626953125000e+03
3.886364013671875000e+03
3.806155029296875000e+03
3.217584716796875000e+03
3.200711669921875000e+03
3.194266845703125000e+03
3.225083251953125000e+03
3.804891601562500000e+03
3.700118896484375000e+03
3.720763183593750000e+03
3.466477050781250000e+03
3.057383056640625000e+03
3.429945312500000000e+03
3.472336914062500000e+03
3.430502685546875000e+03
3.370364746093750000e+03
3.194396972656250000e+03
3.457986572265625000e+03
3.122604003906250000e+03
3.435876708984375000e+03
3.910257568359375000e+03
3.114474853515625000e+03
3.280095703125000000e+03
3.538048583984375000e+03
3.290126953125000000e+03
4.141572753906250000e+03
4.054001220703125000e+03
3.325675537109375000e+03
3.031957275390625000e+03
3.059866699218750000e+03
2.970190917968750000e+03
3.219262939453125000e+03
3.892681640625000000e+03
3.810606689453125000e+03
3.295118652343750000e+03
3.128667236328125000e+03
3.661741210937500000e+03
4.190850097656250000e+03
3.543445556640625000e+03
3.373572509765625000e+03
3.335113525390625000e+03
2.945938720703125000e+03
3.648937255859375000e+03
4.024117919921875000e+03
3.411889648437500000e+03
3.496389648437500000e+03
3.352205322265625000e+03
3.333698730468750000e+03
3.737242675781250000e+03
3.710804931640625000e+03
3.416320068359375000e+03
3.331832031250000000e+03
3.457389648437500000e+03
3.439055664062500000e+03
3.805583251953125000e+03
4.225281250000000000e+03
3.706760253906250000e+03
3.227731933593750000e+03
3.211034179687500000e+03
3.342232666015625000e+03
3.708739990234375000e+03
3.963168212890625000e+03
3.799062744140625000e+03
3.213883056640625000e+03
3.099089599609375000e+03
3.481359619140625000e+03
3.174223632812500000e+03
3.606351562500000000e+03
4.034185058593750000e+03
3.688798339843750000e+03
3.402591552734375000e+03
3.305292236328125000e+03
3.503088378906250000e+03
3.640291259765625000e+03
3.384587646484375000e+03
3.483990234375000000e+03
3.815707519531250000e+03
3.845334960937500000e+03
3.821551513671875000e+03
3.827303955078125000e+03
3.340523681640625000e+03
3.488007568359375000e+03
3.611668212890625000e+03
3.640089355468750000e+03
3.883026367187500000e+03
3.887909667968750000e+03
3.482521972656250000e+03
3.670501708984375000e+03
4.046777587890625000e+03
3.907961181640625000e+03
3.532939941406250000e+03
3.404577636718750000e+03
3.506040039062500000e+03
3.663783203125000000e+03
3.500235595703125000e+03
3.405746582031250000e+03
3.294019042968750000e+03
3.281806396484375000e+03
3.428363525390625000e+03
3.807898681640625000e+03
3.937367187500000000e+03
3.506362060546875000e+03
3.425905517578125000e+03
3.382964355468750000e+03
3.632747070312500000e+03
4.213621093750000000e+03
3.876002685546875000e+03
3.012891845703125000e+03
3.146161865234375000e+03
3.163551269531250000e+03
2.805492919921875000e+03
3.633393066406250000e+03
4.548431152343750000e+03
3.558710937500000000e+03
2.979584716796875000e+03
2.985400878906250000e+03
2.787743164062500000e+03
3.153756591796875000e+03
3.468991943359375000e+03
3.690092041015625000e+03
4.284248046875000000e+03
4.056138183593750000e+03
3.242259277343750000e+03
2.793828613281250000e+03
2.866406250000000000e+03
3.738614990234375000e+03
4.840285644531250000e+03
3.697322509765625000e+03
2.887907226562500000e+03
2.921575195312500000e+03
3.173773925781250000e+03
3.746989746093750000e+03
4.257240722656250000e+03
3.669174316406250000e+03
3.093677734375000000e+03
3.066421875000000000e+03
3.401956298828125000e+03
3.990851318359375000e+03
3.916805908203125000e+03
3.589093750000000000e+03
3.220118408203125000e+03
3.109539062500000000e+03
3.680105957031250000e+03
3.875125244140625000e+03
3.690513916015625000e+03
3.965794677734375000e+03
3.432822265625000000e+03
3.203377929687500000e+03
4.081794921875000000e+03
4.233458984375000000e+03
3.309694335937500000e+03
3.216511230468750000e+03
3.084620849609375000e+03
3.314625976562500000e+03
4.019898681640625000e+03
4.353872558593750000e+03
3.425958740234375000e+03
2.868011962890625000e+03
2.975594726562500000e+03
2.972930664062500000e+03
3.227583007812500000e+03
4.250604980468750000e+03
4.516994628906250000e+03
3.526669921875000000e+03
2.893495849609375000e+03
3.069216064453125000e+03
3.190520996093750000e+03
2.963280517578125000e+03
2.780129394531250000e+03
3.371182617187500000e+03
4.233591796875000000e+03
4.048323730468750000e+03
3.232117919921875000e+03
2.689125000000000000e+03
2.711463867187500000e+03
3.320330078125000000e+03
4.543740722656250000e+03
4.355714843750000000e+03
3.066870605468750000e+03
2.576087402343750000e+03
3.501013916015625000e+03
4.397729003906250000e+03
4.216849121093750000e+03
3.062957031250000000e+03
2.438362060546875000e+03
2.779357666015625000e+03
4.015829589843750000e+03
4.942127929687500000e+03
3.497767333984375000e+03
2.495918945312500000e+03
3.468016845703125000e+03
6.044715332031250000e+03
3.973320556640625000e+03
3.761961181640625000e+03
6.858707031250000000e+03
4.104931152343750000e+03
5.436246582031250000e+03
5.660317382812500000e+03
3.545391845703125000e+03
4.989409179687500000e+03
4.997789550781250000e+03
3.634419921875000000e+03
3.586207519531250000e+03
4.870986816406250000e+03
4.246221679687500000e+03
3.447799560546875000e+03
4.700289062500000000e+03
4.463291503906250000e+03
3.737345947265625000e+03
4.099794433593750000e+03
4.155926269531250000e+03
3.705106933593750000e+03
3.429716064453125000e+03
3.180662353515625000e+03
3.147474365234375000e+03
3.191999023437500000e+03
3.217592041015625000e+03
3.300958984375000000e+03
3.441817626953125000e+03
3.122137695312500000e+03
3.471907958984375000e+03
4.023072265625000000e+03
3.269391357421875000e+03
2.592097412109375000e+03
2.484789550781250000e+03
2.655493652343750000e+03
3.693223632812500000e+03
4.699996093750000000e+03
3.498825927734375000e+03
2.733192626953125000e+03
2.538105712890625000e+03
3.634132324218750000e+03
5.056060546875000000e+03
3.696385253906250000e+03
2.893941406250000000e+03
4.923354003906250000e+03
5.058348144531250000e+03
3.893833984375000000e+03
4.157350585937500000e+03
4.119563476562500000e+03
3.927257568359375000e+03
3.175214599609375000e+03
3.107737060546875000e+03
3.347072509765625000e+03
3.443497070312500000e+03
3.365169921875000000e+03
2.950986328125000000e+03
2.675177978515625000e+03
2.627029052734375000e+03
2.630281738281250000e+03
2.458134765625000000e+03
3.354115234375000000e+03
4.552932128906250000e+03
3.554528076171875000e+03
2.580079345703125000e+03
2.260252685546875000e+03
2.847064697265625000e+03
4.522947753906250000e+03
4.575500488281250000e+03
2.930193847656250000e+03
2.664764648437500000e+03
5.106481445312500000e+03
4.705476074218750000e+03
3.413672851562500000e+03
4.707871093750000000e+03
4.710150390625000000e+03
4.024791015625000000e+03
3.643766601562500000e+03
3.660315673828125000e+03
3.897602050781250000e+03
3.414737060546875000e+03
2.874464599609375000e+03
3.097786621093750000e+03
3.190201416015625000e+03
2.847192626953125000e+03
3.111887695312500000e+03
3.283140869140625000e+03
3.159546875000000000e+03
3.427087646484375000e+03
3.466133300781250000e+03
3.577647216796875000e+03
3.397007080078125000e+03
3.103175292968750000e+03
3.291064697265625000e+03
3.844453613281250000e+03
3.778089355468750000e+03
3.098980224609375000e+03
2.520780517578125000e+03
2.987663330078125000e+03
3.096930664062500000e+03
3.566854736328125000e+03
4.230025878906250000e+03
3.288650878906250000e+03
2.914359863281250000e+03
2.745637207031250000e+03
2.695488037109375000e+03
2.602361572265625000e+03
2.341778076171875000e+03
2.665249755859375000e+03
3.022744873046875000e+03
4.635450195312500000e+03
4.211738769531250000e+03
2.670780273437500000e+03
4.415581542968750000e+03
5.264912597656250000e+03
3.949164062500000000e+03
4.298345703125000000e+03
4.410705078125000000e+03
4.239716796875000000e+03
3.397182861328125000e+03
3.268089355468750000e+03
3.526749511718750000e+03
3.175356933593750000e+03
2.849613037109375000e+03
2.786348632812500000e+03
2.865724609375000000e+03
2.602451171875000000e+03
2.563409423828125000e+03
3.203179199218750000e+03
3.651289062500000000e+03
4.124403320312500000e+03
3.671904296875000000e+03
2.542554687500000000e+03
2.377675537109375000e+03
2.618287353515625000e+03
2.544949218750000000e+03
3.718758056640625000e+03
4.448497558593750000e+03
3.003078369140625000e+03
2.546433593750000000e+03
3.493513916015625000e+03
4.825831542968750000e+03
3.687227050781250000e+03
2.699509033203125000e+03
3.994508056640625000e+03
5.427729003906250000e+03
3.876074951171875000e+03
3.937892333984375000e+03
4.543336914062500000e+03
4.233152832031250000e+03
3.464744384765625000e+03
3.785403564453125000e+03
4.255852539062500000e+03
3.715172851562500000e+03
3.283700195312500000e+03
3.238739746093750000e+03
3.080619873046875000e+03
3.218076416015625000e+03
3.094317871093750000e+03
2.731583740234375000e+03
2.922366943359375000e+03
2.876850341796875000e+03
2.891546630859375000e+03
3.412180175781250000e+03
3.427834228515625000e+03
2.997357910156250000e+03
3.214265625000000000e+03
3.630169677734375000e+03
3.346541015625000000e+03
3.030681884765625000e+03
3.213107910156250000e+03
3.292746337890625000e+03
3.206318359375000000e+03
3.739188232421875000e+03
3.480344726562500000e+03
2.723759765625000000e+03
2.808803710937500000e+03
2.949439208984375000e+03
3.064828857421875000e+03
3.823218994140625000e+03
3.471809326171875000e+03
2.846588378906250000e+03
2.802941650390625000e+03
2.967015625000000000e+03
3.624616943359375000e+03
3.684980224609375000e+03
3.048550048828125000e+03
2.640704833984375000e+03
2.776145751953125000e+03
3.216502929687500000e+03
3.607364013671875000e+03
3.759640869140625000e+03
3.262531982421875000e+03
2.755592285156250000e+03
2.759261230468750000e+03
2.969014892578125000e+03
3.669053222656250000e+03
4.097216308593750000e+03
3.045745849609375000e+03
2.514855224609375000e+03
2.627844482421875000e+03
2.697848144531250000e+03
2.860702880859375000e+03
3.427182373046875000e+03
3.956958984375000000e+03
3.505841064453125000e+03
2.538670898437500000e+03
2.567112060546875000e+03
2.519770019531250000e+03
2.175151367187500000e+03
2.346347412109375000e+03
2.094706787109375000e+03
2.582413085937500000e+03
4.109568847656250000e+03
5.067625000000000000e+03
3.257171386718750000e+03
3.388104003906250000e+03
6.404789062500000000e+03
4.426794433593750000e+03
5.533125488281250000e+03
4.207702148437500000e+03
3.307146240234375000e+03
3.435541748046875000e+03
3.967932373046875000e+03
4.072608398437500000e+03
3.192034912109375000e+03
3.050566406250000000e+03
3.613311523437500000e+03
3.562926269531250000e+03
3.161345703125000000e+03
2.926863037109375000e+03
2.654586914062500000e+03
2.715247070312500000e+03
2.563721191406250000e+03
3.052910400390625000e+03
3.656575927734375000e+03
3.374800537109375000e+03
3.276198242187500000e+03
2.956766601562500000e+03
2.741045898437500000e+03
3.280600341796875000e+03
3.460384277343750000e+03
3.099800048828125000e+03
3.039620605468750000e+03
2.908161621093750000e+03
3.273845947265625000e+03
3.712519287109375000e+03
3.204773681640625000e+03
2.971882568359375000e+03
2.973234375000000000e+03
2.925672363281250000e+03
3.242383300781250000e+03
3.753665039062500000e+03
3.383705322265625000e+03
2.735925048828125000e+03
2.977789062500000000e+03
3.030790283203125000e+03
3.322206054687500000e+03
4.033228515625000000e+03
3.241122314453125000e+03
2.640276611328125000e+03
2.912236083984375000e+03
2.617235595703125000e+03
2.704633544921875000e+03
3.491769042968750000e+03
3.748123046875000000e+03
3.161669677734375000e+03
2.565759521484375000e+03
2.440231445312500000e+03
2.755393066406250000e+03
3.321100341796875000e+03
4.151849121093750000e+03
3.916561035156250000e+03
2.863625976562500000e+03
2.930193847656250000e+03
4.009310058593750000e+03
3.870831054687500000e+03
2.881427246093750000e+03
3.035771240234375000e+03
3.547002929687500000e+03
3.775324218750000000e+03
3.182706298828125000e+03
2.800024414062500000e+03
2.602152832031250000e+03
2.808182617187500000e+03
3.214798583984375000e+03
3.124716064453125000e+03
3.029436035156250000e+03
3.380329345703125000e+03
3.476261230468750000e+03
3.215063964843750000e+03
3.228051513671875000e+03
3.047323730468750000e+03
3.490161865234375000e+03
3.900698242187500000e+03
2.718751708984375000e+03
2.215785888671875000e+03
2.389311767578125000e+03
2.033245483398437500e+03
2.605201416015625000e+03
3.709418945312500000e+03
4.400990722656250000e+03
3.300276611328125000e+03
