8.453775000000000000e+04
7.292720312500000000e+04
6.186980078125000000e+04
5.155331640625000000e+04
4.257764062500000000e+04
3.525371875000000000e+04
2.999084960937500000e+04
2.704572851562500000e+04
2.624592968750000000e+04
2.731609570312500000e+04
2.950400195312500000e+04
3.199492187500000000e+04
3.348564843750000000e+04
3.417566796875000000e+04
3.357227343750000000e+04
3.254412500000000000e+04
3.095819726562500000e+04
2.939328320312500000e+04
2.800925781250000000e+04
2.691114062500000000e+04
2.639561328125000000e+04
2.615135937500000000e+04
2.644216992187500000e+04
2.687789648437500000e+04
2.731086132812500000e+04
2.778513085937500000e+04
2.812993554687500000e+04
2.800151757812500000e+04
2.796831640625000000e+04
2.778890039062500000e+04
2.726776562500000000e+04
2.708239257812500000e+04
2.662223437500000000e+04
2.645180468750000000e+04
2.630103125000000000e+04
2.617075781250000000e+04
2.618038085937500000e+04
2.640428320312500000e+04
2.656500976562500000e+04
2.662784765625000000e+04
2.666295507812500000e+04
2.659333007812500000e+04
2.653308593750000000e+04
2.649191796875000000e+04
2.648491796875000000e+04
2.617484765625000000e+04
2.619832226562500000e+04
2.623131445312500000e+04
2.613895507812500000e+04
2.616865234375000000e+04
2.617228515625000000e+04
2.627306054687500000e+04
2.622616210937500000e+04
2.638573046875000000e+04
2.630988867187500000e+04
2.628802929687500000e+04
2.605339453125000000e+04
2.621248828125000000e+04
2.621967187500000000e+04
2.605929101562500000e+04
2.610302148437500000e+04
2.628084179687500000e+04
2.612734960937500000e+04
2.612664453125000000e+04
2.603461132812500000e+04
2.615541015625000000e+04
2.602233789062500000e+04
2.613483398437500000e+04
2.621741796875000000e+04
2.599345507812500000e+04
2.608515625000000000e+04
2.600210937500000000e+04
2.599176171875000000e+04
2.599030468750000000e+04
2.602978710937500000e+04
2.612016015625000000e+04
2.609291992187500000e+04
2.598691210937500000e+04
2.607726171875000000e+04
2.609388867187500000e+04
2.603350976562500000e+04
2.599695507812500000e+04
2.598539453125000000e+04
2.590630468750000000e+04
2.585387890625000000e+04
2.591161328125000000e+04
2.585689843750000000e+04
2.584408593750000000e+04
2.590916601562500000e+04
2.588630859375000000e+04
2.589716210937500000e+04
2.584819921875000000e+04
2.577108789062500000e+04
2.592793359375000000e+04
2.582592578125000000e+04
2.561346093750000000e+04
2.586669921875000000e+04
2.558767382812500000e+04
2.564361523437500000e+04
2.564891796875000000e+04
2.553036328125000000e+04
2.558241210937500000e+04
2.557005859375000000e+04
2.559108007812500000e+04
2.546742382812500000e+04
2.539346093750000000e+04
2.556098046875000000e+04
2.547759179687500000e+04
2.530846289062500000e+04
2.532719140625000000e+04
2.524966406250000000e+04
2.518662109375000000e+04
2.514365039062500000e+04
2.510813867187500000e+04
2.501784179687500000e+04
2.501653125000000000e+04
2.490254296875000000e+04
2.478773046875000000e+04
2.485344726562500000e+04
2.481415234375000000e+04
2.476587500000000000e+04
2.466917382812500000e+04
2.453273828125000000e+04
2.444629296875000000e+04
2.440173242187500000e+04
2.421401757812500000e+04
2.419538867187500000e+04
2.405761523437500000e+04
2.392729882812500000e+04
2.388154296875000000e+04
2.385427929687500000e+04
2.361256054687500000e+04
2.349597656250000000e+04
2.325493554687500000e+04
2.307050390625000000e+04
2.299505664062500000e+04
2.279174609375000000e+04
2.256655664062500000e+04
2.242509765625000000e+04
2.226914843750000000e+04
2.193193359375000000e+04
2.168852148437500000e+04
2.147678710937500000e+04
2.115049218750000000e+04
2.100419140625000000e+04
2.063827539062500000e+04
2.035924414062500000e+04
1.986779492187500000e+04
1.959950781250000000e+04
1.918356835937500000e+04
1.887842578125000000e+04
1.844496875000000000e+04
1.791065625000000000e+04
1.749927148437500000e+04
1.699759765625000000e+04
1.654549023437500000e+04
1.596666406250000000e+04
1.542205761718750000e+04
1.482980078125000000e+04
1.418516015625000000e+04
1.357198632812500000e+04
1.288535156250000000e+04
1.235497753906250000e+04
1.159358398437500000e+04
1.104638183593750000e+04
1.055681835937500000e+04
1.010672558593750000e+04
9.705488281250000000e+03
9.424617187500000000e+03
9.255034179687500000e+03
9.032351562500000000e+03
8.939259765625000000e+03
8.793738281250000000e+03
8.700534179687500000e+03
8.592695312500000000e+03
8.434416015625000000e+03
8.237593750000000000e+03
8.064057128906250000e+03
7.839686523437500000e+03
7.552872558593750000e+03
7.437729492187500000e+03
7.153086425781250000e+03
7.104075683593750000e+03
6.857174804687500000e+03
6.766936035156250000e+03
6.736149414062500000e+03
6.695056640625000000e+03
6.676090820312500000e+03
6.556424804687500000e+03
6.457396484375000000e+03
6.279434570312500000e+03
6.130312500000000000e+03
6.068873046875000000e+03
6.021108398437500000e+03
5.924420410156250000e+03
5.872223144531250000e+03
5.790533203125000000e+03
5.691919433593750000e+03
5.598030761718750000e+03
5.488454589843750000e+03
5.415206542968750000e+03
5.316567382812500000e+03
5.225708007812500000e+03
5.204187500000000000e+03
5.168267089843750000e+03
5.086725585937500000e+03
5.072919433593750000e+03
5.077449218750000000e+03
5.154920410156250000e+03
5.026815429687500000e+03
4.840191406250000000e+03
4.752013183593750000e+03
4.878677734375000000e+03
4.863018554687500000e+03
4.616880371093750000e+03
4.617945800781250000e+03
4.627059082031250000e+03
4.568441406250000000e+03
4.500366210937500000e+03
4.388651367187500000e+03
4.452627441406250000e+03
4.383008300781250000e+03
4.351146972656250000e+03
4.313430175781250000e+03
4.259476074218750000e+03
4.225225097656250000e+03
4.202807617187500000e+03
4.182130859375000000e+03
4.161496093750000000e+03
4.171393066406250000e+03
4.137048828125000000e+03
4.191006347656250000e+03
4.208805175781250000e+03
4.218109863281250000e+03
4.156617187500000000e+03
4.077035888671875000e+03
3.993437744140625000e+03
3.925447265625000000e+03
3.966757568359375000e+03
4.050296630859375000e+03
4.021845703125000000e+03
3.947256347656250000e+03
3.858216552734375000e+03
3.811274414062500000e+03
3.835938232421875000e+03
3.862987548828125000e+03
3.893986572265625000e+03
3.863634277343750000e+03
3.783427978515625000e+03
3.692060058593750000e+03
3.711462646484375000e+03
3.667979003906250000e+03
3.724020507812500000e+03
3.751387695312500000e+03
3.748519042968750000e+03
3.714654296875000000e+03
3.680664550781250000e+03
3.638123291015625000e+03
3.568920410156250000e+03
3.569634033203125000e+03
3.563076904296875000e+03
3.576917724609375000e+03
3.612614013671875000e+03
3.668457275390625000e+03
3.670927246093750000e+03
3.667695556640625000e+03
3.570328857421875000e+03
3.449174316406250000e+03
3.456412597656250000e+03
3.393503417968750000e+03
3.382595947265625000e+03
3.439698242187500000e+03
3.478619628906250000e+03
3.558546386718750000e+03
3.730437988281250000e+03
3.755044189453125000e+03
3.543511962890625000e+03
3.349522705078125000e+03
3.288350341796875000e+03
3.405470703125000000e+03
3.544196044921875000e+03
3.497507568359375000e+03
3.398732910156250000e+03
3.266467041015625000e+03
3.193702636718750000e+03
3.244464355468750000e+03
3.216557373046875000e+03
3.263844970703125000e+03
3.336160888671875000e+03
3.429457031250000000e+03
3.339910644531250000e+03
3.227756591796875000e+03
3.150046386718750000e+03
3.112709960937500000e+03
3.098742675781250000e+03
3.119849853515625000e+03
3.203899414062500000e+03
3.338723632812500000e+03
3.498058593750000000e+03
3.345369384765625000e+03
3.173393310546875000e+03
3.062480224609375000e+03
3.043013671875000000e+03
3.020293701171875000e+03
3.135357177734375000e+03
3.257085937500000000e+03
3.283545898437500000e+03
3.221471191406250000e+03
3.086799560546875000e+03
3.017359619140625000e+03
2.968112304687500000e+03
2.934687744140625000e+03
2.910186523437500000e+03
2.934344238281250000e+03
2.918104980468750000e+03
2.925983886718750000e+03
2.928663085937500000e+03
3.023274902343750000e+03
3.279244384765625000e+03
3.268047363281250000e+03
3.242328857421875000e+03
2.936247314453125000e+03
2.858961914062500000e+03
2.864632324218750000e+03
2.941632324218750000e+03
3.055117675781250000e+03
3.155025878906250000e+03
3.187330078125000000e+03
2.981523193359375000e+03
2.883914550781250000e+03
2.825337646484375000e+03
2.791439697265625000e+03
2.790473388671875000e+03
2.771221923828125000e+03
2.763737548828125000e+03
2.763217041015625000e+03
2.798492919921875000e+03
2.871377197265625000e+03
3.131249511718750000e+03
3.106325683593750000e+03
3.065874755859375000e+03
2.872921386718750000e+03
2.766293945312500000e+03
2.721457031250000000e+03
2.719904541015625000e+03
2.707977539062500000e+03
2.828517578125000000e+03
3.017580322265625000e+03
3.068818847656250000e+03
3.086693603515625000e+03
2.783213134765625000e+03
2.696867187500000000e+03
2.701460693359375000e+03
2.726655517578125000e+03
2.902574218750000000e+03
2.976121582031250000e+03
3.019542968750000000e+03
2.784562255859375000e+03
2.690758056640625000e+03
2.662057617187500000e+03
2.721706787109375000e+03
2.866416015625000000e+03
2.922109619140625000e+03
2.931101074218750000e+03
2.731377929687500000e+03
2.663533203125000000e+03
2.594086425781250000e+03
2.630376220703125000e+03
2.704861328125000000e+03
2.762152832031250000e+03
2.904717285156250000e+03
2.837270019531250000e+03
2.755720703125000000e+03
2.677265869140625000e+03
2.663364257812500000e+03
2.660561523437500000e+03
2.659572021484375000e+03
2.637458740234375000e+03
2.685000732421875000e+03
2.712824707031250000e+03
2.736267333984375000e+03
2.715906982421875000e+03
2.744236328125000000e+03
2.686572998046875000e+03
2.631741699218750000e+03
2.622131835937500000e+03
2.631224853515625000e+03
2.624174072265625000e+03
2.669332031250000000e+03
2.643971923828125000e+03
2.668863037109375000e+03
2.674571044921875000e+03
2.696697998046875000e+03
2.658272216796875000e+03
2.633775146484375000e+03
2.643626708984375000e+03
2.601812744140625000e+03
2.610674560546875000e+03
2.592878417968750000e+03
2.613473388671875000e+03
2.671703369140625000e+03
2.659285156250000000e+03
2.683896240234375000e+03
2.656794677734375000e+03
2.623503906250000000e+03
2.552414306640625000e+03
2.574596923828125000e+03
2.540749511718750000e+03
2.565711425781250000e+03
2.628306884765625000e+03
2.668129638671875000e+03
2.694355712890625000e+03
2.694023925781250000e+03
2.582992919921875000e+03
2.543014404296875000e+03
2.496996337890625000e+03
2.452076904296875000e+03
2.494775390625000000e+03
2.470223876953125000e+03
2.428718750000000000e+03
2.481371093750000000e+03
2.483794921875000000e+03
2.464587890625000000e+03
2.483112060546875000e+03
2.567724121093750000e+03
2.691759033203125000e+03
2.874052246093750000e+03
2.652284667968750000e+03
2.473463378906250000e+03
2.415595458984375000e+03
2.455416992187500000e+03
2.561442626953125000e+03
2.694966552734375000e+03
2.885978271484375000e+03
2.547787353515625000e+03
2.448480712890625000e+03
2.404380859375000000e+03
2.504456054687500000e+03
2.673809326171875000e+03
2.698677001953125000e+03
2.665411376953125000e+03
2.551212890625000000e+03
2.435930419921875000e+03
2.401893554687500000e+03
2.383088867187500000e+03
2.454613525390625000e+03
2.503847412109375000e+03
2.630803222656250000e+03
2.690803466796875000e+03
2.683092773437500000e+03
2.505525634765625000e+03
2.421967529296875000e+03
2.403871337890625000e+03
2.409987304687500000e+03
2.457343750000000000e+03
2.559324218750000000e+03
2.678673583984375000e+03
2.583124023437500000e+03
2.537115234375000000e+03
2.463990478515625000e+03
2.459662353515625000e+03
2.421459716796875000e+03
2.431752685546875000e+03
2.429362792968750000e+03
2.457659423828125000e+03
2.500023925781250000e+03
2.567188964843750000e+03
2.534383544921875000e+03
2.525216308593750000e+03
2.510519775390625000e+03
2.481689697265625000e+03
2.407862060546875000e+03
2.396938720703125000e+03
2.411421630859375000e+03
2.357407226562500000e+03
2.381514160156250000e+03
2.420420410156250000e+03
2.463051025390625000e+03
2.537475585937500000e+03
2.530395507812500000e+03
2.514856201171875000e+03
2.455322509765625000e+03
2.408450195312500000e+03
2.369924560546875000e+03
2.318712402343750000e+03
2.330919189453125000e+03
2.326077880859375000e+03
2.331005859375000000e+03
2.310420898437500000e+03
2.337045410156250000e+03
2.294785156250000000e+03
2.300144287109375000e+03
2.310218750000000000e+03
2.300911376953125000e+03
2.298983886718750000e+03
2.300915527343750000e+03
2.316893554687500000e+03
2.318409912109375000e+03
2.306088378906250000e+03
2.336705810546875000e+03
2.455293212890625000e+03
2.605580078125000000e+03
2.772547119140625000e+03
2.485784912109375000e+03
2.338121826171875000e+03
2.312825683593750000e+03
2.286220458984375000e+03
2.306691894531250000e+03
2.311444091796875000e+03
2.428333740234375000e+03
2.612583251953125000e+03
2.809242675781250000e+03
2.403128906250000000e+03
2.269842041015625000e+03
2.296325195312500000e+03
2.500403320312500000e+03
2.762189453125000000e+03
2.461198730468750000e+03
2.311284179687500000e+03
2.256161376953125000e+03
2.280801513671875000e+03
2.420364746093750000e+03
2.579124755859375000e+03
2.691958740234375000e+03
2.443173095703125000e+03
2.267303466796875000e+03
2.260621582031250000e+03
2.306404296875000000e+03
2.391113281250000000e+03
2.550342041015625000e+03
2.608957031250000000e+03
2.377848388671875000e+03
2.288586181640625000e+03
2.239305664062500000e+03
2.266730468750000000e+03
2.341001953125000000e+03
2.413728027343750000e+03
2.577997070312500000e+03
2.408875732421875000e+03
2.296115722656250000e+03
2.269256591796875000e+03
2.250844238281250000e+03
2.222931884765625000e+03
2.225881835937500000e+03
2.234270019531250000e+03
2.240366210937500000e+03
2.301623046875000000e+03
2.394783447265625000e+03
2.523314208984375000e+03
2.472137695312500000e+03
2.370266845703125000e+03
2.314001220703125000e+03
2.279431152343750000e+03
2.278460693359375000e+03
2.252271972656250000e+03
2.291570068359375000e+03
2.303024169921875000e+03
2.408799316406250000e+03
2.504456787109375000e+03
2.444821044921875000e+03
2.383113037109375000e+03
2.312776855468750000e+03
2.259912353515625000e+03
2.258360595703125000e+03
2.273232421875000000e+03
2.270748291015625000e+03
2.311675781250000000e+03
2.344540039062500000e+03
2.476202636718750000e+03
2.404498046875000000e+03
2.349787353515625000e+03
2.282205078125000000e+03
2.243322021484375000e+03
2.250991210937500000e+03
2.303642089843750000e+03
2.323200439453125000e+03
2.398420898437500000e+03
2.370024658203125000e+03
2.416824951171875000e+03
2.313293212890625000e+03
2.287146240234375000e+03
2.281641357421875000e+03
2.245244384765625000e+03
2.264539550781250000e+03
2.300400634765625000e+03
2.356247314453125000e+03
2.365426513671875000e+03
2.331572753906250000e+03
2.301040771484375000e+03
2.271202880859375000e+03
2.275736816406250000e+03
2.260357177734375000e+03
2.259652587890625000e+03
2.271398193359375000e+03
2.345969970703125000e+03
2.320033935546875000e+03
2.331665039062500000e+03
2.346318847656250000e+03
2.290995361328125000e+03
2.264781005859375000e+03
2.261446533203125000e+03
2.243588623046875000e+03
2.224125488281250000e+03
2.243046630859375000e+03
2.280721191406250000e+03
2.337788818359375000e+03
2.358567138671875000e+03
2.306279541015625000e+03
2.284318359375000000e+03
2.252273925781250000e+03
2.251704589843750000e+03
2.223176757812500000e+03
2.241749267578125000e+03
2.257749755859375000e+03
2.280622558593750000e+03
2.290222900390625000e+03
2.336393066406250000e+03
2.305323242187500000e+03
2.282485595703125000e+03
2.227462890625000000e+03
2.199577880859375000e+03
2.192799804687500000e+03
2.203111816406250000e+03
2.206692382812500000e+03
2.204920898437500000e+03
2.253848632812500000e+03
2.332518066406250000e+03
2.337313964843750000e+03
2.324950439453125000e+03
2.277609130859375000e+03
2.206978027343750000e+03
2.209013427734375000e+03
2.178949462890625000e+03
2.220917236328125000e+03
2.216528808593750000e+03
2.267176269531250000e+03
2.279943847656250000e+03
2.295132568359375000e+03
2.298698486328125000e+03
2.229313232421875000e+03
2.220706298828125000e+03
2.185223632812500000e+03
2.212774414062500000e+03
2.181256103515625000e+03
2.176887451171875000e+03
2.189778076171875000e+03
2.203360351562500000e+03
2.253306152343750000e+03
2.308690673828125000e+03
2.317927734375000000e+03
2.276831054687500000e+03
2.200828857421875000e+03
2.183745849609375000e+03
2.170018310546875000e+03
2.171685058593750000e+03
2.235833984375000000e+03
2.236969238281250000e+03
2.237301269531250000e+03
2.244380371093750000e+03
2.208911376953125000e+03
2.213055664062500000e+03
2.243435546875000000e+03
2.190082031250000000e+03
2.234030273437500000e+03
2.226707031250000000e+03
2.224209960937500000e+03
2.209005859375000000e+03
2.230649414062500000e+03
2.227995361328125000e+03
2.178405029296875000e+03
2.175965087890625000e+03
2.185198242187500000e+03
2.169108154296875000e+03
2.215671142578125000e+03
2.254713623046875000e+03
2.203156250000000000e+03
2.215516601562500000e+03
2.191755859375000000e+03
2.170200439453125000e+03
2.183267578125000000e+03
2.217959228515625000e+03
2.195382080078125000e+03
2.229387451171875000e+03
2.200524414062500000e+03
2.178832031250000000e+03
2.178072021484375000e+03
2.178997314453125000e+03
2.164150390625000000e+03
2.183359619140625000e+03
2.136976806640625000e+03
2.160533935546875000e+03
2.190645263671875000e+03
2.204249755859375000e+03
2.200400878906250000e+03
2.180887207031250000e+03
2.191137695312500000e+03
2.178941406250000000e+03
2.182673583984375000e+03
2.195696533203125000e+03
2.185257812500000000e+03
2.219503417968750000e+03
2.192678222656250000e+03
2.177293701171875000e+03
2.175297363281250000e+03
2.125931884765625000e+03
2.155649169921875000e+03
2.173993408203125000e+03
2.194371582031250000e+03
2.202397216796875000e+03
2.202045654296875000e+03
2.172198974609375000e+03
2.140196044921875000e+03
2.122490234375000000e+03
2.088457031250000000e+03
2.098937011718750000e+03
2.080243164062500000e+03
2.086210937500000000e+03
2.110014892578125000e+03
2.141914062500000000e+03
2.249785400390625000e+03
2.307256835937500000e+03
2.238648193359375000e+03
2.153951904296875000e+03
2.087244140625000000e+03
2.066151855468750000e+03
2.050586914062500000e+03
2.041029418945312500e+03
2.065605224609375000e+03
2.122152343750000000e+03
2.185830566406250000e+03
2.276996582031250000e+03
2.268135009765625000e+03
2.211235595703125000e+03
2.114570068359375000e+03
2.071451904296875000e+03
2.067501708984375000e+03
2.065819580078125000e+03
2.104383544921875000e+03
2.143761718750000000e+03
2.216922851562500000e+03
2.314767089843750000e+03
2.197170410156250000e+03
2.140131347656250000e+03
2.086028076171875000e+03
2.043964111328125000e+03
2.064440673828125000e+03
2.106613769531250000e+03
2.125463134765625000e+03
2.215374755859375000e+03
2.270016357421875000e+03
2.250347656250000000e+03
2.186990234375000000e+03
2.098851562500000000e+03
2.070170654296875000e+03
2.060119873046875000e+03
2.079757568359375000e+03
2.086497558593750000e+03
2.166585205078125000e+03
2.226004150390625000e+03
2.258815429687500000e+03
2.228502441406250000e+03
2.109751220703125000e+03
2.068610839843750000e+03
2.065223388671875000e+03
2.042293701171875000e+03
2.035782470703125000e+03
2.066651367187500000e+03
2.140174072265625000e+03
2.246690917968750000e+03
2.243326660156250000e+03
2.192321777343750000e+03
2.125644042968750000e+03
2.096227539062500000e+03
2.095954589843750000e+03
2.084366699218750000e+03
2.099472412109375000e+03
2.154279785156250000e+03
2.205025878906250000e+03
2.195704589843750000e+03
2.139357910156250000e+03
2.124085205078125000e+03
2.084569580078125000e+03
2.095856689453125000e+03
2.091146972656250000e+03
2.115666748046875000e+03
2.135274414062500000e+03
2.161208007812500000e+03
2.169759521484375000e+03
2.129875488281250000e+03
2.098612548828125000e+03
2.082050781250000000e+03
2.091618896484375000e+03
2.087304931640625000e+03
2.131608398437500000e+03
2.156689697265625000e+03
2.169236816406250000e+03
2.170615722656250000e+03
2.114558349609375000e+03
2.093457275390625000e+03
2.065527343750000000e+03
2.043527465820312500e+03
2.021610473632812500e+03
2.048483398437500000e+03
2.080968261718750000e+03
2.146502685546875000e+03
2.143429687500000000e+03
2.157291015625000000e+03
2.108026367187500000e+03
2.079866943359375000e+03
2.040957763671875000e+03
2.044765869140625000e+03
2.066989746093750000e+03
2.103709228515625000e+03
2.132501708984375000e+03
2.171067382812500000e+03
2.128486572265625000e+03
2.082702636718750000e+03
2.115739257812500000e+03
2.108097656250000000e+03
2.088626220703125000e+03
2.111217285156250000e+03
2.147706298828125000e+03
2.092335937500000000e+03
2.125588867187500000e+03
2.116519042968750000e+03
2.108927001953125000e+03
2.114531494140625000e+03
2.128181884765625000e+03
2.116743164062500000e+03
2.100643798828125000e+03
2.075134521484375000e+03
2.094523193359375000e+03
2.081967041015625000e+03
2.047378173828125000e+03
2.052037597656250000e+03
2.061463378906250000e+03
2.120743896484375000e+03
2.107489013671875000e+03
2.113208740234375000e+03
2.089384277343750000e+03
2.072662841796875000e+03
2.062926757812500000e+03
2.054414062500000000e+03
2.072066894531250000e+03
2.076694091796875000e+03
2.094932128906250000e+03
2.110283203125000000e+03
2.091805664062500000e+03
2.064628417968750000e+03
2.100729492187500000e+03
2.119083007812500000e+03
2.091054931640625000e+03
2.061004638671875000e+03
2.063381591796875000e+03
2.053074218750000000e+03
2.084771240234375000e+03
2.079401611328125000e+03
2.105099609375000000e+03
2.107184082031250000e+03
2.065976074218750000e+03
2.078925292968750000e+03
2.068788818359375000e+03
2.082987548828125000e+03
2.091769531250000000e+03
2.084713623046875000e+03
2.066604248046875000e+03
2.037500000000000000e+03
2.055510742187500000e+03
2.057046875000000000e+03
2.092526611328125000e+03
2.123154052734375000e+03
2.110761474609375000e+03
2.098976074218750000e+03
2.058631103515625000e+03
2.028758422851562500e+03
1.992839965820312500e+03
2.005315185546875000e+03
2.007609008789062500e+03
2.030965698242187500e+03
2.065819824218750000e+03
2.107348144531250000e+03
2.133075439453125000e+03
2.104858398437500000e+03
2.046218139648437500e+03
2.035981445312500000e+03
1.998807617187500000e+03
2.008234863281250000e+03
1.984643188476562500e+03
2.042466186523437500e+03
2.052533691406250000e+03
2.135321044921875000e+03
2.116676513671875000e+03
2.090563964843750000e+03
2.021452148437500000e+03
1.982661621093750000e+03
1.926961425781250000e+03
1.953419799804687500e+03
1.960720825195312500e+03
1.966065429687500000e+03
2.003849365234375000e+03
2.066685058593750000e+03
2.143529541015625000e+03
2.147821044921875000e+03
2.096189697265625000e+03
2.026916992187500000e+03
1.981094604492187500e+03
1.980713989257812500e+03
1.969276367187500000e+03
1.974019287109375000e+03
2.090758056640625000e+03
2.157865478515625000e+03
2.127967529296875000e+03
2.069331542968750000e+03
2.031475585937500000e+03
1.987387939453125000e+03
2.014834594726562500e+03
2.041671508789062500e+03
2.102982421875000000e+03
2.125927001953125000e+03
2.078822265625000000e+03
2.017518188476562500e+03
1.992558349609375000e+03
2.000477539062500000e+03
1.979817626953125000e+03
1.998574462890625000e+03
2.081428710937500000e+03
2.100137939453125000e+03
2.096271240234375000e+03
2.038612182617187500e+03
2.028060668945312500e+03
2.006901855468750000e+03
2.026747314453125000e+03
2.045667846679687500e+03
2.053345703125000000e+03
2.067203125000000000e+03
2.048825683593750000e+03
2.032077758789062500e+03
1.995713012695312500e+03
1.995421264648437500e+03
1.983770507812500000e+03
1.998229614257812500e+03
1.997565917968750000e+03
2.072850097656250000e+03
2.067273925781250000e+03
2.064886962890625000e+03
2.018974853515625000e+03
1.992949096679687500e+03
1.975486450195312500e+03
1.996521850585937500e+03
2.042436035156250000e+03
2.046309204101562500e+03
2.066002929687500000e+03
2.062895263671875000e+03
2.037678955078125000e+03
2.005160644531250000e+03
1.985939819335937500e+03
1.978571289062500000e+03
1.989469482421875000e+03
2.017535766601562500e+03
2.026948364257812500e+03
2.043816162109375000e+03
2.046510986328125000e+03
2.065620361328125000e+03
2.004655151367187500e+03
2.001319458007812500e+03
1.987139038085937500e+03
1.964879638671875000e+03
1.973697998046875000e+03
2.004592529296875000e+03
2.060386230468750000e+03
2.057263183593750000e+03
2.052931884765625000e+03
2.041094604492187500e+03
2.018599365234375000e+03
1.987075195312500000e+03
1.973704833984375000e+03
1.967263427734375000e+03
1.946018310546875000e+03
1.993804199218750000e+03
1.993360839843750000e+03
2.027078857421875000e+03
2.034799682617187500e+03
2.041916503906250000e+03
2.032156860351562500e+03
1.996509155273437500e+03
1.966507812500000000e+03
1.933084350585937500e+03
1.948105957031250000e+03
1.973978759765625000e+03
1.985507446289062500e+03
2.072985107421875000e+03
2.063086181640625000e+03
2.023959472656250000e+03
1.999334472656250000e+03
1.950268188476562500e+03
1.932120483398437500e+03
1.958594848632812500e+03
1.957688842773437500e+03
1.987960937500000000e+03
2.043078857421875000e+03
2.084806152343750000e+03
2.086552978515625000e+03
2.018289794921875000e+03
1.966557006835937500e+03
1.933728515625000000e+03
1.979009033203125000e+03
1.937874633789062500e+03
1.999648803710937500e+03
2.066611083984375000e+03
2.064716064453125000e+03
2.026325683593750000e+03
1.990589355468750000e+03
1.958924194335937500e+03
1.946118774414062500e+03
1.943747436523437500e+03
1.965946166992187500e+03
2.006645507812500000e+03
2.047653686523437500e+03
2.034975341796875000e+03
2.021849121093750000e+03
2.002741943359375000e+03
1.936012329101562500e+03
1.932463623046875000e+03
1.918985473632812500e+03
1.933376342773437500e+03
1.936306274414062500e+03
1.951846801757812500e+03
2.014727172851562500e+03
2.106552001953125000e+03
2.061565917968750000e+03
2.004939819335937500e+03
1.958217529296875000e+03
1.922533935546875000e+03
1.947624633789062500e+03
1.961679199218750000e+03
1.966286987304687500e+03
1.990713989257812500e+03
2.004512451171875000e+03
2.055620361328125000e+03
2.013650024414062500e+03
1.962230834960937500e+03
1.968362670898437500e+03
1.948630981445312500e+03
1.981679931640625000e+03
2.009869506835937500e+03
2.003618774414062500e+03
2.010427612304687500e+03
1.990025512695312500e+03
1.975869018554687500e+03
1.961144165039062500e+03
1.974032470703125000e+03
1.958685302734375000e+03
1.975939697265625000e+03
1.965437255859375000e+03
1.962121826171875000e+03
2.008278198242187500e+03
2.041963989257812500e+03
2.033245849609375000e+03
1.980163940429687500e+03
1.968406860351562500e+03
1.935920776367187500e+03
1.947538696289062500e+03
1.941446777343750000e+03
1.954639038085937500e+03
2.004986206054687500e+03
1.998530761718750000e+03
2.016033691406250000e+03
1.982726806640625000e+03
1.942431030273437500e+03
1.911102539062500000e+03
1.916152954101562500e+03
1.925063110351562500e+03
1.952546142578125000e+03
1.995131347656250000e+03
1.998315795898437500e+03
2.002262329101562500e+03
1.975441162109375000e+03
1.973567260742187500e+03
1.958820190429687500e+03
1.950518920898437500e+03
1.944549804687500000e+03
1.951148803710937500e+03
1.987796264648437500e+03
1.968971313476562500e+03
1.953752197265625000e+03
1.970751098632812500e+03
1.955464355468750000e+03
1.932975097656250000e+03
1.927339111328125000e+03
1.941023925781250000e+03
1.947074829101562500e+03
1.959370361328125000e+03
1.975933105468750000e+03
1.963764160156250000e+03
1.941409790039062500e+03
1.932564086914062500e+03
1.930382812500000000e+03
1.932594848632812500e+03
1.937113525390625000e+03
1.971607788085937500e+03
1.998919677734375000e+03
1.972367797851562500e+03
1.943974609375000000e+03
1.924721923828125000e+03
1.928134765625000000e+03
1.903663452148437500e+03
1.947010986328125000e+03
1.996539794921875000e+03
2.019856445312500000e+03
1.973739990234375000e+03
1.940123779296875000e+03
1.904410156250000000e+03
1.880248168945312500e+03
1.891981933593750000e+03
1.903152343750000000e+03
1.944302001953125000e+03
1.990010253906250000e+03
2.021889770507812500e+03
1.958325317382812500e+03
1.925115112304687500e+03
1.908614013671875000e+03
1.900761962890625000e+03
1.933249267578125000e+03
1.906042114257812500e+03
1.945551635742187500e+03
2.001469482421875000e+03
2.013951782226562500e+03
1.952656616210937500e+03
1.913903320312500000e+03
1.854827514648437500e+03
1.858700317382812500e+03
1.876791259765625000e+03
1.906895141601562500e+03
1.982496704101562500e+03
2.027075439453125000e+03
1.985537353515625000e+03
1.919350830078125000e+03
1.887872802734375000e+03
1.884480957031250000e+03
1.906048095703125000e+03
1.950916015625000000e+03
1.959842773437500000e+03
1.977258300781250000e+03
1.950090332031250000e+03
1.899082031250000000e+03
1.913883178710937500e+03
1.941049926757812500e+03
1.960854125976562500e+03
1.981661010742187500e+03
1.964585327148437500e+03
1.924749145507812500e+03
1.903777832031250000e+03
1.912901367187500000e+03
1.944780273437500000e+03
1.942448608398437500e+03
1.980299438476562500e+03
1.967269653320312500e+03
1.952390136718750000e+03
1.935589965820312500e+03
1.882879760742187500e+03
1.895517456054687500e+03
1.892827758789062500e+03
1.925169799804687500e+03
1.966040161132812500e+03
2.004986694335937500e+03
1.946149169921875000e+03
1.917361816406250000e+03
1.865804931640625000e+03
1.883254028320312500e+03
1.862278686523437500e+03
1.891803344726562500e+03
1.912575317382812500e+03
1.936355957031250000e+03
1.902773437500000000e+03
1.926228759765625000e+03
1.916774291992187500e+03
1.938753173828125000e+03
1.939178588867187500e+03
1.925845947265625000e+03
1.910728271484375000e+03
1.888800537109375000e+03
1.901682617187500000e+03
1.900677490234375000e+03
1.922843261718750000e+03
1.912122680664062500e+03
1.930251464843750000e+03
1.918680175781250000e+03
1.936981323242187500e+03
1.926694091796875000e+03
1.935652954101562500e+03
1.916458007812500000e+03
1.907713256835937500e+03
1.899969848632812500e+03
1.889204467773437500e+03
1.910163452148437500e+03
1.903857177734375000e+03
1.957271972656250000e+03
1.929923461914062500e+03
1.924119995117187500e+03
1.875374023437500000e+03
1.876964599609375000e+03
1.898397094726562500e+03
1.895371459960937500e+03
1.929341674804687500e+03
1.973013183593750000e+03
1.958807983398437500e+03
1.942402954101562500e+03
1.899422607421875000e+03
1.889344482421875000e+03
1.888359252929687500e+03
1.899545532226562500e+03
1.910761108398437500e+03
1.922708129882812500e+03
1.944791015625000000e+03
1.931704467773437500e+03
1.939741943359375000e+03
1.924887329101562500e+03
1.882948974609375000e+03
1.894535766601562500e+03
1.867621704101562500e+03
1.913999633789062500e+03
1.881977539062500000e+03
1.865862182617187500e+03
1.920104370117187500e+03
1.894757812500000000e+03
1.930993652343750000e+03
1.942510253906250000e+03
1.889255126953125000e+03
1.869405029296875000e+03
1.860560791015625000e+03
1.873694458007812500e+03
1.870615966796875000e+03
1.912840820312500000e+03
1.898041137695312500e+03
1.912724609375000000e+03
1.901872680664062500e+03
1.891591796875000000e+03
1.857556762695312500e+03
1.850114013671875000e+03
1.866460937500000000e+03
1.898844970703125000e+03
1.916203613281250000e+03
1.948028808593750000e+03
1.895120605468750000e+03
1.891164794921875000e+03
1.860512329101562500e+03
1.828620117187500000e+03
1.859531005859375000e+03
1.900072753906250000e+03
1.917598999023437500e+03
1.908092773437500000e+03
1.927514160156250000e+03
1.925606201171875000e+03
1.878041015625000000e+03
1.868556640625000000e+03
1.868365112304687500e+03
1.894940673828125000e+03
1.908087280273437500e+03
1.916057006835937500e+03
1.894508178710937500e+03
1.876996826171875000e+03
1.830661499023437500e+03
1.861180419921875000e+03
1.890384521484375000e+03
1.932433959960937500e+03
1.938805664062500000e+03
1.910750000000000000e+03
1.855257690429687500e+03
1.837651855468750000e+03
1.842728027343750000e+03
1.848556518554687500e+03
1.851228149414062500e+03
1.937038085937500000e+03
1.961067260742187500e+03
1.958020263671875000e+03
1.868287841796875000e+03
1.830645874023437500e+03
1.818011840820312500e+03
1.803599975585937500e+03
1.849427001953125000e+03
1.909038452148437500e+03
1.973887939453125000e+03
1.948968505859375000e+03
1.866227783203125000e+03
1.820889770507812500e+03
1.782346923828125000e+03
1.774458374023437500e+03
1.806236328125000000e+03
1.867162475585937500e+03
1.926999145507812500e+03
1.989422485351562500e+03
1.955124267578125000e+03
1.880556030273437500e+03
1.833149780273437500e+03
1.812422607421875000e+03
1.797308471679687500e+03
1.845890136718750000e+03
1.864759521484375000e+03
1.950391967773437500e+03
1.969933349609375000e+03
1.924203369140625000e+03
1.866684204101562500e+03
1.820711791992187500e+03
1.837905761718750000e+03
1.851822631835937500e+03
1.863593505859375000e+03
1.902851440429687500e+03
1.936670166015625000e+03
1.897948486328125000e+03
1.872193603515625000e+03
1.852883789062500000e+03
1.840728637695312500e+03
1.838023193359375000e+03
1.827187011718750000e+03
1.862437622070312500e+03
1.877075683593750000e+03
1.944145141601562500e+03
1.872678588867187500e+03
1.857038452148437500e+03
1.831997436523437500e+03
1.820630615234375000e+03
1.848900268554687500e+03
1.869499511718750000e+03
1.901585693359375000e+03
1.880037597656250000e+03
1.860916625976562500e+03
1.861475585937500000e+03
1.847869140625000000e+03
1.865677978515625000e+03
1.870498535156250000e+03
1.877929809570312500e+03
1.851153686523437500e+03
1.841130126953125000e+03
1.813646118164062500e+03
1.852636962890625000e+03
1.839298706054687500e+03
1.885782470703125000e+03
1.907727783203125000e+03
1.938504638671875000e+03
1.858542114257812500e+03
1.798296020507812500e+03
1.786398437500000000e+03
1.789984130859375000e+03
1.814733642578125000e+03
1.863588500976562500e+03
1.940353515625000000e+03
1.977297485351562500e+03
1.892405029296875000e+03
1.835924926757812500e+03
1.806746704101562500e+03
1.787783325195312500e+03
1.800688110351562500e+03
1.859148437500000000e+03
1.925075195312500000e+03
1.944908935546875000e+03
1.896333862304687500e+03
1.831720825195312500e+03
1.800452148437500000e+03
1.823564941406250000e+03
1.856091308593750000e+03
1.889056518554687500e+03
1.879207519531250000e+03
1.866222778320312500e+03
1.873375854492187500e+03
1.847808959960937500e+03
1.832091674804687500e+03
1.828479980468750000e+03
1.845267944335937500e+03
1.846923706054687500e+03
1.866118530273437500e+03
1.892723632812500000e+03
1.867852294921875000e+03
1.856128662109375000e+03
1.839336669921875000e+03
1.820151489257812500e+03
1.839429809570312500e+03
1.857845947265625000e+03
1.865662597656250000e+03
1.860933105468750000e+03
1.843864501953125000e+03
1.833946655273437500e+03
1.836793823242187500e+03
1.856229858398437500e+03
1.861236694335937500e+03
1.890869018554687500e+03
1.870658203125000000e+03
1.843839599609375000e+03
1.815429443359375000e+03
1.804716674804687500e+03
1.819308349609375000e+03
1.848848022460937500e+03
1.874806640625000000e+03
1.890595336914062500e+03
1.844958496093750000e+03
1.821404663085937500e+03
1.807986328125000000e+03
1.794440307617187500e+03
1.834408691406250000e+03
1.897279663085937500e+03
1.885886352539062500e+03
1.867739135742187500e+03
1.824925781250000000e+03
1.794849609375000000e+03
1.797764160156250000e+03
1.821420532226562500e+03
1.854938842773437500e+03
1.922953857421875000e+03
1.853361450195312500e+03
1.843425170898437500e+03
1.808947998046875000e+03
1.787986694335937500e+03
1.814307983398437500e+03
1.867308471679687500e+03
1.866780761718750000e+03
1.867929199218750000e+03
1.819411132812500000e+03
1.820326660156250000e+03
1.803628662109375000e+03
1.793288696289062500e+03
1.846567260742187500e+03
1.840903320312500000e+03
1.891486206054687500e+03
1.885823974609375000e+03
1.807476684570312500e+03
1.778991699218750000e+03
1.778005981445312500e+03
1.753074340820312500e+03
1.781370605468750000e+03
1.847630859375000000e+03
1.926116333007812500e+03
1.932385498046875000e+03
1.824120361328125000e+03
1.763819946289062500e+03
1.751563842773437500e+03
1.729551513671875000e+03
1.745451660156250000e+03
1.759924926757812500e+03
1.832822998046875000e+03
1.919719970703125000e+03
1.893267456054687500e+03
1.852156860351562500e+03
1.793053466796875000e+03
1.777042480468750000e+03
1.764200195312500000e+03
1.784405151367187500e+03
1.852695800781250000e+03
1.923351928710937500e+03
1.893259155273437500e+03
1.806177978515625000e+03
1.794511474609375000e+03
1.789423095703125000e+03
1.790054931640625000e+03
1.809350708007812500e+03
1.859080444335937500e+03
1.878273803710937500e+03
1.847238281250000000e+03
1.803397094726562500e+03
1.775165649414062500e+03
1.783209594726562500e+03
1.814978515625000000e+03
1.863490356445312500e+03
1.879523803710937500e+03
1.868547119140625000e+03
1.805197631835937500e+03
1.772953125000000000e+03
1.780425781250000000e+03
1.820157470703125000e+03
1.866140014648437500e+03
1.889064086914062500e+03
1.846610473632812500e+03
1.802782348632812500e+03
1.778935180664062500e+03
1.772031860351562500e+03
1.805138183593750000e+03
1.841292480468750000e+03
1.849897827148437500e+03
1.846599121093750000e+03
1.808611206054687500e+03
1.792819702148437500e+03
1.788964843750000000e+03
1.801036499023437500e+03
1.807897949218750000e+03
1.836322631835937500e+03
1.826994262695312500e+03
1.810086303710937500e+03
1.770682128906250000e+03
1.791688354492187500e+03
1.823297485351562500e+03
1.834117431640625000e+03
1.833071533203125000e+03
1.850000000000000000e+03
1.815652954101562500e+03
1.794734619140625000e+03
1.776959594726562500e+03
1.826834838867187500e+03
1.801287841796875000e+03
1.813549194335937500e+03
1.816791870117187500e+03
1.814618530273437500e+03
1.829406127929687500e+03
1.813574462890625000e+03
1.841214599609375000e+03
1.815348144531250000e+03
1.810056030273437500e+03
1.811118652343750000e+03
1.780775146484375000e+03
1.818839477539062500e+03
1.789152954101562500e+03
1.807074829101562500e+03
1.786622314453125000e+03
1.810839111328125000e+03
1.820324462890625000e+03
1.813941040039062500e+03
1.802899169921875000e+03
1.820225463867187500e+03
1.795405517578125000e+03
1.796042114257812500e+03
1.783616088867187500e+03
1.789267089843750000e+03
1.791232421875000000e+03
1.800371704101562500e+03
1.837468994140625000e+03
1.839333862304687500e+03
1.831198974609375000e+03
1.824372802734375000e+03
1.801314697265625000e+03
1.805756835937500000e+03
1.790565307617187500e+03
1.772479370117187500e+03
1.776787597656250000e+03
1.790100952148437500e+03
1.831786865234375000e+03
1.816335205078125000e+03
1.819460449218750000e+03
1.803390014648437500e+03
1.770201660156250000e+03
1.765219604492187500e+03
1.783415283203125000e+03
1.788879028320312500e+03
1.807744018554687500e+03
1.812649536132812500e+03
1.828994262695312500e+03
1.799257934570312500e+03
1.769568481445312500e+03
1.786051025390625000e+03
1.777121826171875000e+03
1.815684814453125000e+03
1.795620971679687500e+03
1.816736450195312500e+03
1.794281372070312500e+03
1.778557617187500000e+03
1.747309814453125000e+03
1.784136352539062500e+03
1.775767089843750000e+03
1.817631103515625000e+03
1.818576660156250000e+03
1.803458984375000000e+03
1.766712158203125000e+03
1.750709350585937500e+03
1.775951293945312500e+03
1.790103759765625000e+03
1.825683349609375000e+03
1.833756103515625000e+03
1.800484619140625000e+03
1.777641357421875000e+03
1.750304931640625000e+03
1.772298339843750000e+03
1.795753662109375000e+03
1.862339111328125000e+03
1.805442504882812500e+03
1.767641601562500000e+03
1.732053100585937500e+03
1.730606201171875000e+03
1.736245605468750000e+03
1.803760864257812500e+03
1.814445678710937500e+03
1.852946655273437500e+03
1.783880859375000000e+03
1.760615844726562500e+03
1.737381347656250000e+03
1.742965698242187500e+03
1.766301147460937500e+03
1.801063842773437500e+03
1.826433349609375000e+03
1.843686035156250000e+03
1.795769165039062500e+03
1.749599487304687500e+03
1.751280029296875000e+03
1.726311157226562500e+03
1.749041503906250000e+03
1.791333007812500000e+03
1.819775756835937500e+03
1.846333496093750000e+03
1.824413940429687500e+03
1.764911987304687500e+03
1.745846801757812500e+03
1.746343994140625000e+03
1.759475830078125000e+03
1.808694824218750000e+03
1.795844116210937500e+03
1.815054199218750000e+03
1.772249755859375000e+03
1.760374633789062500e+03
1.733669799804687500e+03
1.739707763671875000e+03
1.746448120117187500e+03
1.794359375000000000e+03
1.788213012695312500e+03
1.803304443359375000e+03
1.744960205078125000e+03
1.762151367187500000e+03
1.738180541992187500e+03
1.740839111328125000e+03
1.751335449218750000e+03
1.798327758789062500e+03
1.782364624023437500e+03
1.768046142578125000e+03
1.768730468750000000e+03
1.812009155273437500e+03
1.776643432617187500e+03
1.763636108398437500e+03
1.748224487304687500e+03
1.760197753906250000e+03
1.773053344726562500e+03
1.823435424804687500e+03
1.785266845703125000e+03
1.784490966796875000e+03
1.746239135742187500e+03
1.754274536132812500e+03
1.756056274414062500e+03
1.795006347656250000e+03
1.821672851562500000e+03
1.815379516601562500e+03
1.777802001953125000e+03
1.719356689453125000e+03
1.731086181640625000e+03
1.722189208984375000e+03
1.758614868164062500e+03
1.816203613281250000e+03
1.833714599609375000e+03
1.814307495117187500e+03
1.744003295898437500e+03
1.723290161132812500e+03
1.726640136718750000e+03
1.713424804687500000e+03
1.756507202148437500e+03
1.801400024414062500e+03
1.821491088867187500e+03
1.795394165039062500e+03
1.745380004882812500e+03
1.726579467773437500e+03
1.734673339843750000e+03
1.763847290039062500e+03
1.770051147460937500e+03
1.801209594726562500e+03
1.772069824218750000e+03
1.765155639648437500e+03
1.727609985351562500e+03
1.715978759765625000e+03
1.735093872070312500e+03
1.758526367187500000e+03
1.792980102539062500e+03
1.838371826171875000e+03
1.774102172851562500e+03
1.739299804687500000e+03
1.731183105468750000e+03
1.727050781250000000e+03
1.763316284179687500e+03
1.816179321289062500e+03
1.801923828125000000e+03
1.751667358398437500e+03
1.717084594726562500e+03
1.739098144531250000e+03
1.756549682617187500e+03
1.787437622070312500e+03
1.788134765625000000e+03
1.750149291992187500e+03
1.729188476562500000e+03
1.735302124023437500e+03
1.731766601562500000e+03
1.743412841796875000e+03
1.755664184570312500e+03
1.777666870117187500e+03
1.751416992187500000e+03
1.759832031250000000e+03
1.752364990234375000e+03
1.762807617187500000e+03
1.755802856445312500e+03
1.757558105468750000e+03
1.738512329101562500e+03
1.745776000976562500e+03
1.758476684570312500e+03
1.757017333984375000e+03
1.770781127929687500e+03
1.797195922851562500e+03
1.750880981445312500e+03
1.748081420898437500e+03
1.752662353515625000e+03
1.780533813476562500e+03
1.767836425781250000e+03
1.745413208007812500e+03
1.770725341796875000e+03
1.749831665039062500e+03
1.755852661132812500e+03
1.780362182617187500e+03
1.768210693359375000e+03
1.747203002929687500e+03
1.762828613281250000e+03
1.763618774414062500e+03
1.740717163085937500e+03
1.720277954101562500e+03
1.713589111328125000e+03
1.744923339843750000e+03
1.722004638671875000e+03
1.735833984375000000e+03
1.745492309570312500e+03
1.741786254882812500e+03
1.743175537109375000e+03
1.778091430664062500e+03
1.775145629882812500e+03
1.780874023437500000e+03
1.716900146484375000e+03
1.695437866210937500e+03
1.685101684570312500e+03
1.723785156250000000e+03
1.782133789062500000e+03
1.822772094726562500e+03
1.801253662109375000e+03
1.734992309570312500e+03
1.692807495117187500e+03
1.669843261718750000e+03
1.651128540039062500e+03
1.682198364257812500e+03
1.710475830078125000e+03
1.801623535156250000e+03
1.779381958007812500e+03
1.794580932617187500e+03
1.692203979492187500e+03
1.674916015625000000e+03
1.643905151367187500e+03
1.695538208007812500e+03
1.729347534179687500e+03
1.808640625000000000e+03
1.816618164062500000e+03
1.777495483398437500e+03
1.709606933593750000e+03
1.689007446289062500e+03
1.692003784179687500e+03
1.733210937500000000e+03
1.765740844726562500e+03
1.797204956054687500e+03
1.764068115234375000e+03
1.734011352539062500e+03
1.710120605468750000e+03
1.706618041992187500e+03
1.715702026367187500e+03
1.777046142578125000e+03
1.780273925781250000e+03
1.765185180664062500e+03
1.741646118164062500e+03
1.714520263671875000e+03
1.684183349609375000e+03
1.690408325195312500e+03
1.716223144531250000e+03
1.766241088867187500e+03
1.787195434570312500e+03
1.757090698242187500e+03
1.739377441406250000e+03
1.746651611328125000e+03
1.702695190429687500e+03
1.690502807617187500e+03
1.716420532226562500e+03
1.734550292968750000e+03
1.745399169921875000e+03
1.761127807617187500e+03
1.747734130859375000e+03
1.741926147460937500e+03
1.712747802734375000e+03
1.701622802734375000e+03
1.685044433593750000e+03
1.695432128906250000e+03
1.699072998046875000e+03
1.729595825195312500e+03
1.764234863281250000e+03
1.779055175781250000e+03
1.744325439453125000e+03
1.702404174804687500e+03
1.669772094726562500e+03
1.703384033203125000e+03
1.699791015625000000e+03
1.749264038085937500e+03
1.766469360351562500e+03
1.767463867187500000e+03
1.739857177734375000e+03
1.700742309570312500e+03
1.684025024414062500e+03
1.698199096679687500e+03
1.705161254882812500e+03
1.703026611328125000e+03
1.772528686523437500e+03
1.785225830078125000e+03
1.722611328125000000e+03
1.713144165039062500e+03
1.689212036132812500e+03
1.710475830078125000e+03
1.701626953125000000e+03
1.728983032226562500e+03
1.720031982421875000e+03
1.744150268554687500e+03
1.724948852539062500e+03
1.699633178710937500e+03
1.701234130859375000e+03
1.688906005859375000e+03
1.714115478515625000e+03
1.749842529296875000e+03
1.740276489257812500e+03
1.760851318359375000e+03
1.733272338867187500e+03
1.710340332031250000e+03
1.694855957031250000e+03
1.717155273437500000e+03
1.733408813476562500e+03
1.761076538085937500e+03
1.724439819335937500e+03
1.693166870117187500e+03
1.663257446289062500e+03
1.696126831054687500e+03
1.712505493164062500e+03
1.751411132812500000e+03
1.764788940429687500e+03
1.744010253906250000e+03
1.708126098632812500e+03
1.688142089843750000e+03
1.653112792968750000e+03
1.679749511718750000e+03
1.701747192382812500e+03
1.732251953125000000e+03
1.744379516601562500e+03
1.724169799804687500e+03
1.701421875000000000e+03
1.674051147460937500e+03
1.672989501953125000e+03
1.702217773437500000e+03
1.720639770507812500e+03
1.732696289062500000e+03
1.716078369140625000e+03
1.713842285156250000e+03
1.700256591796875000e+03
1.699289428710937500e+03
1.701573120117187500e+03
1.705582519531250000e+03
1.729628540039062500e+03
1.752800170898437500e+03
1.722984985351562500e+03
1.708449829101562500e+03
1.682979125976562500e+03
1.683488525390625000e+03
1.698971923828125000e+03
1.702730590820312500e+03
1.681025024414062500e+03
1.709283203125000000e+03
1.717411621093750000e+03
1.720829833984375000e+03
1.684912597656250000e+03
1.713481933593750000e+03
1.679396362304687500e+03
1.710276123046875000e+03
1.723435180664062500e+03
1.722532836914062500e+03
1.711544311523437500e+03
1.703305664062500000e+03
1.693207519531250000e+03
1.697165039062500000e+03
1.693268310546875000e+03
1.694329956054687500e+03
1.686996826171875000e+03
1.712654663085937500e+03
1.715377319335937500e+03
1.737771484375000000e+03
1.724299438476562500e+03
1.700366455078125000e+03
1.697579101562500000e+03
1.705834350585937500e+03
1.726375976562500000e+03
1.718606811523437500e+03
1.665398803710937500e+03
1.693352539062500000e+03
1.701146606445312500e+03
1.703953979492187500e+03
1.739213256835937500e+03
1.733658325195312500e+03
1.703079345703125000e+03
1.695866333007812500e+03
1.675890258789062500e+03
1.657636596679687500e+03
1.680258300781250000e+03
1.702325439453125000e+03
1.763631835937500000e+03
1.747403930664062500e+03
1.724352661132812500e+03
1.662260986328125000e+03
1.625598266601562500e+03
1.649325927734375000e+03
1.624821166992187500e+03
1.650885864257812500e+03
1.666949462890625000e+03
1.736464843750000000e+03
1.729462036132812500e+03
1.734832031250000000e+03
1.685577758789062500e+03
1.648177368164062500e+03
1.645800170898437500e+03
1.669591186523437500e+03
1.699241455078125000e+03
1.727992309570312500e+03
1.714019165039062500e+03
1.704651123046875000e+03
1.654129272460937500e+03
1.652257446289062500e+03
1.672692504882812500e+03
1.698440673828125000e+03
1.727679321289062500e+03
1.751212524414062500e+03
1.712829345703125000e+03
1.695336791992187500e+03
1.660225708007812500e+03
1.676651489257812500e+03
1.667636352539062500e+03
1.696697265625000000e+03
1.701010864257812500e+03
1.730381347656250000e+03
1.691755615234375000e+03
1.692819702148437500e+03
1.673871459960937500e+03
1.671819946289062500e+03
1.647688110351562500e+03
1.647620483398437500e+03
1.657119506835937500e+03
1.701820678710937500e+03
1.755188476562500000e+03
1.751047119140625000e+03
1.713354125976562500e+03
1.680598022460937500e+03
1.672936157226562500e+03
1.663006469726562500e+03
1.649393798828125000e+03
1.696819335937500000e+03
1.680809204101562500e+03
1.677431152343750000e+03
1.681081176757812500e+03
1.675645263671875000e+03
1.664927978515625000e+03
1.680924194335937500e+03
1.664608032226562500e+03
1.655049438476562500e+03
1.715118774414062500e+03
1.731953857421875000e+03
1.696968505859375000e+03
1.657565185546875000e+03
1.646973144531250000e+03
1.635671997070312500e+03
1.646298706054687500e+03
1.668945922851562500e+03
1.693116333007812500e+03
1.704078491210937500e+03
1.676799438476562500e+03
1.630005981445312500e+03
1.626967651367187500e+03
1.646626342773437500e+03
1.641936157226562500e+03
1.719749023437500000e+03
1.707830932617187500e+03
1.703261962890625000e+03
1.682422851562500000e+03
1.634918090820312500e+03
1.618831176757812500e+03
1.656831176757812500e+03
1.693995849609375000e+03
1.708663940429687500e+03
1.696594970703125000e+03
1.673046875000000000e+03
1.656475708007812500e+03
1.650755981445312500e+03
1.650955932617187500e+03
1.671895019531250000e+03
1.678610107421875000e+03
1.693689331054687500e+03
1.674753662109375000e+03
1.684985473632812500e+03
1.658193115234375000e+03
1.679226196289062500e+03
1.696353637695312500e+03
1.682356689453125000e+03
1.690813354492187500e+03
1.660949829101562500e+03
1.642059448242187500e+03
1.655699829101562500e+03
1.683954345703125000e+03
1.706262451171875000e+03
1.690078979492187500e+03
