9.569643750000000000e+04
9.589217968750000000e+04
9.556554687500000000e+04
9.540313281250000000e+04
9.548674218750000000e+04
9.486057812500000000e+04
9.535363281250000000e+04
9.555259375000000000e+04
9.533135937500000000e+04
9.591666406250000000e+04
9.529667968750000000e+04
9.544426562500000000e+04
9.539632031250000000e+04
9.563398437500000000e+04
9.576205468750000000e+04
9.591171875000000000e+04
9.556545312500000000e+04
9.553990625000000000e+04
9.587404687500000000e+04
9.533539843750000000e+04
9.546335156250000000e+04
9.550911718750000000e+04
9.566738281250000000e+04
9.571103906250000000e+04
9.550344531250000000e+04
9.567040625000000000e+04
9.511754687500000000e+04
9.492499218750000000e+04
9.561338281250000000e+04
9.579872656250000000e+04
9.547296093750000000e+04
9.540067968750000000e+04
9.577927343750000000e+04
9.569212500000000000e+04
9.564314843750000000e+04
9.525238281250000000e+04
9.539799218750000000e+04
9.538571875000000000e+04
9.535589062500000000e+04
9.546275000000000000e+04
9.567725000000000000e+04
9.522758593750000000e+04
9.556932031250000000e+04
9.527436718750000000e+04
9.520612500000000000e+04
9.584032031250000000e+04
9.545151562500000000e+04
9.493460937500000000e+04
9.588578125000000000e+04
9.529497656250000000e+04
9.558692968750000000e+04
9.573558593750000000e+04
9.563558593750000000e+04
9.538032812500000000e+04
9.547863281250000000e+04
9.555542187500000000e+04
9.530864062500000000e+04
9.578674218750000000e+04
9.530982031250000000e+04
9.537658593750000000e+04
9.580964062500000000e+04
9.535228906250000000e+04
9.520155468750000000e+04
9.535535156250000000e+04
9.590078906250000000e+04
9.529726562500000000e+04
9.550528906250000000e+04
9.579000781250000000e+04
9.543162500000000000e+04
9.562751562500000000e+04
9.510178906250000000e+04
9.545575000000000000e+04
9.541075000000000000e+04
9.544355468750000000e+04
9.528824218750000000e+04
9.537039062500000000e+04
9.509302343750000000e+04
9.599385156250000000e+04
9.581062500000000000e+04
9.551088281250000000e+04
9.535153125000000000e+04
9.538345312500000000e+04
9.539977343750000000e+04
9.552041406250000000e+04
9.594797656250000000e+04
9.576000000000000000e+04
9.533816406250000000e+04
9.530941406250000000e+04
9.532015625000000000e+04
9.525830468750000000e+04
9.603671093750000000e+04
9.549672656250000000e+04
9.555357031250000000e+04
9.591151562500000000e+04
9.532260156250000000e+04
9.567780468750000000e+04
9.577119531250000000e+04
9.545400781250000000e+04
9.567736718750000000e+04
9.556741406250000000e+04
9.567328906250000000e+04
9.491714843750000000e+04
9.532316406250000000e+04
9.525923437500000000e+04
9.561524218750000000e+04
9.561068750000000000e+04
9.542333593750000000e+04
9.518949218750000000e+04
9.546039062500000000e+04
9.537190625000000000e+04
9.527002343750000000e+04
9.559381250000000000e+04
9.515526562500000000e+04
9.552791406250000000e+04
9.529599218750000000e+04
9.538386718750000000e+04
9.562121875000000000e+04
9.557612500000000000e+04
9.550464062500000000e+04
9.575025000000000000e+04
9.543444531250000000e+04
9.564902343750000000e+04
9.569907812500000000e+04
9.573891406250000000e+04
9.541689843750000000e+04
9.526389062500000000e+04
9.517628906250000000e+04
9.557214843750000000e+04
9.535457812500000000e+04
9.543444531250000000e+04
9.548647656250000000e+04
9.576931250000000000e+04
9.556914843750000000e+04
9.588620312500000000e+04
9.556799218750000000e+04
9.543147656250000000e+04
9.502891406250000000e+04
9.560493750000000000e+04
9.565060937500000000e+04
9.551853906250000000e+04
9.533464062500000000e+04
9.516359375000000000e+04
9.548701562500000000e+04
9.551606250000000000e+04
9.537390625000000000e+04
9.540838281250000000e+04
9.544681250000000000e+04
9.546430468750000000e+04
9.557921875000000000e+04
9.559113281250000000e+04
9.568123437500000000e+04
9.545491406250000000e+04
9.558163281250000000e+04
9.553854687500000000e+04
9.528271875000000000e+04
9.534874218750000000e+04
9.560332812500000000e+04
9.525117968750000000e+04
9.535961718750000000e+04
9.576131250000000000e+04
9.521827343750000000e+04
9.571296875000000000e+04
9.550596093750000000e+04
9.548296093750000000e+04
9.517288281250000000e+04
9.540526562500000000e+04
9.553199218750000000e+04
9.556242187500000000e+04
9.518088281250000000e+04
9.591603125000000000e+04
9.498403906250000000e+04
9.521924218750000000e+04
9.587770312500000000e+04
9.550092968750000000e+04
9.536133593750000000e+04
9.546625000000000000e+04
9.553789843750000000e+04
9.556911718750000000e+04
9.533047656250000000e+04
9.527685937500000000e+04
9.573306250000000000e+04
9.542000781250000000e+04
9.578500000000000000e+04
9.568414843750000000e+04
9.584195312500000000e+04
9.539089062500000000e+04
9.542531250000000000e+04
9.550823437500000000e+04
9.564908593750000000e+04
9.552210156250000000e+04
9.560788281250000000e+04
9.556602343750000000e+04
9.519292968750000000e+04
9.586300781250000000e+04
9.550812500000000000e+04
9.527850781250000000e+04
9.526905468750000000e+04
9.547917968750000000e+04
9.561294531250000000e+04
9.530747656250000000e+04
9.560482812500000000e+04
9.527389843750000000e+04
9.510712500000000000e+04
9.541767187500000000e+04
9.553221093750000000e+04
9.538231250000000000e+04
9.518443750000000000e+04
9.550101562500000000e+04
9.559509375000000000e+04
9.525923437500000000e+04
9.537766406250000000e+04
9.553912500000000000e+04
9.578723437500000000e+04
9.577918750000000000e+04
9.563500000000000000e+04
9.590140625000000000e+04
9.523654687500000000e+04
9.520957812500000000e+04
9.553170312500000000e+04
9.557241406250000000e+04
9.513196875000000000e+04
9.576829687500000000e+04
9.539437500000000000e+04
9.517155468750000000e+04
9.545307812500000000e+04
9.538910937500000000e+04
9.555274218750000000e+04
9.574317968750000000e+04
9.544116406250000000e+04
9.553588281250000000e+04
9.588925781250000000e+04
9.590449218750000000e+04
9.520312500000000000e+04
9.591334375000000000e+04
9.548926562500000000e+04
9.589101562500000000e+04
9.558664062500000000e+04
9.528338281250000000e+04
9.566326562500000000e+04
9.584943750000000000e+04
9.547132812500000000e+04
9.588712500000000000e+04
9.566017968750000000e+04
9.510204687500000000e+04
9.530563281250000000e+04
9.509119531250000000e+04
9.541828125000000000e+04
9.531995312500000000e+04
9.521471093750000000e+04
9.505801562500000000e+04
9.583479687500000000e+04
9.525390625000000000e+04
9.570478125000000000e+04
9.536897656250000000e+04
9.561091406250000000e+04
9.531059375000000000e+04
9.523419531250000000e+04
9.537828125000000000e+04
9.566931250000000000e+04
9.583328125000000000e+04
9.551737500000000000e+04
9.551669531250000000e+04
9.559466406250000000e+04
9.522055468750000000e+04
9.538110937500000000e+04
9.571173437500000000e+04
9.542840625000000000e+04
9.516143750000000000e+04
9.541098437500000000e+04
9.513313281250000000e+04
9.526802343750000000e+04
9.567529687500000000e+04
9.556943750000000000e+04
9.541882812500000000e+04
9.549053906250000000e+04
9.538971875000000000e+04
9.581625781250000000e+04
9.516348437500000000e+04
9.520581250000000000e+04
9.560481250000000000e+04
9.537710937500000000e+04
9.562355468750000000e+04
9.553889062500000000e+04
9.500321093750000000e+04
9.562010937500000000e+04
9.542582031250000000e+04
9.547088281250000000e+04
9.546637500000000000e+04
9.579414062500000000e+04
9.552069531250000000e+04
9.566096093750000000e+04
9.551721875000000000e+04
9.538730468750000000e+04
9.577733593750000000e+04
9.556806250000000000e+04
9.538356250000000000e+04
9.576213281250000000e+04
9.556666406250000000e+04
9.488222656250000000e+04
9.535004687500000000e+04
9.581661718750000000e+04
9.602892968750000000e+04
9.572122656250000000e+04
9.545979687500000000e+04
9.592373437500000000e+04
9.502835156250000000e+04
9.522294531250000000e+04
9.504549218750000000e+04
9.557101562500000000e+04
9.573659375000000000e+04
9.543168750000000000e+04
9.574981250000000000e+04
9.529427343750000000e+04
9.585125000000000000e+04
9.574683593750000000e+04
9.554072656250000000e+04
9.523468750000000000e+04
9.572716406250000000e+04
9.584639062500000000e+04
9.577424218750000000e+04
9.571729687500000000e+04
9.536710156250000000e+04
9.580432031250000000e+04
9.576717968750000000e+04
9.531072656250000000e+04
9.526044531250000000e+04
9.569485937500000000e+04
9.551507031250000000e+04
9.595176562500000000e+04
9.577389843750000000e+04
9.570057812500000000e+04
9.556239843750000000e+04
9.578764843750000000e+04
9.546538281250000000e+04
9.574906250000000000e+04
9.514089843750000000e+04
9.575550000000000000e+04
9.543614843750000000e+04
9.550373437500000000e+04
9.557475000000000000e+04
9.544171875000000000e+04
9.537084375000000000e+04
9.551079687500000000e+04
9.550435937500000000e+04
9.529025000000000000e+04
9.561425000000000000e+04
9.524247656250000000e+04
9.527256250000000000e+04
9.510867187500000000e+04
9.574430468750000000e+04
9.515163281250000000e+04
9.534824218750000000e+04
9.544438281250000000e+04
9.560325000000000000e+04
9.508820312500000000e+04
9.526647656250000000e+04
9.558405468750000000e+04
9.545886718750000000e+04
9.568291406250000000e+04
9.531825781250000000e+04
9.563150000000000000e+04
9.557447656250000000e+04
9.566481250000000000e+04
9.572846093750000000e+04
9.570894531250000000e+04
9.564674218750000000e+04
9.536721093750000000e+04
9.572689062500000000e+04
9.534581250000000000e+04
9.516935156250000000e+04
9.552684375000000000e+04
9.544803125000000000e+04
9.549422656250000000e+04
9.521153906250000000e+04
9.517044531250000000e+04
9.557691406250000000e+04
9.551603125000000000e+04
9.553900000000000000e+04
9.557583593750000000e+04
9.550677343750000000e+04
9.547243750000000000e+04
9.546665625000000000e+04
9.581161718750000000e+04
9.540157031250000000e+04
9.565700000000000000e+04
9.494841406250000000e+04
9.514166406250000000e+04
9.541904687500000000e+04
9.565462500000000000e+04
9.508635937500000000e+04
9.530990625000000000e+04
9.537558593750000000e+04
9.547785156250000000e+04
9.530707031250000000e+04
9.539939062500000000e+04
9.570914843750000000e+04
9.535442968750000000e+04
9.512432812500000000e+04
9.511170312500000000e+04
9.554009375000000000e+04
9.566104687500000000e+04
9.524662500000000000e+04
9.562564062500000000e+04
9.542040625000000000e+04
9.546635937500000000e+04
9.529764062500000000e+04
9.596426562500000000e+04
9.542152343750000000e+04
9.573606250000000000e+04
9.587620312500000000e+04
9.549903906250000000e+04
9.576214062500000000e+04
9.529535156250000000e+04
9.573546875000000000e+04
9.553457812500000000e+04
9.561271093750000000e+04
9.570116406250000000e+04
9.523079687500000000e+04
9.493375781250000000e+04
9.544521875000000000e+04
9.557521093750000000e+04
9.574117187500000000e+04
9.526321093750000000e+04
9.594103125000000000e+04
9.550522656250000000e+04
9.530440625000000000e+04
9.538636718750000000e+04
9.536257812500000000e+04
9.557196875000000000e+04
9.497250781250000000e+04
9.547145312500000000e+04
9.580783593750000000e+04
9.534578906250000000e+04
9.592764843750000000e+04
9.572303125000000000e+04
9.570796875000000000e+04
9.562928125000000000e+04
9.591810156250000000e+04
9.556128906250000000e+04
9.515790625000000000e+04
9.554034375000000000e+04
9.519533593750000000e+04
9.524207812500000000e+04
9.567203906250000000e+04
9.517595312500000000e+04
9.513124218750000000e+04
9.566954687500000000e+04
9.539888281250000000e+04
9.532558593750000000e+04
9.495478125000000000e+04
9.575751562500000000e+04
9.519950000000000000e+04
9.522874218750000000e+04
9.539214062500000000e+04
9.537022656250000000e+04
9.560172656250000000e+04
9.549316406250000000e+04
9.570899218750000000e+04
9.551346093750000000e+04
9.528928125000000000e+04
9.561079687500000000e+04
9.549343750000000000e+04
9.541051562500000000e+04
9.528589062500000000e+04
9.551100000000000000e+04
9.553970312500000000e+04
9.547022656250000000e+04
9.541420312500000000e+04
9.526306250000000000e+04
9.554277343750000000e+04
9.585089843750000000e+04
9.557936718750000000e+04
9.518285937500000000e+04
9.548379687500000000e+04
9.498185156250000000e+04
9.532628906250000000e+04
9.571657812500000000e+04
9.609973437500000000e+04
9.601961718750000000e+04
9.604184375000000000e+04
9.594925000000000000e+04
9.511796875000000000e+04
9.549246093750000000e+04
9.547511718750000000e+04
9.513627343750000000e+04
9.544253906250000000e+04
9.571095312500000000e+04
9.564763281250000000e+04
9.553121093750000000e+04
9.528885156250000000e+04
9.523786718750000000e+04
9.547185937500000000e+04
9.544204687500000000e+04
9.537880468750000000e+04
9.534169531250000000e+04
9.512476562500000000e+04
9.539001562500000000e+04
9.505507031250000000e+04
9.551410156250000000e+04
9.553650000000000000e+04
9.557035937500000000e+04
9.553988281250000000e+04
9.574647656250000000e+04
9.564917187500000000e+04
9.536907812500000000e+04
9.567196875000000000e+04
9.530680468750000000e+04
9.561521093750000000e+04
9.517148437500000000e+04
9.532279687500000000e+04
9.563489843750000000e+04
9.533489062500000000e+04
9.542375000000000000e+04
9.560758593750000000e+04
9.532971875000000000e+04
9.550688281250000000e+04
9.554664062500000000e+04
9.571019531250000000e+04
9.494251562500000000e+04
9.510446093750000000e+04
9.504482812500000000e+04
9.558893750000000000e+04
9.532825781250000000e+04
9.581215625000000000e+04
9.559898437500000000e+04
9.567666406250000000e+04
9.571618750000000000e+04
9.552763281250000000e+04
9.534928906250000000e+04
9.565071875000000000e+04
9.549289843750000000e+04
9.561725781250000000e+04
9.578656250000000000e+04
9.548432031250000000e+04
9.572946093750000000e+04
9.534649218750000000e+04
9.529597656250000000e+04
9.563022656250000000e+04
9.534747656250000000e+04
9.575627343750000000e+04
9.555632812500000000e+04
9.510662500000000000e+04
9.558600781250000000e+04
9.561886718750000000e+04
9.536834375000000000e+04
9.542475781250000000e+04
9.555975000000000000e+04
9.588794531250000000e+04
9.538571875000000000e+04
9.553711718750000000e+04
9.529930468750000000e+04
9.552109375000000000e+04
9.546570312500000000e+04
9.549585937500000000e+04
9.533938281250000000e+04
9.529539062500000000e+04
9.549114843750000000e+04
9.575664062500000000e+04
9.554203906250000000e+04
9.561768750000000000e+04
9.566298437500000000e+04
9.549153906250000000e+04
9.523080468750000000e+04
9.544041406250000000e+04
9.570420312500000000e+04
9.518545312500000000e+04
9.576189062500000000e+04
9.543164843750000000e+04
9.539124218750000000e+04
9.571946875000000000e+04
9.533690625000000000e+04
9.540558593750000000e+04
9.587781250000000000e+04
9.548289843750000000e+04
9.527710937500000000e+04
9.536587500000000000e+04
9.547544531250000000e+04
9.559161718750000000e+04
9.550541406250000000e+04
9.527383593750000000e+04
9.552207031250000000e+04
9.549420312500000000e+04
9.551650000000000000e+04
9.538392187500000000e+04
9.531632031250000000e+04
9.550047656250000000e+04
9.509853906250000000e+04
9.515146875000000000e+04
9.549652343750000000e+04
9.557431250000000000e+04
9.578109375000000000e+04
9.520295312500000000e+04
9.547106250000000000e+04
9.552755468750000000e+04
9.518536718750000000e+04
9.544558593750000000e+04
9.551083593750000000e+04
9.583348437500000000e+04
9.557740625000000000e+04
9.540333593750000000e+04
9.577996875000000000e+04
9.541063281250000000e+04
9.556852343750000000e+04
9.522613281250000000e+04
9.584359375000000000e+04
9.573597656250000000e+04
9.507139062500000000e+04
9.549244531250000000e+04
9.528908593750000000e+04
9.553635156250000000e+04
9.592317968750000000e+04
9.556978125000000000e+04
9.523930468750000000e+04
9.550122656250000000e+04
9.601521875000000000e+04
9.581702343750000000e+04
9.548274218750000000e+04
9.502284375000000000e+04
9.532294531250000000e+04
9.581021875000000000e+04
9.527025781250000000e+04
9.562466406250000000e+04
9.524420312500000000e+04
9.537799218750000000e+04
9.525853906250000000e+04
9.530948437500000000e+04
9.567402343750000000e+04
9.569153906250000000e+04
9.550968750000000000e+04
9.530592187500000000e+04
9.550709375000000000e+04
9.534558593750000000e+04
9.561121875000000000e+04
9.567821875000000000e+04
9.510359375000000000e+04
9.552000000000000000e+04
9.559500781250000000e+04
9.582192968750000000e+04
9.553561718750000000e+04
9.582779687500000000e+04
9.542380468750000000e+04
9.536218750000000000e+04
9.552008593750000000e+04
9.530440625000000000e+04
9.549335156250000000e+04
9.511539843750000000e+04
9.545444531250000000e+04
9.549836718750000000e+04
9.566578125000000000e+04
9.547351562500000000e+04
9.526189062500000000e+04
9.561364843750000000e+04
9.549048437500000000e+04
9.526440625000000000e+04
9.522125781250000000e+04
9.596602343750000000e+04
9.552566406250000000e+04
9.559387500000000000e+04
9.587509375000000000e+04
9.559519531250000000e+04
9.525938281250000000e+04
9.583147656250000000e+04
9.527368750000000000e+04
9.544800781250000000e+04
9.547971875000000000e+04
9.539289843750000000e+04
9.550964843750000000e+04
9.589453906250000000e+04
9.507042968750000000e+04
9.518647656250000000e+04
9.547792968750000000e+04
9.546657031250000000e+04
9.576175000000000000e+04
9.538973437500000000e+04
9.532237500000000000e+04
9.512894531250000000e+04
9.544344531250000000e+04
9.558560156250000000e+04
9.559086718750000000e+04
9.512577343750000000e+04
9.557755468750000000e+04
9.521136718750000000e+04
9.511705468750000000e+04
9.511264062500000000e+04
9.544103125000000000e+04
9.517597656250000000e+04
9.571839062500000000e+04
9.579729687500000000e+04
9.503246875000000000e+04
9.537732031250000000e+04
9.539562500000000000e+04
9.560817187500000000e+04
9.504548437500000000e+04
9.561199218750000000e+04
9.532704687500000000e+04
9.546195312500000000e+04
9.564166406250000000e+04
9.538485156250000000e+04
9.542536718750000000e+04
9.566584375000000000e+04
9.542380468750000000e+04
9.576133593750000000e+04
9.518724218750000000e+04
9.561447656250000000e+04
9.555670312500000000e+04
9.519189062500000000e+04
9.528233593750000000e+04
9.619328906250000000e+04
9.593104687500000000e+04
9.571495312500000000e+04
9.532274218750000000e+04
9.556949218750000000e+04
9.518146093750000000e+04
9.547982031250000000e+04
9.572818750000000000e+04
9.570392187500000000e+04
9.550925000000000000e+04
9.584694531250000000e+04
9.506472656250000000e+04
9.506120312500000000e+04
9.543042968750000000e+04
9.560859375000000000e+04
9.539813281250000000e+04
9.526499218750000000e+04
9.529164843750000000e+04
9.584866406250000000e+04
9.552245312500000000e+04
9.549138281250000000e+04
9.571444531250000000e+04
9.521414062500000000e+04
9.530721875000000000e+04
9.562020312500000000e+04
9.544560156250000000e+04
9.559789062500000000e+04
9.530954687500000000e+04
9.550453125000000000e+04
9.532585156250000000e+04
9.516718750000000000e+04
9.557485937500000000e+04
9.530506250000000000e+04
9.576224218750000000e+04
9.572745312500000000e+04
9.582035156250000000e+04
9.540794531250000000e+04
9.550026562500000000e+04
9.538696093750000000e+04
9.543270312500000000e+04
9.509690625000000000e+04
9.549178906250000000e+04
9.532315625000000000e+04
9.555512500000000000e+04
9.546961718750000000e+04
9.593963281250000000e+04
9.536208593750000000e+04
9.499692968750000000e+04
9.559925000000000000e+04
9.568096875000000000e+04
9.567701562500000000e+04
9.549658593750000000e+04
9.579118750000000000e+04
9.541288281250000000e+04
9.527297656250000000e+04
9.559392187500000000e+04
9.521153125000000000e+04
9.557194531250000000e+04
9.551743750000000000e+04
9.585034375000000000e+04
9.519303125000000000e+04
9.546646093750000000e+04
9.540309375000000000e+04
9.538356250000000000e+04
9.572860937500000000e+04
9.554400000000000000e+04
9.533754687500000000e+04
9.503138281250000000e+04
9.526382812500000000e+04
9.550583593750000000e+04
9.576196093750000000e+04
9.527605468750000000e+04
9.540275000000000000e+04
9.573275781250000000e+04
9.565736718750000000e+04
9.565270312500000000e+04
9.572876562500000000e+04
9.513704687500000000e+04
9.574760156250000000e+04
9.555437500000000000e+04
9.535083593750000000e+04
9.515796093750000000e+04
9.538533593750000000e+04
9.550533593750000000e+04
9.557413281250000000e+04
9.556094531250000000e+04
9.557625781250000000e+04
9.551719531250000000e+04
9.512113281250000000e+04
9.549510156250000000e+04
9.538578125000000000e+04
9.499979687500000000e+04
9.581001562500000000e+04
9.544585156250000000e+04
9.571235156250000000e+04
9.542756250000000000e+04
9.542887500000000000e+04
9.608867187500000000e+04
9.565958593750000000e+04
9.557156250000000000e+04
9.589864062500000000e+04
9.531094531250000000e+04
9.569311718750000000e+04
9.559898437500000000e+04
9.535802343750000000e+04
9.581624218750000000e+04
9.563506250000000000e+04
9.575143750000000000e+04
9.516415625000000000e+04
9.524971875000000000e+04
9.576375000000000000e+04
9.583072656250000000e+04
9.543596875000000000e+04
9.574523437500000000e+04
9.602541406250000000e+04
9.547664062500000000e+04
9.533472656250000000e+04
9.590637500000000000e+04
9.600843750000000000e+04
9.553500000000000000e+04
9.569164843750000000e+04
9.512775000000000000e+04
9.536432031250000000e+04
9.521386718750000000e+04
9.580085937500000000e+04
9.554250781250000000e+04
9.498569531250000000e+04
9.554120312500000000e+04
9.575602343750000000e+04
9.596403125000000000e+04
9.566810937500000000e+04
9.516531250000000000e+04
9.551153125000000000e+04
9.538633593750000000e+04
9.546142968750000000e+04
9.579919531250000000e+04
9.566698437500000000e+04
9.548102343750000000e+04
9.553364062500000000e+04
9.550014062500000000e+04
9.562052343750000000e+04
9.497433593750000000e+04
9.531564843750000000e+04
9.547128125000000000e+04
9.530731250000000000e+04
9.531621093750000000e+04
9.562462500000000000e+04
9.519726562500000000e+04
9.583655468750000000e+04
9.566411718750000000e+04
9.570695312500000000e+04
9.551992187500000000e+04
9.553921093750000000e+04
9.501516406250000000e+04
9.527678125000000000e+04
9.561389062500000000e+04
9.541608593750000000e+04
9.543571875000000000e+04
9.513621093750000000e+04
9.554566406250000000e+04
9.537535156250000000e+04
9.548330468750000000e+04
9.549062500000000000e+04
9.555543750000000000e+04
9.542957031250000000e+04
9.556109375000000000e+04
9.553675781250000000e+04
9.549223437500000000e+04
9.529063281250000000e+04
9.556758593750000000e+04
9.520319531250000000e+04
9.540531250000000000e+04
9.499901562500000000e+04
9.526686718750000000e+04
9.551331250000000000e+04
9.533722656250000000e+04
9.519758593750000000e+04
9.529787500000000000e+04
9.571675781250000000e+04
9.555024218750000000e+04
9.537923437500000000e+04
9.568871093750000000e+04
9.551571875000000000e+04
9.559697656250000000e+04
9.543221093750000000e+04
9.544817968750000000e+04
9.564814062500000000e+04
9.522485156250000000e+04
9.539865625000000000e+04
9.584053125000000000e+04
9.522375000000000000e+04
9.595489843750000000e+04
9.589485937500000000e+04
9.495364062500000000e+04
9.547033593750000000e+04
9.546108593750000000e+04
9.565396093750000000e+04
9.550189062500000000e+04
9.602950000000000000e+04
9.532097656250000000e+04
9.519617968750000000e+04
9.560152343750000000e+04
9.538573437500000000e+04
9.537142187500000000e+04
9.535150781250000000e+04
9.580561718750000000e+04
9.559634375000000000e+04
9.560435937500000000e+04
9.551202343750000000e+04
9.567434375000000000e+04
9.563807031250000000e+04
9.561243750000000000e+04
9.543627343750000000e+04
9.562820312500000000e+04
9.536674218750000000e+04
9.566654687500000000e+04
9.520426562500000000e+04
9.592094531250000000e+04
9.561222656250000000e+04
9.555825000000000000e+04
9.561372656250000000e+04
9.492627343750000000e+04
9.515678125000000000e+04
9.558776562500000000e+04
9.548569531250000000e+04
9.523523437500000000e+04
9.530203906250000000e+04
9.541589062500000000e+04
9.546847656250000000e+04
9.548041406250000000e+04
9.539014062500000000e+04
9.556575781250000000e+04
9.551589062500000000e+04
9.568099218750000000e+04
9.490885156250000000e+04
9.560330468750000000e+04
9.574425781250000000e+04
9.534659375000000000e+04
9.542248437500000000e+04
9.543825781250000000e+04
9.507113281250000000e+04
9.532592968750000000e+04
9.543068750000000000e+04
9.568972656250000000e+04
9.557816406250000000e+04
9.544149218750000000e+04
9.537894531250000000e+04
9.548954687500000000e+04
9.557722656250000000e+04
9.554489843750000000e+04
9.554338281250000000e+04
9.561121093750000000e+04
9.538177343750000000e+04
9.557654687500000000e+04
9.552129687500000000e+04
9.564408593750000000e+04
9.532137500000000000e+04
9.511594531250000000e+04
9.592592968750000000e+04
9.558182031250000000e+04
9.552731250000000000e+04
9.583111718750000000e+04
9.542786718750000000e+04
9.526739843750000000e+04
9.587015625000000000e+04
9.558435937500000000e+04
9.601197656250000000e+04
9.575145312500000000e+04
9.560992968750000000e+04
9.548406250000000000e+04
9.564303906250000000e+04
9.512914843750000000e+04
9.561457812500000000e+04
9.587530468750000000e+04
9.542808593750000000e+04
9.564779687500000000e+04
9.533421875000000000e+04
9.532192968750000000e+04
9.557993750000000000e+04
9.511764062500000000e+04
9.550250781250000000e+04
9.530578125000000000e+04
9.517629687500000000e+04
9.550356250000000000e+04
9.529909375000000000e+04
9.544741406250000000e+04
9.583065625000000000e+04
9.550430468750000000e+04
9.513532812500000000e+04
9.554999218750000000e+04
9.508114062500000000e+04
9.559877343750000000e+04
9.579830468750000000e+04
