8.453775000000000000e+04
7.292720312500000000e+04
6.186980078125000000e+04
5.155331640625000000e+04
4.257764062500000000e+04
3.525371875000000000e+04
2.999084960937500000e+04
2.704572851562500000e+04
2.624592968750000000e+04
2.731609570312500000e+04
2.950400195312500000e+04
3.199492187500000000e+04
3.348564843750000000e+04
3.417566796875000000e+04
3.357227343750000000e+04
3.254412500000000000e+04
3.095819726562500000e+04
2.939328320312500000e+04
2.800925781250000000e+04
2.691114062500000000e+04
2.639561328125000000e+04
2.615135937500000000e+04
2.644216992187500000e+04
2.687789648437500000e+04
2.731086132812500000e+04
2.778513085937500000e+04
2.812993554687500000e+04
2.800151757812500000e+04
2.796831640625000000e+04
2.778890039062500000e+04
2.726776562500000000e+04
2.708239257812500000e+04
2.662223437500000000e+04
2.645180468750000000e+04
2.630103125000000000e+04
2.617075781250000000e+04
2.618038085937500000e+04
2.640428320312500000e+04
2.656500976562500000e+04
2.662784765625000000e+04
2.666295507812500000e+04
2.659333007812500000e+04
2.653308593750000000e+04
2.649191796875000000e+04
2.648491796875000000e+04
2.617484765625000000e+04
2.619832226562500000e+04
2.623131445312500000e+04
2.613895507812500000e+04
2.616865234375000000e+04
2.617228515625000000e+04
2.627306054687500000e+04
2.622616210937500000e+04
2.638573046875000000e+04
2.630988867187500000e+04
2.628802929687500000e+04
2.605339453125000000e+04
2.621248828125000000e+04
2.621967187500000000e+04
2.605929101562500000e+04
2.610302148437500000e+04
2.628084179687500000e+04
2.612734960937500000e+04
2.612664453125000000e+04
2.603461132812500000e+04
2.615541015625000000e+04
2.602233789062500000e+04
2.613483398437500000e+04
2.621741796875000000e+04
2.599345507812500000e+04
2.608515625000000000e+04
2.600210937500000000e+04
2.599176171875000000e+04
2.599030468750000000e+04
2.602978710937500000e+04
2.612016015625000000e+04
2.609291992187500000e+04
2.598691210937500000e+04
2.607726171875000000e+04
2.609388867187500000e+04
2.603350976562500000e+04
2.599695507812500000e+04
2.598539453125000000e+04
2.590630468750000000e+04
2.585387890625000000e+04
2.591161328125000000e+04
2.585689843750000000e+04
2.584408593750000000e+04
2.590916601562500000e+04
2.588630859375000000e+04
2.589716210937500000e+04
2.584819921875000000e+04
2.577108789062500000e+04
2.592793359375000000e+04
2.582592578125000000e+04
2.561346093750000000e+04
2.586669921875000000e+04
2.558767382812500000e+04
2.564361523437500000e+04
2.564891796875000000e+04
2.553036328125000000e+04
2.558241210937500000e+04
2.557005859375000000e+04
2.559108007812500000e+04
2.546742382812500000e+04
2.539346093750000000e+04
2.556098046875000000e+04
2.547759179687500000e+04
2.530846289062500000e+04
2.532719140625000000e+04
2.524966406250000000e+04
2.518662109375000000e+04
2.514365039062500000e+04
2.510813867187500000e+04
2.501784179687500000e+04
2.501653125000000000e+04
2.490254296875000000e+04
2.478773046875000000e+04
2.485344726562500000e+04
2.481415234375000000e+04
2.476587500000000000e+04
2.466917382812500000e+04
2.453273828125000000e+04
2.444629296875000000e+04
2.440173242187500000e+04
2.421401757812500000e+04
2.419538867187500000e+04
2.405761523437500000e+04
2.392729882812500000e+04
2.388154296875000000e+04
2.385427929687500000e+04
2.361256054687500000e+04
2.349597656250000000e+04
2.325493554687500000e+04
2.307050390625000000e+04
2.299505664062500000e+04
2.279174609375000000e+04
2.256655664062500000e+04
2.242509765625000000e+04
2.226914843750000000e+04
2.193193359375000000e+04
2.168852148437500000e+04
2.147678710937500000e+04
2.115049218750000000e+04
2.100419140625000000e+04
2.063827539062500000e+04
2.035924414062500000e+04
1.986779492187500000e+04
1.959950781250000000e+04
1.918356835937500000e+04
1.887842578125000000e+04
1.844496875000000000e+04
1.791065625000000000e+04
1.749927148437500000e+04
1.699759765625000000e+04
1.654549023437500000e+04
1.596666406250000000e+04
1.542205761718750000e+04
1.482980078125000000e+04
1.418516015625000000e+04
1.357198632812500000e+04
1.288535156250000000e+04
1.235497753906250000e+04
1.159358398437500000e+04
1.104638183593750000e+04
1.055681835937500000e+04
1.010672558593750000e+04
9.705488281250000000e+03
9.424617187500000000e+03
9.255034179687500000e+03
9.032351562500000000e+03
8.939259765625000000e+03
8.793738281250000000e+03
8.700534179687500000e+03
8.592695312500000000e+03
8.434416015625000000e+03
8.237593750000000000e+03
8.064057128906250000e+03
7.839686523437500000e+03
7.552872558593750000e+03
7.437729492187500000e+03
7.153086425781250000e+03
7.104075683593750000e+03
6.857174804687500000e+03
6.766936035156250000e+03
6.736149414062500000e+03
6.695056640625000000e+03
6.676090820312500000e+03
6.556424804687500000e+03
6.457396484375000000e+03
6.279434570312500000e+03
6.130312500000000000e+03
6.068873046875000000e+03
6.021108398437500000e+03
5.924420410156250000e+03
5.872223144531250000e+03
5.790533203125000000e+03
5.691919433593750000e+03
5.598030761718750000e+03
5.488454589843750000e+03
5.415206542968750000e+03
5.316567382812500000e+03
5.225708007812500000e+03
5.204187500000000000e+03
5.168267089843750000e+03
5.086725585937500000e+03
5.072919433593750000e+03
5.077449218750000000e+03
5.154920410156250000e+03
5.026815429687500000e+03
4.840191406250000000e+03
4.752013183593750000e+03
4.878677734375000000e+03
4.863018554687500000e+03
4.616880371093750000e+03
4.617945800781250000e+03
4.627059082031250000e+03
4.568441406250000000e+03
4.500366210937500000e+03
4.388651367187500000e+03
4.452627441406250000e+03
4.383008300781250000e+03
4.351146972656250000e+03
4.313430175781250000e+03
4.259476074218750000e+03
4.225225097656250000e+03
4.202807617187500000e+03
4.182130859375000000e+03
4.161496093750000000e+03
4.171393066406250000e+03
4.137048828125000000e+03
4.191006347656250000e+03
4.208805175781250000e+03
4.218109863281250000e+03
4.156617187500000000e+03
4.077035888671875000e+03
3.993437744140625000e+03
3.925447265625000000e+03
3.966757568359375000e+03
4.050296630859375000e+03
4.021845703125000000e+03
3.947256347656250000e+03
3.858216552734375000e+03
3.811274414062500000e+03
3.835938232421875000e+03
3.862987548828125000e+03
3.893986572265625000e+03
3.863634277343750000e+03
3.783427978515625000e+03
3.692060058593750000e+03
3.711462646484375000e+03
3.667979003906250000e+03
3.724020507812500000e+03
3.751387695312500000e+03
3.748519042968750000e+03
3.714654296875000000e+03
3.680664550781250000e+03
3.638123291015625000e+03
3.568920410156250000e+03
3.569634033203125000e+03
3.563076904296875000e+03
3.576917724609375000e+03
3.612614013671875000e+03
3.668457275390625000e+03
3.670927246093750000e+03
3.667695556640625000e+03
3.570328857421875000e+03
3.449174316406250000e+03
3.456412597656250000e+03
3.393503417968750000e+03
3.382595947265625000e+03
3.439698242187500000e+03
3.478619628906250000e+03
3.558546386718750000e+03
3.730437988281250000e+03
3.755044189453125000e+03
3.543511962890625000e+03
3.349522705078125000e+03
3.288350341796875000e+03
3.405470703125000000e+03
3.544196044921875000e+03
3.497507568359375000e+03
3.398732910156250000e+03
3.266467041015625000e+03
3.193702636718750000e+03
3.244464355468750000e+03
3.216557373046875000e+03
3.263844970703125000e+03
3.336160888671875000e+03
3.429457031250000000e+03
3.339910644531250000e+03
3.227756591796875000e+03
3.150046386718750000e+03
3.112709960937500000e+03
3.098742675781250000e+03
3.119849853515625000e+03
3.203899414062500000e+03
3.338723632812500000e+03
3.498058593750000000e+03
3.345369384765625000e+03
3.173393310546875000e+03
3.062480224609375000e+03
3.043013671875000000e+03
3.020293701171875000e+03
3.135357177734375000e+03
3.257085937500000000e+03
3.283545898437500000e+03
3.221471191406250000e+03
3.086799560546875000e+03
3.017359619140625000e+03
2.968112304687500000e+03
2.934687744140625000e+03
2.910186523437500000e+03
2.934344238281250000e+03
2.918104980468750000e+03
2.925983886718750000e+03
2.928663085937500000e+03
3.023274902343750000e+03
3.279244384765625000e+03
3.268047363281250000e+03
3.242328857421875000e+03
2.936247314453125000e+03
2.858961914062500000e+03
2.864632324218750000e+03
2.941632324218750000e+03
3.055117675781250000e+03
3.155025878906250000e+03
3.187330078125000000e+03
2.981523193359375000e+03
2.883914550781250000e+03
2.825337646484375000e+03
2.791439697265625000e+03
2.790473388671875000e+03
2.771221923828125000e+03
2.763737548828125000e+03
2.763217041015625000e+03
2.798492919921875000e+03
2.871377197265625000e+03
3.131249511718750000e+03
3.106325683593750000e+03
3.065874755859375000e+03
2.872921386718750000e+03
2.766293945312500000e+03
2.721457031250000000e+03
2.719904541015625000e+03
2.707977539062500000e+03
2.828517578125000000e+03
3.017580322265625000e+03
3.068818847656250000e+03
3.086693603515625000e+03
2.783213134765625000e+03
2.696867187500000000e+03
2.701460693359375000e+03
2.726655517578125000e+03
2.902574218750000000e+03
2.976121582031250000e+03
3.019542968750000000e+03
2.784562255859375000e+03
2.690758056640625000e+03
2.662057617187500000e+03
2.721706787109375000e+03
2.866416015625000000e+03
2.922109619140625000e+03
2.931101074218750000e+03
2.731377929687500000e+03
2.663533203125000000e+03
2.594086425781250000e+03
2.630376220703125000e+03
2.704861328125000000e+03
2.762152832031250000e+03
2.904717285156250000e+03
2.837270019531250000e+03
2.755720703125000000e+03
2.677265869140625000e+03
2.663364257812500000e+03
2.660561523437500000e+03
2.659572021484375000e+03
2.637458740234375000e+03
2.685000732421875000e+03
2.712824707031250000e+03
2.736267333984375000e+03
2.715906982421875000e+03
2.744236328125000000e+03
2.686572998046875000e+03
2.631741699218750000e+03
2.622131835937500000e+03
2.631224853515625000e+03
2.624174072265625000e+03
2.669332031250000000e+03
2.643971923828125000e+03
2.668863037109375000e+03
2.674571044921875000e+03
2.696697998046875000e+03
2.658272216796875000e+03
2.633775146484375000e+03
2.643626708984375000e+03
2.601812744140625000e+03
2.610674560546875000e+03
2.592878417968750000e+03
2.613473388671875000e+03
2.671703369140625000e+03
2.659285156250000000e+03
2.683896240234375000e+03
2.656794677734375000e+03
2.623503906250000000e+03
2.552414306640625000e+03
2.574596923828125000e+03
2.540749511718750000e+03
2.565711425781250000e+03
2.628306884765625000e+03
2.668129638671875000e+03
2.694355712890625000e+03
2.694023925781250000e+03
2.582992919921875000e+03
2.543014404296875000e+03
2.496996337890625000e+03
2.452076904296875000e+03
2.494775390625000000e+03
2.470223876953125000e+03
2.428718750000000000e+03
2.481371093750000000e+03
2.483794921875000000e+03
2.464587890625000000e+03
2.483112060546875000e+03
2.567724121093750000e+03
2.691759033203125000e+03
2.874052246093750000e+03
2.652284667968750000e+03
2.473463378906250000e+03
2.415595458984375000e+03
2.455416992187500000e+03
2.561442626953125000e+03
2.694966552734375000e+03
2.885978271484375000e+03
2.547787353515625000e+03
2.448480712890625000e+03
2.404380859375000000e+03
2.504456054687500000e+03
2.673809326171875000e+03
2.698677001953125000e+03
2.665411376953125000e+03
2.551212890625000000e+03
2.435930419921875000e+03
2.401893554687500000e+03
2.383088867187500000e+03
2.454613525390625000e+03
2.503847412109375000e+03
2.630803222656250000e+03
2.690803466796875000e+03
2.683092773437500000e+03
2.505525634765625000e+03
2.421967529296875000e+03
2.403871337890625000e+03
2.409987304687500000e+03
2.457343750000000000e+03
2.559324218750000000e+03
2.678673583984375000e+03
2.583124023437500000e+03
2.537115234375000000e+03
2.463990478515625000e+03
2.459662353515625000e+03
2.421459716796875000e+03
2.431752685546875000e+03
2.429362792968750000e+03
2.457659423828125000e+03
2.500023925781250000e+03
2.567188964843750000e+03
2.534383544921875000e+03
2.525216308593750000e+03
2.510519775390625000e+03
2.481689697265625000e+03
2.407862060546875000e+03
2.396938720703125000e+03
2.411421630859375000e+03
2.357407226562500000e+03
2.381514160156250000e+03
2.420420410156250000e+03
2.463051025390625000e+03
2.537475585937500000e+03
2.530395507812500000e+03
2.514856201171875000e+03
2.455322509765625000e+03
2.408450195312500000e+03
2.369924560546875000e+03
2.318712402343750000e+03
2.330919189453125000e+03
2.326077880859375000e+03
2.331005859375000000e+03
2.310420898437500000e+03
2.337045410156250000e+03
2.294785156250000000e+03
2.300144287109375000e+03
2.310218750000000000e+03
2.300911376953125000e+03
2.298983886718750000e+03
2.300915527343750000e+03
2.316893554687500000e+03
2.318409912109375000e+03
2.306088378906250000e+03
2.336705810546875000e+03
2.455293212890625000e+03
2.605580078125000000e+03
2.772547119140625000e+03
2.485784912109375000e+03
2.338121826171875000e+03
2.312825683593750000e+03
2.286220458984375000e+03
2.306691894531250000e+03
2.311444091796875000e+03
2.428333740234375000e+03
2.612583251953125000e+03
2.809242675781250000e+03
2.403128906250000000e+03
2.269842041015625000e+03
2.296325195312500000e+03
2.500403320312500000e+03
2.762189453125000000e+03
2.461198730468750000e+03
2.311284179687500000e+03
2.256161376953125000e+03
2.280801513671875000e+03
2.420364746093750000e+03
2.579124755859375000e+03
2.691958740234375000e+03
2.443173095703125000e+03
2.267303466796875000e+03
2.260621582031250000e+03
2.306404296875000000e+03
2.391113281250000000e+03
2.550342041015625000e+03
2.608957031250000000e+03
2.377848388671875000e+03
2.288586181640625000e+03
2.239305664062500000e+03
2.266730468750000000e+03
2.341001953125000000e+03
2.413728027343750000e+03
2.577997070312500000e+03
2.408875732421875000e+03
2.296115722656250000e+03
2.269256591796875000e+03
2.250844238281250000e+03
2.222931884765625000e+03
2.225881835937500000e+03
2.234270019531250000e+03
2.240366210937500000e+03
2.301623046875000000e+03
2.394783447265625000e+03
2.523314208984375000e+03
2.472137695312500000e+03
2.370266845703125000e+03
2.314001220703125000e+03
2.279431152343750000e+03
2.278460693359375000e+03
2.252271972656250000e+03
2.291570068359375000e+03
2.303024169921875000e+03
2.408799316406250000e+03
2.504456787109375000e+03
2.444821044921875000e+03
2.383113037109375000e+03
2.312776855468750000e+03
2.259912353515625000e+03
2.258360595703125000e+03
2.273232421875000000e+03
2.270748291015625000e+03
2.311675781250000000e+03
2.344540039062500000e+03
2.476202636718750000e+03
2.404498046875000000e+03
2.349787353515625000e+03
2.282205078125000000e+03
2.243322021484375000e+03
2.250991210937500000e+03
2.303642089843750000e+03
2.323200439453125000e+03
2.398420898437500000e+03
2.370024658203125000e+03
2.416824951171875000e+03
2.313293212890625000e+03
2.287146240234375000e+03
2.281641357421875000e+03
2.245244384765625000e+03
2.264539550781250000e+03
2.300400634765625000e+03
2.356247314453125000e+03
2.365426513671875000e+03
2.331572753906250000e+03
2.301040771484375000e+03
2.271202880859375000e+03
2.275736816406250000e+03
2.260357177734375000e+03
2.259652587890625000e+03
2.271398193359375000e+03
2.345969970703125000e+03
2.320033935546875000e+03
2.331665039062500000e+03
2.346318847656250000e+03
2.290995361328125000e+03
2.264781005859375000e+03
2.261446533203125000e+03
2.243588623046875000e+03
2.224125488281250000e+03
2.243046630859375000e+03
2.280721191406250000e+03
2.337788818359375000e+03
2.358567138671875000e+03
2.306279541015625000e+03
2.284318359375000000e+03
2.252273925781250000e+03
2.251704589843750000e+03
2.223176757812500000e+03
2.241749267578125000e+03
2.257749755859375000e+03
2.280622558593750000e+03
2.290222900390625000e+03
2.336393066406250000e+03
2.305323242187500000e+03
2.282485595703125000e+03
2.227462890625000000e+03
2.199577880859375000e+03
2.192799804687500000e+03
2.203111816406250000e+03
2.206692382812500000e+03
2.204920898437500000e+03
2.253848632812500000e+03
2.332518066406250000e+03
2.337313964843750000e+03
2.324950439453125000e+03
2.277609130859375000e+03
2.206978027343750000e+03
2.209013427734375000e+03
2.178949462890625000e+03
2.220917236328125000e+03
2.216528808593750000e+03
2.267176269531250000e+03
2.279943847656250000e+03
2.295132568359375000e+03
2.298698486328125000e+03
2.229313232421875000e+03
2.220706298828125000e+03
2.185223632812500000e+03
2.212774414062500000e+03
2.181256103515625000e+03
2.176887451171875000e+03
2.189778076171875000e+03
2.203360351562500000e+03
2.253306152343750000e+03
2.308690673828125000e+03
2.317927734375000000e+03
2.276831054687500000e+03
2.200828857421875000e+03
2.183745849609375000e+03
2.170018310546875000e+03
2.171685058593750000e+03
2.235833984375000000e+03
2.236969238281250000e+03
2.237301269531250000e+03
2.244380371093750000e+03
2.208911376953125000e+03
2.213055664062500000e+03
2.243435546875000000e+03
2.190082031250000000e+03
2.234030273437500000e+03
2.226707031250000000e+03
2.224209960937500000e+03
2.209005859375000000e+03
2.230649414062500000e+03
2.227995361328125000e+03
2.178405029296875000e+03
2.175965087890625000e+03
2.185198242187500000e+03
2.169108154296875000e+03
2.215671142578125000e+03
2.254713623046875000e+03
2.203156250000000000e+03
2.215516601562500000e+03
2.191755859375000000e+03
2.170200439453125000e+03
2.183267578125000000e+03
2.217959228515625000e+03
2.195382080078125000e+03
2.229387451171875000e+03
2.200524414062500000e+03
2.178832031250000000e+03
2.178072021484375000e+03
2.178997314453125000e+03
2.164150390625000000e+03
2.183359619140625000e+03
2.136976806640625000e+03
2.160533935546875000e+03
2.190645263671875000e+03
2.204249755859375000e+03
2.200400878906250000e+03
2.180887207031250000e+03
2.191137695312500000e+03
2.178941406250000000e+03
2.182673583984375000e+03
2.195696533203125000e+03
2.185257812500000000e+03
2.219503417968750000e+03
2.192678222656250000e+03
2.177293701171875000e+03
2.175297363281250000e+03
2.125931884765625000e+03
2.155649169921875000e+03
2.173993408203125000e+03
2.194371582031250000e+03
2.202397216796875000e+03
2.202045654296875000e+03
2.172198974609375000e+03
2.140196044921875000e+03
2.122490234375000000e+03
2.088457031250000000e+03
2.098937011718750000e+03
2.080243164062500000e+03
2.086210937500000000e+03
2.110014892578125000e+03
2.141914062500000000e+03
2.249785400390625000e+03
2.307256835937500000e+03
2.238648193359375000e+03
2.153951904296875000e+03
2.087244140625000000e+03
2.066151855468750000e+03
2.050586914062500000e+03
2.041029418945312500e+03
2.065605224609375000e+03
2.122152343750000000e+03
2.185830566406250000e+03
2.276996582031250000e+03
2.268135009765625000e+03
2.211235595703125000e+03
2.114570068359375000e+03
2.071451904296875000e+03
2.067501708984375000e+03
2.065819580078125000e+03
2.104383544921875000e+03
2.143761718750000000e+03
2.216922851562500000e+03
2.314767089843750000e+03
2.197170410156250000e+03
2.140131347656250000e+03
2.086028076171875000e+03
2.043964111328125000e+03
2.064440673828125000e+03
2.106613769531250000e+03
2.125463134765625000e+03
2.215374755859375000e+03
2.270016357421875000e+03
2.250347656250000000e+03
2.186990234375000000e+03
2.098851562500000000e+03
2.070170654296875000e+03
2.060119873046875000e+03
2.079757568359375000e+03
2.086497558593750000e+03
2.166585205078125000e+03
2.226004150390625000e+03
2.258815429687500000e+03
2.228502441406250000e+03
2.109751220703125000e+03
2.068610839843750000e+03
2.065223388671875000e+03
2.042293701171875000e+03
2.035782470703125000e+03
2.066651367187500000e+03
2.140174072265625000e+03
2.246690917968750000e+03
2.243326660156250000e+03
2.192321777343750000e+03
2.125644042968750000e+03
2.096227539062500000e+03
2.095954589843750000e+03
2.084366699218750000e+03
2.099472412109375000e+03
2.154279785156250000e+03
2.205025878906250000e+03
2.195704589843750000e+03
2.139357910156250000e+03
2.124085205078125000e+03
2.084569580078125000e+03
2.095856689453125000e+03
2.091146972656250000e+03
2.115666748046875000e+03
2.135274414062500000e+03
2.161208007812500000e+03
2.169759521484375000e+03
2.129875488281250000e+03
2.098612548828125000e+03
2.082050781250000000e+03
2.091618896484375000e+03
2.087304931640625000e+03
2.131608398437500000e+03
2.156689697265625000e+03
2.169236816406250000e+03
2.170615722656250000e+03
2.114558349609375000e+03
2.093457275390625000e+03
2.065527343750000000e+03
2.043527465820312500e+03
2.021610473632812500e+03
2.048483398437500000e+03
2.080968261718750000e+03
2.146502685546875000e+03
2.143429687500000000e+03
2.157291015625000000e+03
2.108026367187500000e+03
2.079866943359375000e+03
2.040957763671875000e+03
2.044765869140625000e+03
2.066989746093750000e+03
2.103709228515625000e+03
2.132501708984375000e+03
2.171067382812500000e+03
2.128486572265625000e+03
2.082702636718750000e+03
2.115739257812500000e+03
2.108097656250000000e+03
2.088626220703125000e+03
2.111217285156250000e+03
2.147706298828125000e+03
2.092335937500000000e+03
2.125588867187500000e+03
2.116519042968750000e+03
2.108927001953125000e+03
2.114531494140625000e+03
2.128181884765625000e+03
2.116743164062500000e+03
2.100643798828125000e+03
2.075134521484375000e+03
2.094523193359375000e+03
2.081967041015625000e+03
2.047378173828125000e+03
2.052037597656250000e+03
2.061463378906250000e+03
2.120743896484375000e+03
2.107489013671875000e+03
2.113208740234375000e+03
2.089384277343750000e+03
2.072662841796875000e+03
2.062926757812500000e+03
2.054414062500000000e+03
2.072066894531250000e+03
2.076694091796875000e+03
2.094932128906250000e+03
2.110283203125000000e+03
2.091805664062500000e+03
2.064628417968750000e+03
2.100729492187500000e+03
2.119083007812500000e+03
2.091054931640625000e+03
2.061004638671875000e+03
2.063381591796875000e+03
2.053074218750000000e+03
2.084771240234375000e+03
2.079401611328125000e+03
2.105099609375000000e+03
2.107184082031250000e+03
2.065976074218750000e+03
2.078925292968750000e+03
2.068788818359375000e+03
2.082987548828125000e+03
2.091769531250000000e+03
2.084713623046875000e+03
2.066604248046875000e+03
2.037500000000000000e+03
2.055510742187500000e+03
2.057046875000000000e+03
2.092526611328125000e+03
2.123154052734375000e+03
2.110761474609375000e+03
2.098976074218750000e+03
2.058631103515625000e+03
2.028758422851562500e+03
1.992839965820312500e+03
2.005315185546875000e+03
2.007609008789062500e+03
2.030965698242187500e+03
2.065819824218750000e+03
2.107348144531250000e+03
2.133075439453125000e+03
2.104858398437500000e+03
2.046218139648437500e+03
2.035981445312500000e+03
1.998807617187500000e+03
2.008234863281250000e+03
1.984643188476562500e+03
2.042466186523437500e+03
2.052533691406250000e+03
2.135321044921875000e+03
2.116676513671875000e+03
2.090563964843750000e+03
2.021452148437500000e+03
1.982661621093750000e+03
1.926961425781250000e+03
1.953419799804687500e+03
1.960720825195312500e+03
1.966065429687500000e+03
2.003849365234375000e+03
2.066685058593750000e+03
2.143529541015625000e+03
2.147821044921875000e+03
2.096189697265625000e+03
2.026916992187500000e+03
1.981094604492187500e+03
1.980713989257812500e+03
1.969276367187500000e+03
1.974019287109375000e+03
2.090758056640625000e+03
2.157865478515625000e+03
2.127967529296875000e+03
2.069331542968750000e+03
2.031475585937500000e+03
1.987387939453125000e+03
2.014834594726562500e+03
2.041671508789062500e+03
2.102982421875000000e+03
2.125927001953125000e+03
2.078822265625000000e+03
2.017518188476562500e+03
1.992558349609375000e+03
2.000477539062500000e+03
1.979817626953125000e+03
1.998574462890625000e+03
2.081428710937500000e+03
2.100137939453125000e+03
2.096271240234375000e+03
2.038612182617187500e+03
2.028060668945312500e+03
2.006901855468750000e+03
2.026747314453125000e+03
2.045667846679687500e+03
2.053345703125000000e+03
2.067203125000000000e+03
2.048825683593750000e+03
2.032077758789062500e+03
1.995713012695312500e+03
1.995421264648437500e+03
1.983770507812500000e+03
1.998229614257812500e+03
1.997565917968750000e+03
2.072850097656250000e+03
2.067273925781250000e+03
2.064886962890625000e+03
2.018974853515625000e+03
1.992949096679687500e+03
1.975486450195312500e+03
1.996521850585937500e+03
2.042436035156250000e+03
2.046309204101562500e+03
2.066002929687500000e+03
2.062895263671875000e+03
2.037678955078125000e+03
2.005160644531250000e+03
1.985939819335937500e+03
1.978571289062500000e+03
1.989469482421875000e+03
2.017535766601562500e+03
2.026948364257812500e+03
2.043816162109375000e+03
2.046510986328125000e+03
2.065620361328125000e+03
2.004655151367187500e+03
2.001319458007812500e+03
1.987139038085937500e+03
1.964879638671875000e+03
1.973697998046875000e+03
2.004592529296875000e+03
2.060386230468750000e+03
2.057263183593750000e+03
2.052931884765625000e+03
2.041094604492187500e+03
2.018599365234375000e+03
1.987075195312500000e+03
1.973704833984375000e+03
1.967263427734375000e+03
1.946018310546875000e+03
1.993804199218750000e+03
1.993360839843750000e+03
2.027078857421875000e+03
2.034799682617187500e+03
2.041916503906250000e+03
2.032156860351562500e+03
1.996509155273437500e+03
1.966507812500000000e+03
1.933084350585937500e+03
1.948105957031250000e+03
1.973978759765625000e+03
1.985507446289062500e+03
2.072985107421875000e+03
2.063086181640625000e+03
2.023959472656250000e+03
1.999334472656250000e+03
1.950268188476562500e+03
1.932120483398437500e+03
1.958594848632812500e+03
1.957688842773437500e+03
1.987960937500000000e+03
2.043078857421875000e+03
