1.108465625000000000e+05
9.970598437500000000e+04
8.889896875000000000e+04
7.781953906250000000e+04
6.733174218750000000e+04
5.689591015625000000e+04
4.774290234375000000e+04
3.983977343750000000e+04
3.368648046875000000e+04
2.896405273437500000e+04
2.668249218750000000e+04
2.627711523437500000e+04
2.724725585937500000e+04
2.966534375000000000e+04
3.198354296875000000e+04
3.415836718750000000e+04
3.531360156250000000e+04
3.546550390625000000e+04
3.479063281250000000e+04
3.323581250000000000e+04
3.137631640625000000e+04
2.942547460937500000e+04
2.795027734375000000e+04
2.685235351562500000e+04
2.624334570312500000e+04
2.587874609375000000e+04
2.606377343750000000e+04
2.635309375000000000e+04
2.677695117187500000e+04
2.728356054687500000e+04
2.746280468750000000e+04
2.772319140625000000e+04
2.778749218750000000e+04
2.770038281250000000e+04
2.737641015625000000e+04
2.694708203125000000e+04
2.650087109375000000e+04
2.625768750000000000e+04
2.607955078125000000e+04
2.578026953125000000e+04
2.568076953125000000e+04
2.561298437500000000e+04
2.562483789062500000e+04
2.574998046875000000e+04
2.598517382812500000e+04
2.581908984375000000e+04
2.593881250000000000e+04
2.603126171875000000e+04
2.586064843750000000e+04
2.570538281250000000e+04
2.558546289062500000e+04
2.546582617187500000e+04
2.531683398437500000e+04
2.540495898437500000e+04
2.536560546875000000e+04
2.524728515625000000e+04
2.511667187500000000e+04
2.529830664062500000e+04
2.532761328125000000e+04
2.515945898437500000e+04
2.521550390625000000e+04
2.535611132812500000e+04
2.511811523437500000e+04
2.500612304687500000e+04
2.492375781250000000e+04
2.491703125000000000e+04
2.477427148437500000e+04
2.476166992187500000e+04
2.483974414062500000e+04
2.463764453125000000e+04
2.470791406250000000e+04
2.461757812500000000e+04
2.453478125000000000e+04
2.455593359375000000e+04
2.451008203125000000e+04
2.457852734375000000e+04
2.441127148437500000e+04
2.435847460937500000e+04
2.430634960937500000e+04
2.432810351562500000e+04
2.416140039062500000e+04
2.408355664062500000e+04
2.405546875000000000e+04
2.391625781250000000e+04
2.387608593750000000e+04
2.382750976562500000e+04
2.368745312500000000e+04
2.360335156250000000e+04
2.359612695312500000e+04
2.353659765625000000e+04
2.350412304687500000e+04
2.338070703125000000e+04
2.319750585937500000e+04
2.328783398437500000e+04
2.310841601562500000e+04
2.294494726562500000e+04
2.303084570312500000e+04
2.266110546875000000e+04
2.266182031250000000e+04
2.259721093750000000e+04
2.243909570312500000e+04
2.240285937500000000e+04
2.226873828125000000e+04
2.219748046875000000e+04
2.197033789062500000e+04
2.186174804687500000e+04
2.183129296875000000e+04
2.166511132812500000e+04
2.148169531250000000e+04
2.142941406250000000e+04
2.117248828125000000e+04
2.116259375000000000e+04
2.087753906250000000e+04
2.073961132812500000e+04
2.066516601562500000e+04
2.050681250000000000e+04
2.026528906250000000e+04
2.005549804687500000e+04
2.000323632812500000e+04
1.981439257812500000e+04
1.968777734375000000e+04
1.947237500000000000e+04
1.923222460937500000e+04
1.907446093750000000e+04
1.889312890625000000e+04
1.859100000000000000e+04
1.846513671875000000e+04
1.822409765625000000e+04
1.797478906250000000e+04
1.774613476562500000e+04
1.767524414062500000e+04
1.728186718750000000e+04
1.709728710937500000e+04
1.678821093750000000e+04
1.655681054687500000e+04
1.629794531250000000e+04
1.609705859375000000e+04
1.586652246093750000e+04
1.552420117187500000e+04
1.532030664062500000e+04
1.496072265625000000e+04
1.468037011718750000e+04
1.440472070312500000e+04
1.413672363281250000e+04
1.388250000000000000e+04
1.362921191406250000e+04
1.329065625000000000e+04
1.294051953125000000e+04
1.273734375000000000e+04
1.245327343750000000e+04
1.225814648437500000e+04
1.195875097656250000e+04
1.172922265625000000e+04
1.151513964843750000e+04
1.128285546875000000e+04
1.109578808593750000e+04
1.084476953125000000e+04
1.077895800781250000e+04
1.059652832031250000e+04
1.040143945312500000e+04
1.021800292968750000e+04
1.006052148437500000e+04
9.962003906250000000e+03
9.850965820312500000e+03
9.630828125000000000e+03
9.492882812500000000e+03
9.390601562500000000e+03
9.223008789062500000e+03
9.109021484375000000e+03
9.009536132812500000e+03
8.837838867187500000e+03
8.768029296875000000e+03
8.635910156250000000e+03
8.524871093750000000e+03
8.405994140625000000e+03
8.296382812500000000e+03
8.205504882812500000e+03
8.065777832031250000e+03
7.991153320312500000e+03
7.813606445312500000e+03
7.734372070312500000e+03
7.655425292968750000e+03
7.589223144531250000e+03
7.487978027343750000e+03
7.377301269531250000e+03
7.351273437500000000e+03
7.232496093750000000e+03
7.191780761718750000e+03
7.131476562500000000e+03
7.062867187500000000e+03
6.970845703125000000e+03
6.902222167968750000e+03
6.854828613281250000e+03
6.849445312500000000e+03
6.781082519531250000e+03
6.749166015625000000e+03
6.707930664062500000e+03
6.636604492187500000e+03
6.573538574218750000e+03
6.523956054687500000e+03
6.516165039062500000e+03
6.447142578125000000e+03
6.425591308593750000e+03
6.398872558593750000e+03
6.358155273437500000e+03
6.350887695312500000e+03
6.356658691406250000e+03
6.310491699218750000e+03
6.303269042968750000e+03
6.283746093750000000e+03
6.252357421875000000e+03
6.236261230468750000e+03
6.247954101562500000e+03
6.227745117187500000e+03
6.177917480468750000e+03
6.198465332031250000e+03
6.168553222656250000e+03
6.139237792968750000e+03
6.129050781250000000e+03
6.087339355468750000e+03
6.085132812500000000e+03
6.044595214843750000e+03
6.032518554687500000e+03
6.029711425781250000e+03
6.007684082031250000e+03
6.024511230468750000e+03
5.975739257812500000e+03
5.974734375000000000e+03
5.972766113281250000e+03
5.937281738281250000e+03
5.923569335937500000e+03
5.941805175781250000e+03
5.899390625000000000e+03
5.859920410156250000e+03
5.843874023437500000e+03
5.848082519531250000e+03
5.799363769531250000e+03
5.803043457031250000e+03
5.807834472656250000e+03
5.778389160156250000e+03
5.743590820312500000e+03
5.734612792968750000e+03
5.751616699218750000e+03
5.725204589843750000e+03
5.669160644531250000e+03
5.620721191406250000e+03
5.639921875000000000e+03
5.604583984375000000e+03
5.613844726562500000e+03
5.578982910156250000e+03
5.568534179687500000e+03
5.552558105468750000e+03
5.542747070312500000e+03
5.527680664062500000e+03
5.512850097656250000e+03
5.503229003906250000e+03
5.491954101562500000e+03
5.476058105468750000e+03
5.432290039062500000e+03
5.419208496093750000e+03
5.457782714843750000e+03
5.436440917968750000e+03
5.364371093750000000e+03
5.367182128906250000e+03
5.339159179687500000e+03
5.318384277343750000e+03
5.320315917968750000e+03
5.277390136718750000e+03
5.311893554687500000e+03
5.276444335937500000e+03
5.253623046875000000e+03
5.295406738281250000e+03
5.263682128906250000e+03
5.206278808593750000e+03
5.202225097656250000e+03
5.177630859375000000e+03
5.166267578125000000e+03
5.152063476562500000e+03
5.118587890625000000e+03
5.125791992187500000e+03
5.117673828125000000e+03
5.059778808593750000e+03
5.066385742187500000e+03
5.055141113281250000e+03
5.011457519531250000e+03
5.043173339843750000e+03
4.985689941406250000e+03
5.017311523437500000e+03
4.948868652343750000e+03
4.971750000000000000e+03
4.954388183593750000e+03
4.917597167968750000e+03
4.888610351562500000e+03
4.891272460937500000e+03
4.884303222656250000e+03
4.876765136718750000e+03
4.851860351562500000e+03
4.866117187500000000e+03
4.824869140625000000e+03
4.800078125000000000e+03
4.777433105468750000e+03
4.779314453125000000e+03
4.783276855468750000e+03
4.734007812500000000e+03
4.778405273437500000e+03
4.728038085937500000e+03
4.726305175781250000e+03
4.691572753906250000e+03
4.656905761718750000e+03
4.658969726562500000e+03
4.663096679687500000e+03
4.608010742187500000e+03
4.587878906250000000e+03
4.624617187500000000e+03
4.590196777343750000e+03
4.551730468750000000e+03
4.561724121093750000e+03
4.524804199218750000e+03
4.529118164062500000e+03
4.502209960937500000e+03
4.533629882812500000e+03
4.483775878906250000e+03
4.481309570312500000e+03
4.461751464843750000e+03
4.465257812500000000e+03
4.408002929687500000e+03
4.420472167968750000e+03
4.380875488281250000e+03
4.388820312500000000e+03
4.391863769531250000e+03
4.336410644531250000e+03
4.343004394531250000e+03
4.341520996093750000e+03
4.312779785156250000e+03
4.287304199218750000e+03
4.273523925781250000e+03
4.289426757812500000e+03
4.269057128906250000e+03
4.277066894531250000e+03
4.228564453125000000e+03
4.216504394531250000e+03
4.217417480468750000e+03
4.198929199218750000e+03
4.177722656250000000e+03
4.142181152343750000e+03
4.136425781250000000e+03
4.165833984375000000e+03
4.125322753906250000e+03
4.136506835937500000e+03
4.111682128906250000e+03
4.082183593750000000e+03
4.086545654296875000e+03
4.095031982421875000e+03
4.078753173828125000e+03
4.044276855468750000e+03
4.033336181640625000e+03
4.062650878906250000e+03
4.042332275390625000e+03
4.032124023437500000e+03
4.007193847656250000e+03
3.978281005859375000e+03
3.980743652343750000e+03
3.984698974609375000e+03
3.968698974609375000e+03
3.943212890625000000e+03
3.925506835937500000e+03
3.915645263671875000e+03
3.894651855468750000e+03
3.895223388671875000e+03
3.881839843750000000e+03
3.871864746093750000e+03
3.848910644531250000e+03
3.839753173828125000e+03
3.827629882812500000e+03
3.795043212890625000e+03
3.815968994140625000e+03
3.803360839843750000e+03
3.780949707031250000e+03
3.788784179687500000e+03
3.783031982421875000e+03
3.783964843750000000e+03
3.739339355468750000e+03
3.773078369140625000e+03
3.750393554687500000e+03
3.728152587890625000e+03
3.776517578125000000e+03
3.782606689453125000e+03
3.756207519531250000e+03
3.733642578125000000e+03
3.691576660156250000e+03
3.663334228515625000e+03
3.649938720703125000e+03
3.659566894531250000e+03
3.676485595703125000e+03
3.658088867187500000e+03
3.687274414062500000e+03
3.639941894531250000e+03
3.614171386718750000e+03
3.596294921875000000e+03
3.608862060546875000e+03
3.602671630859375000e+03
3.600347900390625000e+03
3.595012695312500000e+03
3.648601562500000000e+03
3.620225585937500000e+03
3.572266357421875000e+03
3.531237304687500000e+03
3.524063964843750000e+03
3.529882080078125000e+03
3.550200683593750000e+03
3.564429199218750000e+03
3.544737060546875000e+03
3.500690917968750000e+03
3.482776367187500000e+03
3.503837890625000000e+03
3.521809082031250000e+03
3.512263183593750000e+03
3.513183349609375000e+03
3.474325683593750000e+03
3.444969970703125000e+03
3.465754882812500000e+03
3.451222656250000000e+03
3.421012207031250000e+03
3.403098632812500000e+03
3.419675048828125000e+03
3.414834716796875000e+03
3.425521972656250000e+03
3.390812255859375000e+03
3.373314208984375000e+03
3.394637939453125000e+03
3.384592529296875000e+03
3.408610351562500000e+03
3.371574218750000000e+03
3.362653564453125000e+03
3.336758544921875000e+03
3.343417968750000000e+03
3.327468017578125000e+03
3.346197265625000000e+03
3.326552001953125000e+03
3.306913574218750000e+03
3.316792968750000000e+03
3.355467285156250000e+03
3.304681640625000000e+03
3.315908691406250000e+03
3.282909667968750000e+03
3.292595214843750000e+03
3.261118896484375000e+03
3.263775634765625000e+03
3.255927001953125000e+03
3.300303710937500000e+03
3.246988037109375000e+03
3.260962890625000000e+03
3.278193603515625000e+03
3.259048583984375000e+03
3.251234375000000000e+03
3.273690673828125000e+03
3.263380859375000000e+03
3.250438232421875000e+03
3.283641357421875000e+03
3.254695068359375000e+03
3.262178222656250000e+03
3.210437988281250000e+03
3.198056396484375000e+03
3.178069580078125000e+03
3.180199218750000000e+03
3.179654296875000000e+03
3.179037597656250000e+03
3.182044677734375000e+03
3.153131347656250000e+03
3.196833740234375000e+03
3.175278564453125000e+03
3.177525878906250000e+03
3.146271240234375000e+03
3.112980712890625000e+03
3.113182861328125000e+03
3.114508300781250000e+03
3.120208251953125000e+03
3.121409667968750000e+03
3.093684326171875000e+03
3.094132080078125000e+03
3.102494384765625000e+03
3.077204345703125000e+03
3.086917236328125000e+03
3.122498535156250000e+03
3.129434326171875000e+03
3.182690917968750000e+03
3.193372314453125000e+03
3.199537353515625000e+03
3.195271240234375000e+03
3.177967285156250000e+03
3.096911865234375000e+03
3.055612548828125000e+03
3.022200683593750000e+03
3.019658691406250000e+03
3.036028320312500000e+03
3.046366699218750000e+03
3.078671386718750000e+03
3.101439941406250000e+03
3.069843261718750000e+03
3.025961669921875000e+03
2.950681640625000000e+03
2.989567382812500000e+03
3.012979980468750000e+03
3.036594970703125000e+03
2.999383300781250000e+03
3.013072265625000000e+03
2.971264892578125000e+03
2.964088623046875000e+03
2.953284179687500000e+03
2.969570312500000000e+03
2.968421386718750000e+03
2.974431640625000000e+03
2.986484863281250000e+03
3.003807861328125000e+03
2.992967285156250000e+03
2.975936523437500000e+03
2.960309326171875000e+03
2.941139648437500000e+03
2.923163085937500000e+03
2.915480712890625000e+03
2.888652587890625000e+03
2.908879882812500000e+03
2.909618408203125000e+03
2.914047607421875000e+03
2.946415283203125000e+03
2.956701660156250000e+03
2.929375976562500000e+03
2.897804931640625000e+03
2.859207031250000000e+03
2.866193603515625000e+03
2.855442382812500000e+03
2.853672363281250000e+03
2.860692626953125000e+03
2.872387939453125000e+03
2.873247070312500000e+03
2.872086181640625000e+03
2.865340332031250000e+03
2.875389648437500000e+03
2.897461914062500000e+03
2.935403320312500000e+03
2.947583007812500000e+03
2.981424072265625000e+03
2.958275634765625000e+03
2.925594238281250000e+03
2.848015380859375000e+03
2.837010742187500000e+03
2.801767333984375000e+03
2.809674316406250000e+03
2.809063720703125000e+03
2.845434082031250000e+03
2.852697021484375000e+03
2.814001953125000000e+03
2.828737548828125000e+03
2.808037353515625000e+03
2.782076416015625000e+03
2.785835449218750000e+03
2.756352050781250000e+03
2.758187744140625000e+03
2.770793701171875000e+03
2.793802490234375000e+03
2.830515625000000000e+03
2.849100585937500000e+03
2.848646972656250000e+03
2.863981201171875000e+03
2.815463867187500000e+03
2.763002685546875000e+03
2.746875244140625000e+03
2.722006591796875000e+03
2.751314941406250000e+03
2.766264892578125000e+03
2.784989501953125000e+03
2.746766601562500000e+03
2.700716552734375000e+03
2.694209472656250000e+03
2.709866699218750000e+03
2.710376708984375000e+03
2.724399414062500000e+03
2.712502441406250000e+03
2.747049560546875000e+03
2.742468750000000000e+03
2.728509033203125000e+03
2.740190429687500000e+03
2.695155029296875000e+03
2.665479492187500000e+03
2.649768798828125000e+03
2.647966064453125000e+03
2.686253173828125000e+03
2.736688964843750000e+03
2.797000244140625000e+03
2.834822998046875000e+03
2.855632568359375000e+03
2.787064453125000000e+03
2.716174560546875000e+03
2.679812255859375000e+03
2.634775146484375000e+03
2.610871337890625000e+03
2.652394287109375000e+03
2.686434082031250000e+03
2.680370849609375000e+03
2.666602294921875000e+03
2.633321044921875000e+03
2.592080566406250000e+03
2.608520751953125000e+03
2.593041259765625000e+03
2.607209472656250000e+03
2.616447265625000000e+03
2.606600585937500000e+03
2.628416259765625000e+03
2.649087402343750000e+03
2.640177246093750000e+03
2.612924560546875000e+03
2.580984375000000000e+03
2.571703369140625000e+03
2.565478027343750000e+03
2.569013916015625000e+03
2.567244384765625000e+03
2.581309570312500000e+03
2.633112060546875000e+03
2.662556884765625000e+03
2.666230224609375000e+03
2.643136718750000000e+03
2.606435058593750000e+03
2.589443359375000000e+03
2.582576904296875000e+03
2.552732421875000000e+03
2.511245361328125000e+03
2.524793945312500000e+03
2.503293701171875000e+03
2.513138671875000000e+03
2.531025146484375000e+03
2.518623535156250000e+03
2.547745849609375000e+03
2.570326416015625000e+03
2.613213378906250000e+03
2.622478759765625000e+03
2.634812988281250000e+03
2.649441894531250000e+03
2.632684570312500000e+03
2.588087402343750000e+03
2.510683837890625000e+03
2.468503662109375000e+03
2.470501708984375000e+03
2.469093261718750000e+03
2.482691894531250000e+03
2.488510986328125000e+03
2.480178466796875000e+03
2.491633789062500000e+03
2.469413330078125000e+03
2.471900390625000000e+03
2.462584716796875000e+03
2.456242431640625000e+03
2.466795410156250000e+03
2.466604003906250000e+03
2.481217041015625000e+03
2.523358398437500000e+03
2.584892333984375000e+03
2.602875732421875000e+03
2.576328857421875000e+03
2.529722167968750000e+03
2.457676269531250000e+03
2.426397949218750000e+03
2.430855224609375000e+03
2.420764648437500000e+03
2.446480712890625000e+03
2.477695800781250000e+03
2.496465087890625000e+03
2.488180419921875000e+03
2.457762207031250000e+03
2.459913574218750000e+03
2.441736083984375000e+03
2.432350341796875000e+03
2.443912841796875000e+03
2.417572998046875000e+03
2.396881591796875000e+03
2.379045898437500000e+03
2.384224365234375000e+03
2.357459716796875000e+03
2.366135498046875000e+03
2.350446044921875000e+03
2.359604003906250000e+03
2.351749755859375000e+03
2.356792236328125000e+03
2.366214355468750000e+03
2.381738525390625000e+03
2.404312744140625000e+03
2.476734863281250000e+03
2.570286865234375000e+03
2.612062744140625000e+03
2.625207519531250000e+03
2.515488769531250000e+03
2.396371826171875000e+03
2.330328857421875000e+03
2.331024658203125000e+03
2.396630371093750000e+03
2.420063720703125000e+03
2.479681884765625000e+03
2.513708740234375000e+03
2.476403076171875000e+03
2.398442871093750000e+03
2.363832275390625000e+03
2.295618408203125000e+03
2.298953857421875000e+03
2.325936279296875000e+03
2.355171142578125000e+03
2.376369873046875000e+03
2.371930664062500000e+03
2.370601074218750000e+03
2.336874755859375000e+03
2.329267822265625000e+03
2.312205078125000000e+03
2.271354736328125000e+03
2.270784179687500000e+03
2.271839355468750000e+03
2.248884277343750000e+03
2.280109863281250000e+03
2.286210693359375000e+03
2.296051269531250000e+03
2.289600585937500000e+03
2.313692382812500000e+03
2.327174804687500000e+03
2.344510253906250000e+03
2.369637939453125000e+03
2.347476806640625000e+03
2.333952880859375000e+03
2.297415771484375000e+03
2.252588378906250000e+03
2.237501220703125000e+03
2.231142333984375000e+03
2.234677001953125000e+03
2.213219238281250000e+03
2.218659912109375000e+03
2.213228515625000000e+03
2.199982421875000000e+03
2.199239746093750000e+03
2.201421386718750000e+03
2.190204101562500000e+03
2.200714355468750000e+03
2.190642578125000000e+03
2.193645507812500000e+03
2.222233642578125000e+03
2.273308349609375000e+03
2.396152343750000000e+03
2.597371093750000000e+03
2.666473876953125000e+03
2.471957763671875000e+03
2.242894287109375000e+03
2.173901367187500000e+03
2.237006103515625000e+03
2.345305419921875000e+03
2.413541015625000000e+03
2.380080566406250000e+03
2.289244873046875000e+03
2.184627197265625000e+03
2.146038574218750000e+03
2.181181396484375000e+03
2.234029541015625000e+03
2.336834960937500000e+03
2.376277587890625000e+03
2.325299072265625000e+03
2.220304687500000000e+03
2.168065429687500000e+03
2.145719970703125000e+03
2.159888427734375000e+03
2.209204101562500000e+03
2.202878417968750000e+03
2.229140380859375000e+03
2.202361083984375000e+03
2.204707275390625000e+03
2.194189941406250000e+03
2.191340087890625000e+03
2.193602050781250000e+03
2.172088378906250000e+03
2.146883544921875000e+03
2.135556884765625000e+03
2.127804199218750000e+03
2.100023925781250000e+03
2.094942382812500000e+03
2.109936523437500000e+03
2.104897705078125000e+03
2.178368408203125000e+03
2.204989013671875000e+03
2.298514892578125000e+03
2.382662841796875000e+03
2.312089355468750000e+03
2.234184570312500000e+03
2.103755371093750000e+03
2.086264892578125000e+03
2.149265869140625000e+03
2.202716796875000000e+03
2.284197998046875000e+03
2.238056396484375000e+03
2.186582519531250000e+03
2.091502441406250000e+03
2.064327880859375000e+03
2.071144531250000000e+03
2.085037597656250000e+03
2.131255615234375000e+03
2.172946533203125000e+03
2.227905761718750000e+03
2.217819091796875000e+03
2.188905273437500000e+03
2.094837890625000000e+03
2.042293945312500000e+03
2.023559204101562500e+03
2.055630859375000000e+03
2.125168212890625000e+03
2.158200439453125000e+03
2.195573730468750000e+03
2.184095947265625000e+03
2.151280517578125000e+03
2.092743408203125000e+03
2.062301025390625000e+03
2.023387084960937500e+03
2.017509765625000000e+03
2.061750732421875000e+03
2.093529052734375000e+03
2.145399902343750000e+03
2.174100097656250000e+03
2.162502929687500000e+03
2.105132080078125000e+03
2.055873046875000000e+03
2.015399169921875000e+03
1.996982788085937500e+03
2.003519653320312500e+03
2.018912963867187500e+03
2.047990356445312500e+03
2.077319580078125000e+03
2.113939697265625000e+03
2.106891357421875000e+03
2.128879638671875000e+03
2.114394042968750000e+03
2.090501220703125000e+03
2.022869140625000000e+03
2.004082275390625000e+03
1.976958251953125000e+03
1.964461181640625000e+03
1.966759155273437500e+03
2.016418701171875000e+03
2.089890625000000000e+03
2.212240722656250000e+03
2.243225097656250000e+03
2.165999023437500000e+03
2.061956542968750000e+03
1.976927612304687500e+03
1.948914184570312500e+03
1.982354003906250000e+03
2.027344848632812500e+03
2.056531738281250000e+03
2.054439453125000000e+03
2.076126464843750000e+03
2.048705078125000000e+03
2.025338500976562500e+03
1.992263671875000000e+03
1.944585693359375000e+03
1.949307006835937500e+03
1.928763671875000000e+03
1.933220947265625000e+03
1.946982788085937500e+03
1.991642700195312500e+03
2.052628906250000000e+03
2.122166015625000000e+03
2.102725585937500000e+03
2.080850585937500000e+03
1.989543090820312500e+03
1.937135253906250000e+03
1.916476806640625000e+03
1.904570434570312500e+03
1.921732177734375000e+03
1.933513305664062500e+03
1.977837158203125000e+03
2.017110839843750000e+03
2.091993164062500000e+03
2.110177734375000000e+03
2.056149414062500000e+03
1.981656616210937500e+03
1.942882934570312500e+03
1.897376342773437500e+03
1.882651611328125000e+03
1.899695190429687500e+03
1.936910034179687500e+03
1.993752807617187500e+03
2.040604003906250000e+03
2.077765380859375000e+03
2.027525146484375000e+03
1.988069335937500000e+03
1.939100585937500000e+03
1.932129272460937500e+03
1.894510131835937500e+03
1.876775634765625000e+03
1.855854614257812500e+03
1.861688964843750000e+03
1.846700317382812500e+03
1.852323608398437500e+03
1.846891479492187500e+03
1.867180664062500000e+03
1.862085327148437500e+03
1.901267822265625000e+03
2.029677001953125000e+03
2.176992919921875000e+03
2.194574707031250000e+03
2.041347290039062500e+03
1.920579345703125000e+03
1.837528320312500000e+03
1.880828125000000000e+03
2.002603515625000000e+03
2.078260009765625000e+03
2.076557861328125000e+03
1.940871093750000000e+03
1.868154785156250000e+03
1.832052001953125000e+03
1.814788330078125000e+03
1.844735351562500000e+03
1.889442626953125000e+03
1.950841796875000000e+03
2.026447143554687500e+03
2.070992431640625000e+03
1.979837524414062500e+03
1.907851684570312500e+03
1.833692138671875000e+03
1.803100952148437500e+03
1.813291259765625000e+03
1.845174926757812500e+03
1.922824096679687500e+03
1.986124145507812500e+03
2.015917480468750000e+03
1.986042114257812500e+03
1.897765625000000000e+03
1.827833374023437500e+03
1.797809204101562500e+03
1.794667480468750000e+03
1.771866943359375000e+03
1.808630859375000000e+03
1.828990478515625000e+03
1.915163818359375000e+03
1.999022460937500000e+03
2.013130126953125000e+03
1.953817138671875000e+03
1.891248168945312500e+03
1.808539184570312500e+03
1.783236816406250000e+03
1.757073486328125000e+03
1.801602661132812500e+03
1.886605834960937500e+03
1.938126586914062500e+03
2.002824829101562500e+03
1.957284667968750000e+03
1.877052001953125000e+03
1.788786987304687500e+03
1.755277099609375000e+03
1.757152832031250000e+03
1.803100952148437500e+03
1.917832031250000000e+03
2.005181030273437500e+03
1.991796752929687500e+03
1.895546630859375000e+03
1.796591308593750000e+03
1.752985351562500000e+03
1.739262451171875000e+03
1.739728271484375000e+03
1.764903930664062500e+03
1.840159790039062500e+03
1.925757812500000000e+03
1.954617187500000000e+03
1.919376464843750000e+03
1.840909301757812500e+03
1.772246826171875000e+03
1.746719970703125000e+03
1.708178466796875000e+03
1.728728637695312500e+03
1.760063598632812500e+03
1.795528686523437500e+03
1.895807861328125000e+03
1.992832031250000000e+03
1.950636108398437500e+03
1.847933349609375000e+03
1.769532836914062500e+03
1.728198120117187500e+03
1.697861694335937500e+03
1.705671875000000000e+03
1.708954956054687500e+03
1.726787597656250000e+03
1.742510009765625000e+03
1.803421997070312500e+03
1.884647827148437500e+03
1.929541015625000000e+03
1.897391967773437500e+03
1.809074951171875000e+03
1.729697143554687500e+03
1.686627807617187500e+03
1.690765869140625000e+03
1.693567871093750000e+03
1.691439453125000000e+03
1.729814819335937500e+03
1.785165283203125000e+03
1.860641479492187500e+03
1.939646850585937500e+03
1.919029663085937500e+03
1.812717041015625000e+03
1.727218872070312500e+03
1.697342163085937500e+03
